Step,price,liquidity,iteration,scenario,region,coin
1,250001.03086293116,6300012500000.0,367,S4_twin_shock_cex_intervention,eurozone,USDC
2,187502.0,6300021875000.0,367,S4_twin_shock_cex_intervention,eurozone,USDC
3,140627.0,6300028906250.0,367,S4_twin_shock_cex_intervention,eurozone,USDC
4,105470.75,6300034179687.5,367,S4_twin_shock_cex_intervention,eurozone,USDC
5,79103.5625,6300038134765.625,367,S4_twin_shock_cex_intervention,eurozone,USDC
6,59328.171875,6300041101074.219,367,S4_twin_shock_cex_intervention,eurozone,USDC
7,44496.62890625,6300043325805.664,367,S4_twin_shock_cex_intervention,eurozone,USDC
8,33372.9716796875,6300044994354.248,367,S4_twin_shock_cex_intervention,eurozone,USDC
9,25030.228759765625,6300046245765.687,367,S4_twin_shock_cex_intervention,eurozone,USDC
10,18773.17156982422,6300047184324.266,367,S4_twin_shock_cex_intervention,eurozone,USDC
11,14080.378677368164,6300047888243.199,367,S4_twin_shock_cex_intervention,eurozone,USDC
12,10560.784008026123,6300048416182.398,367,S4_twin_shock_cex_intervention,eurozone,USDC
13,7921.088006019592,6300048812136.799,367,S4_twin_shock_cex_intervention,eurozone,USDC
14,5941.316004514694,6300049109102.6,367,S4_twin_shock_cex_intervention,eurozone,USDC
15,4456.487003386021,6300049331826.949,367,S4_twin_shock_cex_intervention,eurozone,USDC
16,3342.8652525395155,6300049498870.212,367,S4_twin_shock_cex_intervention,eurozone,USDC
17,2507.6489394046366,6300049624152.659,367,S4_twin_shock_cex_intervention,eurozone,USDC
18,1881.2367045534775,6300049718114.494,367,S4_twin_shock_cex_intervention,eurozone,USDC
19,1411.427528415108,6300049788585.871,367,S4_twin_shock_cex_intervention,eurozone,USDC
20,1059.070646311331,6300049841439.402,367,S4_twin_shock_cex_intervention,eurozone,USDC
21,794.8029847334983,6300049881079.552,367,S4_twin_shock_cex_intervention,eurozone,USDC
22,596.6022385501237,6300049910809.664,367,S4_twin_shock_cex_intervention,eurozone,USDC
23,447.9516789125928,6300049933107.248,367,S4_twin_shock_cex_intervention,eurozone,USDC
24,336.4637591844446,6300049949830.437,367,S4_twin_shock_cex_intervention,eurozone,USDC
25,252.84781938833345,6300049962372.827,367,S4_twin_shock_cex_intervention,eurozone,USDC
26,190.1358645412501,6300049971779.62,367,S4_twin_shock_cex_intervention,eurozone,USDC
27,143.1018984059376,6300049978834.715,367,S4_twin_shock_cex_intervention,eurozone,USDC
28,107.82642380445319,6300049984126.035,367,S4_twin_shock_cex_intervention,eurozone,USDC
29,81.3698178533399,6300049988094.526,367,S4_twin_shock_cex_intervention,eurozone,USDC
30,61.52736339000492,6300049991070.895,367,S4_twin_shock_cex_intervention,eurozone,USDC
31,46.6455225425037,6300049993303.171,367,S4_twin_shock_cex_intervention,eurozone,USDC
32,35.484141906877774,6300049994977.379,367,S4_twin_shock_cex_intervention,eurozone,USDC
33,27.11310643015833,6300049996233.033,367,S4_twin_shock_cex_intervention,eurozone,USDC
34,20.834829822618744,6300049997174.775,367,S4_twin_shock_cex_intervention,eurozone,USDC
35,16.12612236696406,6300049997881.081,367,S4_twin_shock_cex_intervention,eurozone,USDC
36,12.594591775223044,6300049998410.811,367,S4_twin_shock_cex_intervention,eurozone,USDC
37,9.945943831417281,6300049998808.107,367,S4_twin_shock_cex_intervention,eurozone,USDC
38,7.959457873562963,6300049999106.08,367,S4_twin_shock_cex_intervention,eurozone,USDC
39,6.469593405172222,6300049999329.56,367,S4_twin_shock_cex_intervention,eurozone,USDC
40,5.352195053879166,6300049999497.169,367,S4_twin_shock_cex_intervention,eurozone,USDC
41,4.514146290409375,6300049999622.876,367,S4_twin_shock_cex_intervention,eurozone,USDC
42,3.8856097178070312,6300049999717.156,367,S4_twin_shock_cex_intervention,eurozone,USDC
43,3.414207288355273,6300049999787.867,367,S4_twin_shock_cex_intervention,eurozone,USDC
44,3.060655466266455,6300049999840.899,367,S4_twin_shock_cex_intervention,eurozone,USDC
45,2.795491599699841,6300049999880.674,367,S4_twin_shock_cex_intervention,eurozone,USDC
46,2.596618699774881,6300049999910.505,367,S4_twin_shock_cex_intervention,eurozone,USDC
47,2.4474640248311608,6300049999932.878,367,S4_twin_shock_cex_intervention,eurozone,USDC
48,2.3355980186233705,6300049999949.658,367,S4_twin_shock_cex_intervention,eurozone,USDC
49,2.251698513967528,6300049999962.243,367,S4_twin_shock_cex_intervention,eurozone,USDC
50,2.188773885475646,6300049999971.682,367,S4_twin_shock_cex_intervention,eurozone,USDC
51,2.1415804141067345,6300049999978.761,367,S4_twin_shock_cex_intervention,eurozone,USDC
52,2.106185310580051,6300049999984.07,367,S4_twin_shock_cex_intervention,eurozone,USDC
53,2.079638982935038,6300049999988.053,367,S4_twin_shock_cex_intervention,eurozone,USDC
54,2.0421252193390607,6300049999991.039,367,S4_twin_shock_cex_intervention,eurozone,USDC
55,2.013082074320229,6300049999993.279,367,S4_twin_shock_cex_intervention,eurozone,USDC
56,1.9433586902107876,6300049999994.959,367,S4_twin_shock_cex_intervention,eurozone,USDC
57,1.8731137455079399,6300049999996.219,367,S4_twin_shock_cex_intervention,eurozone,USDC
58,1.8490443906147562,6300049999997.164,367,S4_twin_shock_cex_intervention,eurozone,USDC
59,1.784098077027796,6300049999997.873,367,S4_twin_shock_cex_intervention,eurozone,USDC
60,1.7128017043657664,6300049999998.404,367,S4_twin_shock_cex_intervention,eurozone,USDC
61,1.603351920214069,6300049999998.803,367,S4_twin_shock_cex_intervention,eurozone,USDC
62,1.4967706729474328,6300049999999.102,367,S4_twin_shock_cex_intervention,eurozone,USDC
63,1.3988178049979165,6300049999999.326,367,S4_twin_shock_cex_intervention,eurozone,USDC
64,1.3250759462839248,6300049999999.494,367,S4_twin_shock_cex_intervention,eurozone,USDC
65,1.2915818231584182,6300049999999.62,367,S4_twin_shock_cex_intervention,eurozone,USDC
66,1.2329757587711216,6300049999999.715,367,S4_twin_shock_cex_intervention,eurozone,USDC
67,1.2517115908227976,6300049999999.785,367,S4_twin_shock_cex_intervention,eurozone,USDC
68,1.2563864175868382,6300049999999.839,367,S4_twin_shock_cex_intervention,eurozone,USDC
69,1.2240379265121573,6300049999999.879,367,S4_twin_shock_cex_intervention,eurozone,USDC
70,1.2176339470284425,6300049999999.908,367,S4_twin_shock_cex_intervention,eurozone,USDC
71,1.2166070802399,6300049999999.932,367,S4_twin_shock_cex_intervention,eurozone,USDC
72,1.20023588432454,6300049999999.948,367,S4_twin_shock_cex_intervention,eurozone,USDC
73,1.1619708215216664,6300049999999.961,367,S4_twin_shock_cex_intervention,eurozone,USDC
74,1.1386697400229167,6300049999999.971,367,S4_twin_shock_cex_intervention,eurozone,USDC
75,1.1644579506238673,6300049999999.978,367,S4_twin_shock_cex_intervention,eurozone,USDC
76,1.1528302217429454,6300049999999.982,367,S4_twin_shock_cex_intervention,eurozone,USDC
77,1.0725644053797014,6300049999999.986,367,S4_twin_shock_cex_intervention,eurozone,USDC
78,1.050069506933183,6300049999999.989,367,S4_twin_shock_cex_intervention,eurozone,USDC
79,1.0011101977056067,6300049999999.989,367,S4_twin_shock_cex_intervention,eurozone,USDC
80,0.9963271832617876,6300049999999.989,367,S4_twin_shock_cex_intervention,eurozone,USDC
81,0.9747054443683401,6300049999999.991,367,S4_twin_shock_cex_intervention,eurozone,USDC
82,0.9852642284382008,6300049999999.991,367,S4_twin_shock_cex_intervention,eurozone,USDC
83,1.0050248964793287,6300049999999.991,367,S4_twin_shock_cex_intervention,eurozone,USDC
84,1.0456670635583216,6300049999999.993,367,S4_twin_shock_cex_intervention,eurozone,USDC
85,1.0772653723105892,6300049999999.994,367,S4_twin_shock_cex_intervention,eurozone,USDC
86,1.0602688129733944,6300049999999.995,367,S4_twin_shock_cex_intervention,eurozone,USDC
87,1.0285028944035597,6300049999999.996,367,S4_twin_shock_cex_intervention,eurozone,USDC
88,1.0300799355817332,6300049999999.996,367,S4_twin_shock_cex_intervention,eurozone,USDC
89,1.049989763638082,6300049999999.997,367,S4_twin_shock_cex_intervention,eurozone,USDC
90,1.0261327794331105,6300049999999.997,367,S4_twin_shock_cex_intervention,eurozone,USDC
91,1.009159522479455,6300049999999.997,367,S4_twin_shock_cex_intervention,eurozone,USDC
92,1.0112954550257627,6300049999999.997,367,S4_twin_shock_cex_intervention,eurozone,USDC
93,1.0106653026713233,6300049999999.997,367,S4_twin_shock_cex_intervention,eurozone,USDC
94,1.0067382205862652,6300049999999.997,367,S4_twin_shock_cex_intervention,eurozone,USDC
95,0.977612044758199,6300049999999.997,367,S4_twin_shock_cex_intervention,eurozone,USDC
96,0.9868355379651035,6300049999999.997,367,S4_twin_shock_cex_intervention,eurozone,USDC
97,1.060989835560479,6300049999999.997,367,S4_twin_shock_cex_intervention,eurozone,USDC
98,1.0392363574462793,6300049999999.997,367,S4_twin_shock_cex_intervention,eurozone,USDC
99,0.9977651350315963,6300049999999.997,367,S4_twin_shock_cex_intervention,eurozone,USDC
100,0.9669317809420246,6300049999999.997,367,S4_twin_shock_cex_intervention,eurozone,USDC
101,0.8078375146206772,6299723038823.416,367,S4_twin_shock_cex_intervention,eurozone,USDC
102,0.8107775418278653,6279543415195.012,367,S4_twin_shock_cex_intervention,eurozone,USDC
103,0.8183484366446987,6262911231165.574,367,S4_twin_shock_cex_intervention,eurozone,USDC
104,0.8596300567118488,6249018504745.021,367,S4_twin_shock_cex_intervention,eurozone,USDC
105,0.8816431271521532,6240488329882.026,367,S4_twin_shock_cex_intervention,eurozone,USDC
106,0.8685278095528455,6234572581970.738,367,S4_twin_shock_cex_intervention,eurozone,USDC
107,0.8754452856847365,6228515654954.139,367,S4_twin_shock_cex_intervention,eurozone,USDC
108,0.8814241545333777,6223437856634.216,367,S4_twin_shock_cex_intervention,eurozone,USDC
109,0.8821575507562038,6218927989461.886,367,S4_twin_shock_cex_intervention,eurozone,USDC
110,0.8907536205864904,6215044746604.643,367,S4_twin_shock_cex_intervention,eurozone,USDC
111,0.9086020026276326,6211771979552.373,367,S4_twin_shock_cex_intervention,eurozone,USDC
112,0.803488276589382,6209562012199.758,367,S4_twin_shock_cex_intervention,eurozone,USDC
113,0.8302528819916829,6203825682285.115,367,S4_twin_shock_cex_intervention,eurozone,USDC
114,0.8611200559046903,6199709597509.5205,367,S4_twin_shock_cex_intervention,eurozone,USDC
115,0.8909089618861874,6196951824122.654,367,S4_twin_shock_cex_intervention,eurozone,USDC
116,0.9112078810133798,6195213257260.6455,367,S4_twin_shock_cex_intervention,eurozone,USDC
117,0.9251449769699719,6193994824262.277,367,S4_twin_shock_cex_intervention,eurozone,USDC
118,0.9254978175037702,6193072529879.17,367,S4_twin_shock_cex_intervention,eurozone,USDC
119,0.9214019358129415,6192248363366.563,367,S4_twin_shock_cex_intervention,eurozone,USDC
120,0.9210124480718022,6191385812327.514,367,S4_twin_shock_cex_intervention,eurozone,USDC
121,0.9038229862926058,6035793544734.58,367,S4_twin_shock_cex_intervention,eurozone,USDC
122,0.853718333867078,5883827416063.652,367,S4_twin_shock_cex_intervention,eurozone,USDC
123,0.86942872470009,5734930742872.803,367,S4_twin_shock_cex_intervention,eurozone,USDC
124,0.8369582800769908,5590186540912.756,367,S4_twin_shock_cex_intervention,eurozone,USDC
125,0.8489988025911299,5448839875098.927,367,S4_twin_shock_cex_intervention,eurozone,USDC
126,0.8280847741166707,5311392642059.691,367,S4_twin_shock_cex_intervention,eurozone,USDC
127,0.8227343245734504,5177286208272.629,367,S4_twin_shock_cex_intervention,eurozone,USDC
128,0.8227394613532082,5046706305074.017,367,S4_twin_shock_cex_intervention,eurozone,USDC
129,0.8240729172747686,4919581812383.098,367,S4_twin_shock_cex_intervention,eurozone,USDC
130,0.8407284373615288,4795748726656.687,367,S4_twin_shock_cex_intervention,eurozone,USDC
131,0.8288109909068108,4675259273251.876,367,S4_twin_shock_cex_intervention,eurozone,USDC
132,0.8488259822207137,4557795551976.592,367,S4_twin_shock_cex_intervention,eurozone,USDC
133,0.8600005974929632,4443412010867.185,367,S4_twin_shock_cex_intervention,eurozone,USDC
134,0.8499354320095386,4331969838870.4263,367,S4_twin_shock_cex_intervention,eurozone,USDC
135,0.8273495997725726,4223339618574.6274,367,S4_twin_shock_cex_intervention,eurozone,USDC
136,0.8303695794717829,4117409106237.174,367,S4_twin_shock_cex_intervention,eurozone,USDC
137,0.8092341774587154,4014175928176.7617,367,S4_twin_shock_cex_intervention,eurozone,USDC
138,0.8093976268423565,3913526809941.376,367,S4_twin_shock_cex_intervention,eurozone,USDC
139,0.7951500678415051,3815437067086.7417,367,S4_twin_shock_cex_intervention,eurozone,USDC
140,0.7793457469512899,3719831525867.2617,367,S4_twin_shock_cex_intervention,eurozone,USDC
141,0.7799813672662307,3626637687949.334,367,S4_twin_shock_cex_intervention,eurozone,USDC
142,0.7772342174403027,3535808409820.8145,367,S4_twin_shock_cex_intervention,eurozone,USDC
143,0.7706634757404158,3447276700406.8584,367,S4_twin_shock_cex_intervention,eurozone,USDC
144,0.7671079965277005,3360988187862.0654,367,S4_twin_shock_cex_intervention,eurozone,USDC
145,0.7637770647098505,3276875988180.2124,367,S4_twin_shock_cex_intervention,eurozone,USDC
146,0.7822525385393262,3194882681936.5786,367,S4_twin_shock_cex_intervention,eurozone,USDC
147,0.7807147435148385,3114957598570.147,367,S4_twin_shock_cex_intervention,eurozone,USDC
148,0.7803628272266244,3037039272227.4,367,S4_twin_shock_cex_intervention,eurozone,USDC
149,0.8091270419513377,2961077357206.2725,367,S4_twin_shock_cex_intervention,eurozone,USDC
150,0.806305069684326,2887026782516.9644,367,S4_twin_shock_cex_intervention,eurozone,USDC
151,0.821413118749144,2814829965391.664,367,S4_twin_shock_cex_intervention,eurozone,USDC
152,0.8182066755150346,2744443509647.2695,367,S4_twin_shock_cex_intervention,eurozone,USDC
153,0.7394574011367152,2675819028494.9272,367,S4_twin_shock_cex_intervention,eurozone,USDC
154,0.7811752572267511,2608905785474.713,367,S4_twin_shock_cex_intervention,eurozone,USDC
155,0.7525791814934639,2543671932216.6562,367,S4_twin_shock_cex_intervention,eurozone,USDC
156,0.7737448158610398,2480069845542.1885,367,S4_twin_shock_cex_intervention,eurozone,USDC
157,0.7756714313899794,2418060333896.7266,367,S4_twin_shock_cex_intervention,eurozone,USDC
158,0.648991247561993,2357602927709.3594,367,S4_twin_shock_cex_intervention,eurozone,USDC
159,0.6657965436469974,2298654971672.159,367,S4_twin_shock_cex_intervention,eurozone,USDC
160,0.671110047919385,2241183414531.003,367,S4_twin_shock_cex_intervention,eurozone,USDC
161,0.6767959150857914,2185150304633.5137,367,S4_twin_shock_cex_intervention,eurozone,USDC
162,0.677712733875477,2130519090212.4907,367,S4_twin_shock_cex_intervention,eurozone,USDC
163,0.6952109854637077,2077254466620.4805,367,S4_twin_shock_cex_intervention,eurozone,USDC
164,0.7052713022969332,2025322028052.405,367,S4_twin_shock_cex_intervention,eurozone,USDC
165,0.7140373821038413,1974688202799.7168,367,S4_twin_shock_cex_intervention,eurozone,USDC
166,0.728864892714797,1925320424269.625,367,S4_twin_shock_cex_intervention,eurozone,USDC
167,0.7336989051005878,1877187038338.462,367,S4_twin_shock_cex_intervention,eurozone,USDC
168,0.7488879060886743,1830257064102.4946,367,S4_twin_shock_cex_intervention,eurozone,USDC
169,0.7496959317133758,1784500430514.2288,367,S4_twin_shock_cex_intervention,eurozone,USDC
170,0.73955765683257,1739887756420.7158,367,S4_twin_shock_cex_intervention,eurozone,USDC
171,0.7322760582898381,1696390435487.8604,367,S4_twin_shock_cex_intervention,eurozone,USDC
172,0.7487417224892913,1653980573496.5525,367,S4_twin_shock_cex_intervention,eurozone,USDC
173,0.7469654210872242,1612630984412.9246,367,S4_twin_shock_cex_intervention,eurozone,USDC
174,0.7609949475651551,1572315152715.117,367,S4_twin_shock_cex_intervention,eurozone,USDC
175,0.7675870165818709,1533007232541.3237,367,S4_twin_shock_cex_intervention,eurozone,USDC
176,0.767698814702339,1494682020747.6392,367,S4_twin_shock_cex_intervention,eurozone,USDC
177,0.7826198425316881,1457314944468.105,367,S4_twin_shock_cex_intervention,eurozone,USDC
178,0.7859683092905455,1420882053067.345,367,S4_twin_shock_cex_intervention,eurozone,USDC
179,0.7940942653854502,1385359987450.936,367,S4_twin_shock_cex_intervention,eurozone,USDC
180,0.7576987299729312,1350725976551.0825,367,S4_twin_shock_cex_intervention,eurozone,USDC
181,0.7587075259118339,1316957815896.8118,367,S4_twin_shock_cex_intervention,eurozone,USDC
182,0.7745931597701102,1284033861274.813,367,S4_twin_shock_cex_intervention,eurozone,USDC
183,0.7925891373890456,1251933008164.3518,367,S4_twin_shock_cex_intervention,eurozone,USDC
184,0.7981167546263984,1220634678237.9922,367,S4_twin_shock_cex_intervention,eurozone,USDC
185,0.8186438930768698,1190118807337.164,367,S4_twin_shock_cex_intervention,eurozone,USDC
186,0.7873363930992194,1160365834281.6267,367,S4_twin_shock_cex_intervention,eurozone,USDC
187,0.7576198558903983,1131356685491.0615,367,S4_twin_shock_cex_intervention,eurozone,USDC
188,0.7691237567288505,1103072765518.5625,367,S4_twin_shock_cex_intervention,eurozone,USDC
189,0.7794834568728011,1075495944369.0266,367,S4_twin_shock_cex_intervention,eurozone,USDC
190,0.7773558138093817,1048608544201.3718,367,S4_twin_shock_cex_intervention,eurozone,USDC
191,0.7844132042920586,1022393329344.654,367,S4_twin_shock_cex_intervention,eurozone,USDC
192,0.8059943425410719,996833495118.1289,367,S4_twin_shock_cex_intervention,eurozone,USDC
193,0.8275210952510568,971912657013.2341,367,S4_twin_shock_cex_intervention,eurozone,USDC
194,0.8109412346029348,947614840063.1545,367,S4_twin_shock_cex_intervention,eurozone,USDC
195,0.7825450776469668,923924468561.8105,367,S4_twin_shock_cex_intervention,eurozone,USDC
196,0.7722218671343363,900826356383.9205,367,S4_twin_shock_cex_intervention,eurozone,USDC
197,0.7541300137907762,878305697073.846,367,S4_twin_shock_cex_intervention,eurozone,USDC
198,0.74461422878323,856348054272.3057,367,S4_twin_shock_cex_intervention,eurozone,USDC
199,0.7371996974035662,834939352611.3494,367,S4_twin_shock_cex_intervention,eurozone,USDC
200,0.7512155111478019,814065868568.519,367,S4_twin_shock_cex_intervention,eurozone,USDC
201,0.7531828955321526,793714221678.99,367,S4_twin_shock_cex_intervention,eurozone,USDC
202,0.7581542229506185,773871366002.4629,367,S4_twin_shock_cex_intervention,eurozone,USDC
203,0.747004382892471,754524581752.1055,367,S4_twin_shock_cex_intervention,eurozone,USDC
204,0.7550447435944637,735661467126.9962,367,S4_twin_shock_cex_intervention,eurozone,USDC
205,0.7540771658351398,717269930385.4854,367,S4_twin_shock_cex_intervention,eurozone,USDC
206,0.7460494344300728,699338182079.146,367,S4_twin_shock_cex_intervention,eurozone,USDC
207,0.7599682421267774,681854727488.0801,367,S4_twin_shock_cex_intervention,eurozone,USDC
208,0.7652266020496638,664808359271.8569,367,S4_twin_shock_cex_intervention,eurozone,USDC
209,0.7402700877908371,648188150267.3325,367,S4_twin_shock_cex_intervention,eurozone,USDC
210,0.7535924491887858,631983446490.9264,367,S4_twin_shock_cex_intervention,eurozone,USDC
211,0.7711223429196636,616183860314.3615,367,S4_twin_shock_cex_intervention,eurozone,USDC
212,0.769964102609515,600779263796.4751,367,S4_twin_shock_cex_intervention,eurozone,USDC
213,0.7724548113969304,585759782193.45,367,S4_twin_shock_cex_intervention,eurozone,USDC
214,0.7906515023002902,571115787632.3228,367,S4_twin_shock_cex_intervention,eurozone,USDC
215,0.7857485182559456,556837892936.8141,367,S4_twin_shock_cex_intervention,eurozone,USDC
216,0.7818371134426144,542916945609.3369,367,S4_twin_shock_cex_intervention,eurozone,USDC
217,0.7681418020766927,529344021965.66425,367,S4_twin_shock_cex_intervention,eurozone,USDC
218,0.7625036467478424,516110421413.7196,367,S4_twin_shock_cex_intervention,eurozone,USDC
219,0.7730980794018,503207660875.9192,367,S4_twin_shock_cex_intervention,eurozone,USDC
220,0.780961214388175,490627469352.26135,367,S4_twin_shock_cex_intervention,eurozone,USDC
221,0.7805877635201203,478361782617.0669,367,S4_twin_shock_cex_intervention,eurozone,USDC
222,0.7659294976166952,466402738050.53796,367,S4_twin_shock_cex_intervention,eurozone,USDC
223,0.7633747972281254,454742669598.32654,367,S4_twin_shock_cex_intervention,eurozone,USDC
224,0.73053204683371,443374102857.5521,367,S4_twin_shock_cex_intervention,eurozone,USDC
225,0.7722597251964782,432289750285.39575,367,S4_twin_shock_cex_intervention,eurozone,USDC
226,0.7688740297157384,421482506527.81006,367,S4_twin_shock_cex_intervention,eurozone,USDC
227,0.7934658472970205,410945443864.23175,367,S4_twin_shock_cex_intervention,eurozone,USDC
228,0.785186972534433,400671807767.375,367,S4_twin_shock_cex_intervention,eurozone,USDC
229,0.8057469598150481,390655012572.95953,367,S4_twin_shock_cex_intervention,eurozone,USDC
230,0.7837059251074959,380888637258.46924,367,S4_twin_shock_cex_intervention,eurozone,USDC
231,0.749376283928761,371366421326.854,367,S4_twin_shock_cex_intervention,eurozone,USDC
232,0.7372409420598577,362082260793.53204,367,S4_twin_shock_cex_intervention,eurozone,USDC
233,0.7820888908022479,353030204273.57324,367,S4_twin_shock_cex_intervention,eurozone,USDC
234,0.7876611540784787,344204449166.65814,367,S4_twin_shock_cex_intervention,eurozone,USDC
235,0.8056778481273422,335599337937.4324,367,S4_twin_shock_cex_intervention,eurozone,USDC
236,0.781847792077075,327209354488.95483,367,S4_twin_shock_cex_intervention,eurozone,USDC
237,0.6814962438367078,319029120626.69183,367,S4_twin_shock_cex_intervention,eurozone,USDC
238,0.6842647138475781,311053392610.97437,367,S4_twin_shock_cex_intervention,eurozone,USDC
239,0.7021500524889475,303277057795.6646,367,S4_twin_shock_cex_intervention,eurozone,USDC
240,0.7212581160115814,295695131350.74866,367,S4_twin_shock_cex_intervention,eurozone,USDC
241,0.7473735979494227,288302753066.9638,367,S4_twin_shock_cex_intervention,eurozone,USDC
242,0.7627144930204832,281095184240.2787,367,S4_twin_shock_cex_intervention,eurozone,USDC
243,0.7645443967131681,274067804634.2637,367,S4_twin_shock_cex_intervention,eurozone,USDC
244,0.7799488108550752,267216109518.401,367,S4_twin_shock_cex_intervention,eurozone,USDC
245,0.8002584888682497,260535706780.43634,367,S4_twin_shock_cex_intervention,eurozone,USDC
246,0.7804916377908625,254022314110.92218,367,S4_twin_shock_cex_intervention,eurozone,USDC
247,0.7857281375163432,247671756258.14594,367,S4_twin_shock_cex_intervention,eurozone,USDC
248,0.7862524233006902,241479962351.6899,367,S4_twin_shock_cex_intervention,eurozone,USDC
249,0.7949253388832533,235442963292.89575,367,S4_twin_shock_cex_intervention,eurozone,USDC
250,0.8011467858811855,229556889210.57178,367,S4_twin_shock_cex_intervention,eurozone,USDC
251,0.7796751822835847,223817966980.30627,367,S4_twin_shock_cex_intervention,eurozone,USDC
252,0.789565564752113,218222517805.7975,367,S4_twin_shock_cex_intervention,eurozone,USDC
253,0.7862623669781114,212766954860.6517,367,S4_twin_shock_cex_intervention,eurozone,USDC
254,0.7988752354413698,207447780989.1347,367,S4_twin_shock_cex_intervention,eurozone,USDC
255,0.8008288277943418,202261586464.40573,367,S4_twin_shock_cex_intervention,eurozone,USDC
256,0.8017075827127115,197205046802.7951,367,S4_twin_shock_cex_intervention,eurozone,USDC
257,0.8139523830296006,192274920632.72485,367,S4_twin_shock_cex_intervention,eurozone,USDC
258,0.8189451472571586,187468047616.90643,367,S4_twin_shock_cex_intervention,eurozone,USDC
259,0.8120160012683483,182781346426.48358,367,S4_twin_shock_cex_intervention,eurozone,USDC
260,0.8176575715440603,178211812765.82126,367,S4_twin_shock_cex_intervention,eurozone,USDC
261,0.7973604523207098,173756517446.67554,367,S4_twin_shock_cex_intervention,eurozone,USDC
262,0.7883826301103486,169412604510.50848,367,S4_twin_shock_cex_intervention,eurozone,USDC
263,0.7873828473374309,165177289397.74564,367,S4_twin_shock_cex_intervention,eurozone,USDC
264,0.7650677918329885,161047857162.80188,367,S4_twin_shock_cex_intervention,eurozone,USDC
265,0.7664392330715939,157021660733.73172,367,S4_twin_shock_cex_intervention,eurozone,USDC
266,0.753220489697375,153096119215.38837,367,S4_twin_shock_cex_intervention,eurozone,USDC
267,0.7574953129043024,149268716235.00357,367,S4_twin_shock_cex_intervention,eurozone,USDC
268,0.7378097963507027,145536998329.12842,367,S4_twin_shock_cex_intervention,eurozone,USDC
269,0.7437088389474673,141898573370.90018,367,S4_twin_shock_cex_intervention,eurozone,USDC
270,0.7643037781738112,138351109036.62762,367,S4_twin_shock_cex_intervention,eurozone,USDC
271,0.799539139885128,134892331310.71191,367,S4_twin_shock_cex_intervention,eurozone,USDC
272,0.7930345128040014,131520023027.94409,367,S4_twin_shock_cex_intervention,eurozone,USDC
273,0.7931377769124419,128232022452.24548,367,S4_twin_shock_cex_intervention,eurozone,USDC
274,0.780781298869378,125026221890.93933,367,S4_twin_shock_cex_intervention,eurozone,USDC
275,0.780386631628579,121900566343.66583,367,S4_twin_shock_cex_intervention,eurozone,USDC
276,0.7959867310956384,118853052185.07419,367,S4_twin_shock_cex_intervention,eurozone,USDC
277,0.7823928694477618,115881725880.44733,367,S4_twin_shock_cex_intervention,eurozone,USDC
278,0.811363869469714,112984682733.43614,367,S4_twin_shock_cex_intervention,eurozone,USDC
279,0.8166765584672978,110160065665.10023,367,S4_twin_shock_cex_intervention,eurozone,USDC
280,0.8414254920261514,107406064023.47272,367,S4_twin_shock_cex_intervention,eurozone,USDC
281,0.843330296748837,104720912422.8859,367,S4_twin_shock_cex_intervention,eurozone,USDC
282,0.8415690272788015,102102889612.31377,367,S4_twin_shock_cex_intervention,eurozone,USDC
283,0.8327297162094711,99550317372.00592,367,S4_twin_shock_cex_intervention,eurozone,USDC
284,0.8116730909162971,97061559437.70576,367,S4_twin_shock_cex_intervention,eurozone,USDC
285,0.8096433133294487,94635020451.76312,367,S4_twin_shock_cex_intervention,eurozone,USDC
286,0.7896836376284653,92269144940.46906,367,S4_twin_shock_cex_intervention,eurozone,USDC
287,0.8173630131424904,89962416316.95732,367,S4_twin_shock_cex_intervention,eurozone,USDC
288,0.824376703168021,87713355909.03339,367,S4_twin_shock_cex_intervention,eurozone,USDC
289,0.8222428259908833,85520522011.30756,367,S4_twin_shock_cex_intervention,eurozone,USDC
290,0.8317611061631522,83382508961.02487,367,S4_twin_shock_cex_intervention,eurozone,USDC
291,0.8301815563639897,81297946236.99925,367,S4_twin_shock_cex_intervention,eurozone,USDC
292,0.8208548780954344,79265497581.07426,367,S4_twin_shock_cex_intervention,eurozone,USDC
293,0.8391955966007196,77283860141.54741,367,S4_twin_shock_cex_intervention,eurozone,USDC
294,0.8168982891892035,75351763638.00873,367,S4_twin_shock_cex_intervention,eurozone,USDC
295,0.8182632946787816,73467969547.0585,367,S4_twin_shock_cex_intervention,eurozone,USDC
296,0.8205256359523384,71631270308.38205,367,S4_twin_shock_cex_intervention,eurozone,USDC
297,0.8150429172292464,69840488550.6725,367,S4_twin_shock_cex_intervention,eurozone,USDC
298,0.8319372218482194,68094476336.905685,367,S4_twin_shock_cex_intervention,eurozone,USDC
299,0.8493375078963432,66392114428.48305,367,S4_twin_shock_cex_intervention,eurozone,USDC
300,0.8567074653893852,64732311567.770966,367,S4_twin_shock_cex_intervention,eurozone,USDC
301,0.837775807170777,63114003778.57669,367,S4_twin_shock_cex_intervention,eurozone,USDC
302,0.8332420250283441,61536153684.112274,367,S4_twin_shock_cex_intervention,eurozone,USDC
303,0.829761985204102,59997749842.00946,367,S4_twin_shock_cex_intervention,eurozone,USDC
304,0.8044683296037162,58497806095.95923,367,S4_twin_shock_cex_intervention,eurozone,USDC
305,0.8133999862972345,57035360943.56025,367,S4_twin_shock_cex_intervention,eurozone,USDC
306,0.7929830922976626,55609476919.971245,367,S4_twin_shock_cex_intervention,eurozone,USDC
307,0.8129313658130346,54219239996.97196,367,S4_twin_shock_cex_intervention,eurozone,USDC
308,0.8028824042336662,52863758997.04767,367,S4_twin_shock_cex_intervention,eurozone,USDC
309,0.8026538892385624,51542165022.121475,367,S4_twin_shock_cex_intervention,eurozone,USDC
310,0.8144928978156132,50253610896.568436,367,S4_twin_shock_cex_intervention,eurozone,USDC
311,0.8115601163257118,48997270624.15422,367,S4_twin_shock_cex_intervention,eurozone,USDC
312,0.8084990431226107,47772338858.55037,367,S4_twin_shock_cex_intervention,eurozone,USDC
313,0.7902838866161769,46578030387.08661,367,S4_twin_shock_cex_intervention,eurozone,USDC
314,0.8194963568407025,45413579627.40944,367,S4_twin_shock_cex_intervention,eurozone,USDC
315,0.8278590889509652,44278240136.724205,367,S4_twin_shock_cex_intervention,eurozone,USDC
316,0.8138812778228192,43171284133.3061,367,S4_twin_shock_cex_intervention,eurozone,USDC
317,0.8112021159600895,42092002029.97345,367,S4_twin_shock_cex_intervention,eurozone,USDC
318,0.8210593129817966,41039701979.22411,367,S4_twin_shock_cex_intervention,eurozone,USDC
319,0.8080549630459337,40013709429.74351,367,S4_twin_shock_cex_intervention,eurozone,USDC
320,0.7877977433961046,39013366693.99992,367,S4_twin_shock_cex_intervention,eurozone,USDC
321,0.7953211785703741,38038032526.64992,367,S4_twin_shock_cex_intervention,eurozone,USDC
322,0.7886721233612437,37087081713.48367,367,S4_twin_shock_cex_intervention,eurozone,USDC
323,0.763773839488381,36159904670.64658,367,S4_twin_shock_cex_intervention,eurozone,USDC
324,0.8084360581208399,35255907053.88042,367,S4_twin_shock_cex_intervention,eurozone,USDC
325,0.8161690797227156,34374509377.53341,367,S4_twin_shock_cex_intervention,eurozone,USDC
326,0.814942923821442,33515146643.095074,367,S4_twin_shock_cex_intervention,eurozone,USDC
327,0.8112591881101238,32677267977.0177,367,S4_twin_shock_cex_intervention,eurozone,USDC
328,0.8117907726860132,31860336277.59226,367,S4_twin_shock_cex_intervention,eurozone,USDC
329,0.8137958688976498,31063827870.65245,367,S4_twin_shock_cex_intervention,eurozone,USDC
330,0.7992979913472128,30287232173.88614,367,S4_twin_shock_cex_intervention,eurozone,USDC
331,0.7899748980657387,29530051369.538982,367,S4_twin_shock_cex_intervention,eurozone,USDC
332,0.7713804697086466,28791800085.30051,367,S4_twin_shock_cex_intervention,eurozone,USDC
333,0.7733821627172128,28072005083.168,367,S4_twin_shock_cex_intervention,eurozone,USDC
334,0.7856047009986465,27370204956.0888,367,S4_twin_shock_cex_intervention,eurozone,USDC
335,0.7893533560797339,26685949832.18658,367,S4_twin_shock_cex_intervention,eurozone,USDC
336,0.7825418473423051,26018801086.38192,367,S4_twin_shock_cex_intervention,eurozone,USDC
337,0.7569655001736638,25368331059.22237,367,S4_twin_shock_cex_intervention,eurozone,USDC
338,0.7714358176101441,24734122782.741814,367,S4_twin_shock_cex_intervention,eurozone,USDC
339,0.7792150844473462,24115769713.173267,367,S4_twin_shock_cex_intervention,eurozone,USDC
340,0.7590034042003221,23512875470.343933,367,S4_twin_shock_cex_intervention,eurozone,USDC
341,0.7820976254087284,22925053583.585335,367,S4_twin_shock_cex_intervention,eurozone,USDC
342,0.7707993588762518,22351927243.995705,367,S4_twin_shock_cex_intervention,eurozone,USDC
343,0.7753158170784552,21793129062.89581,367,S4_twin_shock_cex_intervention,eurozone,USDC
344,0.7636099064670641,21248300836.323414,367,S4_twin_shock_cex_intervention,eurozone,USDC
345,0.7618412305011569,20717093315.41533,367,S4_twin_shock_cex_intervention,eurozone,USDC
346,0.784876625726629,20199165982.529945,367,S4_twin_shock_cex_intervention,eurozone,USDC
347,0.8033765432585743,19694186832.966698,367,S4_twin_shock_cex_intervention,eurozone,USDC
348,0.7919157614728037,19201832162.14253,367,S4_twin_shock_cex_intervention,eurozone,USDC
349,0.794169848989028,18721786358.088963,367,S4_twin_shock_cex_intervention,eurozone,USDC
350,0.8024969501012578,18253741699.13674,367,S4_twin_shock_cex_intervention,eurozone,USDC
351,0.8194232664753884,17797398156.658318,367,S4_twin_shock_cex_intervention,eurozone,USDC
352,0.8374095538589944,17352463202.74186,367,S4_twin_shock_cex_intervention,eurozone,USDC
353,0.8241921625336643,16918651622.673313,367,S4_twin_shock_cex_intervention,eurozone,USDC
354,0.781928166824189,16495685332.106483,367,S4_twin_shock_cex_intervention,eurozone,USDC
355,0.7736857611774551,16083293198.803822,367,S4_twin_shock_cex_intervention,eurozone,USDC
356,0.76953271776354,15681210868.833725,367,S4_twin_shock_cex_intervention,eurozone,USDC
357,0.7632377140918808,15289180597.11288,367,S4_twin_shock_cex_intervention,eurozone,USDC
358,0.7927581648206098,14906951082.185059,367,S4_twin_shock_cex_intervention,eurozone,USDC
359,0.7122269838141526,14534277305.130434,367,S4_twin_shock_cex_intervention,eurozone,USDC
360,0.7292051105164572,14170920372.50217,367,S4_twin_shock_cex_intervention,eurozone,USDC
361,0.7396341391765802,13816647363.18962,367,S4_twin_shock_cex_intervention,eurozone,USDC
362,0.7316472041691292,13471231179.109879,367,S4_twin_shock_cex_intervention,eurozone,USDC
363,0.7432566118130581,13134450399.63213,367,S4_twin_shock_cex_intervention,eurozone,USDC
364,0.7411217497352683,12806089139.641327,367,S4_twin_shock_cex_intervention,eurozone,USDC
365,0.7519402656791708,12485936911.150293,367,S4_twin_shock_cex_intervention,eurozone,USDC
366,0.7683426495937521,12173788488.371536,367,S4_twin_shock_cex_intervention,eurozone,USDC
367,0.7770227783402844,11869443776.162247,367,S4_twin_shock_cex_intervention,eurozone,USDC
368,0.7669156728880127,11572707681.758192,367,S4_twin_shock_cex_intervention,eurozone,USDC
369,0.7623805113322448,11283389989.714237,367,S4_twin_shock_cex_intervention,eurozone,USDC
370,0.7725701596739825,11001305239.97138,367,S4_twin_shock_cex_intervention,eurozone,USDC
371,0.7654790652890396,10726272608.972095,367,S4_twin_shock_cex_intervention,eurozone,USDC
372,0.7729587901103214,10458115793.747793,367,S4_twin_shock_cex_intervention,eurozone,USDC
373,0.8060837989865469,10196662898.904099,367,S4_twin_shock_cex_intervention,eurozone,USDC
374,0.8097105707176506,9941746326.431496,367,S4_twin_shock_cex_intervention,eurozone,USDC
375,0.7824900580803423,9693202668.270708,367,S4_twin_shock_cex_intervention,eurozone,USDC
376,0.7732478854157352,9450872601.563942,367,S4_twin_shock_cex_intervention,eurozone,USDC
377,0.7753855501714786,9214600786.524841,367,S4_twin_shock_cex_intervention,eurozone,USDC
378,0.8039592014799803,8984235766.861721,367,S4_twin_shock_cex_intervention,eurozone,USDC
379,0.8242177742830459,8759629872.690178,367,S4_twin_shock_cex_intervention,eurozone,USDC
380,0.8239458154946568,8540639125.872925,367,S4_twin_shock_cex_intervention,eurozone,USDC
381,0.840748232178771,8327123147.726101,367,S4_twin_shock_cex_intervention,eurozone,USDC
382,0.8424399026304026,8118945069.032948,367,S4_twin_shock_cex_intervention,eurozone,USDC
383,0.8542454477145695,7915971442.307124,367,S4_twin_shock_cex_intervention,eurozone,USDC
384,0.8390483253426733,7718072156.249446,367,S4_twin_shock_cex_intervention,eurozone,USDC
385,0.8556187201900222,7525120352.34321,367,S4_twin_shock_cex_intervention,eurozone,USDC
386,0.8470529531574008,7336992343.53463,367,S4_twin_shock_cex_intervention,eurozone,USDC
387,0.8354299121133291,7153567534.946263,367,S4_twin_shock_cex_intervention,eurozone,USDC
388,0.8419407599756609,6974728346.572607,367,S4_twin_shock_cex_intervention,eurozone,USDC
389,0.8477020432782171,6800360137.908293,367,S4_twin_shock_cex_intervention,eurozone,USDC
390,0.8194757241701979,6630351134.460585,367,S4_twin_shock_cex_intervention,eurozone,USDC
391,0.8100063529288816,6464592356.09907,367,S4_twin_shock_cex_intervention,eurozone,USDC
392,0.7976577035540291,6302977547.196593,367,S4_twin_shock_cex_intervention,eurozone,USDC
393,0.823021085426502,6145403108.516678,367,S4_twin_shock_cex_intervention,eurozone,USDC
394,0.8210972221514554,5991768030.8037615,367,S4_twin_shock_cex_intervention,eurozone,USDC
395,0.8243381160701154,5841973830.033667,367,S4_twin_shock_cex_intervention,eurozone,USDC
396,0.8124758749018876,5695924484.282825,367,S4_twin_shock_cex_intervention,eurozone,USDC
397,0.8174642382339203,5553526372.175755,367,S4_twin_shock_cex_intervention,eurozone,USDC
398,0.8357368716927707,5414688212.871361,367,S4_twin_shock_cex_intervention,eurozone,USDC
399,0.8375011640849047,5279321007.549577,367,S4_twin_shock_cex_intervention,eurozone,USDC
400,0.8260554523402347,5147337982.360837,367,S4_twin_shock_cex_intervention,eurozone,USDC
401,0.8058684049811535,5018654532.801817,367,S4_twin_shock_cex_intervention,eurozone,USDC
402,0.8064195352621838,4893188169.4817705,367,S4_twin_shock_cex_intervention,eurozone,USDC
403,0.8216618349970062,4770858465.244726,367,S4_twin_shock_cex_intervention,eurozone,USDC
404,0.82820665850194,4651587003.613608,367,S4_twin_shock_cex_intervention,eurozone,USDC
405,0.8125274277648465,4535297328.523269,367,S4_twin_shock_cex_intervention,eurozone,USDC
406,0.8340262641316152,4421914895.310186,367,S4_twin_shock_cex_intervention,eurozone,USDC
407,0.8285891225203355,4311367022.927432,367,S4_twin_shock_cex_intervention,eurozone,USDC
408,0.8227624292421201,4203582847.354246,367,S4_twin_shock_cex_intervention,eurozone,USDC
409,0.809145674115196,4098493276.17039,367,S4_twin_shock_cex_intervention,eurozone,USDC
410,0.802100636701825,3996030944.2661304,367,S4_twin_shock_cex_intervention,eurozone,USDC
411,0.796668449645976,3896130170.659477,367,S4_twin_shock_cex_intervention,eurozone,USDC
412,0.7912273872271331,3798726916.3929906,367,S4_twin_shock_cex_intervention,eurozone,USDC
413,0.801568147265386,3703758743.4831657,367,S4_twin_shock_cex_intervention,eurozone,USDC
414,0.7971416795468724,3611164774.8960867,367,S4_twin_shock_cex_intervention,eurozone,USDC
415,0.8084333260130744,3520885655.5236845,367,S4_twin_shock_cex_intervention,eurozone,USDC
416,0.798896507790867,3432863514.1355925,367,S4_twin_shock_cex_intervention,eurozone,USDC
417,0.8066343436185048,3347041926.2822027,367,S4_twin_shock_cex_intervention,eurozone,USDC
418,0.8123078422779537,3263365878.125148,367,S4_twin_shock_cex_intervention,eurozone,USDC
419,0.8036950039646394,3181781731.172019,367,S4_twin_shock_cex_intervention,eurozone,USDC
420,0.8066628434080794,3102237187.8927183,367,S4_twin_shock_cex_intervention,eurozone,USDC
421,0.7914084771994988,3024681258.1954,367,S4_twin_shock_cex_intervention,eurozone,USDC
422,0.7950563413518508,2949064226.740515,367,S4_twin_shock_cex_intervention,eurozone,USDC
423,0.8058145703290557,2875337621.0720024,367,S4_twin_shock_cex_intervention,eurozone,USDC
424,0.8182353063280196,2803454180.5452023,367,S4_twin_shock_cex_intervention,eurozone,USDC
425,0.8106285104883328,2733367826.0315723,367,S4_twin_shock_cex_intervention,eurozone,USDC
426,0.7058163858736641,2665033630.380783,367,S4_twin_shock_cex_intervention,eurozone,USDC
427,0.6974098800697908,2598407789.6212635,367,S4_twin_shock_cex_intervention,eurozone,USDC
428,0.7092418885877981,2533447594.880732,367,S4_twin_shock_cex_intervention,eurozone,USDC
429,0.7253279780972184,2470111405.0087137,367,S4_twin_shock_cex_intervention,eurozone,USDC
430,0.7681137484776899,2408358619.883496,367,S4_twin_shock_cex_intervention,eurozone,USDC
431,0.7635375231009277,2348149654.386409,367,S4_twin_shock_cex_intervention,eurozone,USDC
432,0.7744524906718723,2289445913.0267487,367,S4_twin_shock_cex_intervention,eurozone,USDC
433,0.7573048566209198,2232209765.20108,367,S4_twin_shock_cex_intervention,eurozone,USDC
434,0.7621625329193006,2176404521.071053,367,S4_twin_shock_cex_intervention,eurozone,USDC
435,0.7419316465721227,2121994408.0442762,367,S4_twin_shock_cex_intervention,eurozone,USDC
436,0.749788694642766,2068944547.8431695,367,S4_twin_shock_cex_intervention,eurozone,USDC
437,0.7771581686719454,2017220934.1470904,367,S4_twin_shock_cex_intervention,eurozone,USDC
438,0.7760177583020653,1966790410.793413,367,S4_twin_shock_cex_intervention,eurozone,USDC
439,0.8023536114979755,1917620650.5235777,367,S4_twin_shock_cex_intervention,eurozone,USDC
440,0.802089251171727,1869680134.260488,367,S4_twin_shock_cex_intervention,eurozone,USDC
441,0.7958428623539087,1822938130.903976,367,S4_twin_shock_cex_intervention,eurozone,USDC
442,0.784372527773059,1777364677.6313767,367,S4_twin_shock_cex_intervention,eurozone,USDC
443,0.7941231724082926,1732930560.6905923,367,S4_twin_shock_cex_intervention,eurozone,USDC
444,0.7761258232025464,1689607296.6733274,367,S4_twin_shock_cex_intervention,eurozone,USDC
445,0.7812148884701491,1647367114.256494,367,S4_twin_shock_cex_intervention,eurozone,USDC
446,0.7836307841003575,1606182936.4000819,367,S4_twin_shock_cex_intervention,eurozone,USDC
447,0.7746531354432452,1566028362.9900799,367,S4_twin_shock_cex_intervention,eurozone,USDC
448,0.7707835107576188,1526877653.9153275,367,S4_twin_shock_cex_intervention,eurozone,USDC
449,0.7488280399864845,1488705712.5674446,367,S4_twin_shock_cex_intervention,eurozone,USDC
450,0.744072036926752,1451488069.7532585,367,S4_twin_shock_cex_intervention,eurozone,USDC
451,0.7684106055002246,1415200868.009427,367,S4_twin_shock_cex_intervention,eurozone,USDC
452,0.7835403203073846,1379820846.3091912,367,S4_twin_shock_cex_intervention,eurozone,USDC
453,0.7873248681628855,1345325325.1514616,367,S4_twin_shock_cex_intervention,eurozone,USDC
454,0.7850895571774105,1311692192.022675,367,S4_twin_shock_cex_intervention,eurozone,USDC
455,0.796711638392733,1278899887.2221081,367,S4_twin_shock_cex_intervention,eurozone,USDC
456,0.812169006812399,1246927390.0415554,367,S4_twin_shock_cex_intervention,eurozone,USDC
457,0.8056793124042665,1215754205.2905164,367,S4_twin_shock_cex_intervention,eurozone,USDC
458,0.8119044023791132,1185360350.1582537,367,S4_twin_shock_cex_intervention,eurozone,USDC
459,0.8190151641109142,1155726341.404297,367,S4_twin_shock_cex_intervention,eurozone,USDC
460,0.824231690863526,1126833182.8691897,367,S4_twin_shock_cex_intervention,eurozone,USDC
461,0.8337826537986814,1098662353.29746,367,S4_twin_shock_cex_intervention,eurozone,USDC
462,0.8006861795549766,1071195794.4650236,367,S4_twin_shock_cex_intervention,eurozone,USDC
463,0.8204425316498284,1044415899.6033981,367,S4_twin_shock_cex_intervention,eurozone,USDC
464,0.8200521447398126,1018305502.1133131,367,S4_twin_shock_cex_intervention,eurozone,USDC
465,0.8012671341717712,992847864.5604804,367,S4_twin_shock_cex_intervention,eurozone,USDC
466,0.7761367510900616,968026667.9464682,367,S4_twin_shock_cex_intervention,eurozone,USDC
467,0.7743508209354413,943826001.2478064,367,S4_twin_shock_cex_intervention,eurozone,USDC
468,0.7944674189668953,920230351.2166114,367,S4_twin_shock_cex_intervention,eurozone,USDC
469,0.811872486898991,897224592.4361961,367,S4_twin_shock_cex_intervention,eurozone,USDC
470,0.83130142355602,874793977.6252911,367,S4_twin_shock_cex_intervention,eurozone,USDC
471,0.8316372795799128,852924128.1846588,367,S4_twin_shock_cex_intervention,eurozone,USDC
472,0.8496093718857272,831601024.9800423,367,S4_twin_shock_cex_intervention,eurozone,USDC
473,0.8320625900972832,810810999.3555412,367,S4_twin_shock_cex_intervention,eurozone,USDC
474,0.8346426769898287,790540724.3716528,367,S4_twin_shock_cex_intervention,eurozone,USDC
475,0.8530776361168523,770777206.2623615,367,S4_twin_shock_cex_intervention,eurozone,USDC
476,0.8618748673581733,751507776.1058023,367,S4_twin_shock_cex_intervention,eurozone,USDC
477,0.8413910246092068,732720081.7031573,367,S4_twin_shock_cex_intervention,eurozone,USDC
478,0.841590431642848,714402079.6605785,367,S4_twin_shock_cex_intervention,eurozone,USDC
479,0.8296734495355326,696542027.6690639,367,S4_twin_shock_cex_intervention,eurozone,USDC
480,0.7963461315145285,679128476.9773374,367,S4_twin_shock_cex_intervention,eurozone,USDC
481,0.79872904334528,662150265.0529039,367,S4_twin_shock_cex_intervention,eurozone,USDC
482,0.814331642365379,645596508.4265814,367,S4_twin_shock_cex_intervention,eurozone,USDC
483,0.8385203454167499,629456595.7159168,367,S4_twin_shock_cex_intervention,eurozone,USDC
484,0.8424877710817692,613720180.8230189,367,S4_twin_shock_cex_intervention,eurozone,USDC
485,0.8395860615235695,598377176.3024434,367,S4_twin_shock_cex_intervention,eurozone,USDC
486,0.8426665031060692,583417746.8948823,367,S4_twin_shock_cex_intervention,eurozone,USDC
487,0.8422905440543186,568832303.2225102,367,S4_twin_shock_cex_intervention,eurozone,USDC
488,0.8237626943396436,554611495.6419475,367,S4_twin_shock_cex_intervention,eurozone,USDC
489,0.7047115661413326,540746208.2508988,367,S4_twin_shock_cex_intervention,eurozone,USDC
490,0.6919468570761953,527227553.04462636,367,S4_twin_shock_cex_intervention,eurozone,USDC
491,0.7198493864237243,514046864.2185106,367,S4_twin_shock_cex_intervention,eurozone,USDC
492,0.7010525515213035,501195692.61304796,367,S4_twin_shock_cex_intervention,eurozone,USDC
493,0.7079964527849775,488665800.29772174,367,S4_twin_shock_cex_intervention,eurozone,USDC
494,0.7168324424541535,476449155.2902787,367,S4_twin_shock_cex_intervention,eurozone,USDC
495,0.7245348624075788,464537926.40802175,367,S4_twin_shock_cex_intervention,eurozone,USDC
496,0.7386877064696571,452924478.2478212,367,S4_twin_shock_cex_intervention,eurozone,USDC
497,0.7513762376428768,441601366.2916256,367,S4_twin_shock_cex_intervention,eurozone,USDC
498,0.7638402887545662,430561332.13433504,367,S4_twin_shock_cex_intervention,eurozone,USDC
499,0.76050938353503,419797298.8309766,367,S4_twin_shock_cex_intervention,eurozone,USDC
500,0.7732317567592811,409302366.3602022,367,S4_twin_shock_cex_intervention,eurozone,USDC
501,0.7827791966063465,399069807.20119715,367,S4_twin_shock_cex_intervention,eurozone,USDC
502,0.7882696612562021,389093062.02116716,367,S4_twin_shock_cex_intervention,eurozone,USDC
503,0.7820438652605207,379365735.47063804,367,S4_twin_shock_cex_intervention,eurozone,USDC
504,0.8020794791849766,369881592.083872,367,S4_twin_shock_cex_intervention,eurozone,USDC
505,0.7932419741429408,360634552.28177524,367,S4_twin_shock_cex_intervention,eurozone,USDC
506,0.7933426219447568,351618688.47473085,367,S4_twin_shock_cex_intervention,eurozone,USDC
507,0.7698259020140934,342828221.26286256,367,S4_twin_shock_cex_intervention,eurozone,USDC
508,0.7798081344791263,334257515.731291,367,S4_twin_shock_cex_intervention,eurozone,USDC
509,0.7608143427704195,325901077.83800876,367,S4_twin_shock_cex_intervention,eurozone,USDC
510,0.7634044017159344,317753550.89205855,367,S4_twin_shock_cex_intervention,eurozone,USDC
511,0.7649840828086742,309809712.11975706,367,S4_twin_shock_cex_intervention,eurozone,USDC
512,0.7953315233882183,302064469.31676316,367,S4_twin_shock_cex_intervention,eurozone,USDC
513,0.7888895231104049,294512857.58384407,367,S4_twin_shock_cex_intervention,eurozone,USDC
514,0.7727038946659184,287150036.14424795,367,S4_twin_shock_cex_intervention,eurozone,USDC
515,0.7738713751101516,279971285.2406418,367,S4_twin_shock_cex_intervention,eurozone,USDC
516,0.7924972162769046,272972003.1096257,367,S4_twin_shock_cex_intervention,eurozone,USDC
517,0.8213199096650599,266147703.0318851,367,S4_twin_shock_cex_intervention,eurozone,USDC
518,0.8126915938647501,259494010.45608795,367,S4_twin_shock_cex_intervention,eurozone,USDC
519,0.8164634576567863,253006660.19468573,367,S4_twin_shock_cex_intervention,eurozone,USDC
520,0.8049299617947874,246681493.6898186,367,S4_twin_shock_cex_intervention,eurozone,USDC
521,0.812994590723716,240514456.34757316,367,S4_twin_shock_cex_intervention,eurozone,USDC
522,0.8286586086214998,234501594.9388838,367,S4_twin_shock_cex_intervention,eurozone,USDC
523,0.812999129348242,228639055.06541175,367,S4_twin_shock_cex_intervention,eurozone,USDC
524,0.8320842330972583,222923078.68877643,367,S4_twin_shock_cex_intervention,eurozone,USDC
525,0.8491773467945493,217350001.72155702,367,S4_twin_shock_cex_intervention,eurozone,USDC
526,0.8321020518571847,211916251.67851812,367,S4_twin_shock_cex_intervention,eurozone,USDC
527,0.8068548003113651,206618345.38655514,367,S4_twin_shock_cex_intervention,eurozone,USDC
528,0.8004018018905078,201452886.75189131,367,S4_twin_shock_cex_intervention,eurozone,USDC
529,0.7792595193471582,196416564.583094,367,S4_twin_shock_cex_intervention,eurozone,USDC
530,0.7524027690901934,191506150.46851665,367,S4_twin_shock_cex_intervention,eurozone,USDC
531,0.7616061400148223,186718496.70680374,367,S4_twin_shock_cex_intervention,eurozone,USDC
532,0.7531980904547849,182050534.28913364,367,S4_twin_shock_cex_intervention,eurozone,USDC
533,0.754219449567062,177499270.93190527,367,S4_twin_shock_cex_intervention,eurozone,USDC
534,0.7655608096880547,173061789.15860766,367,S4_twin_shock_cex_intervention,eurozone,USDC
535,0.7467578908294227,168735244.42964247,367,S4_twin_shock_cex_intervention,eurozone,USDC
536,0.7550427395340608,164516863.31890142,367,S4_twin_shock_cex_intervention,eurozone,USDC
537,0.7340912900290099,160403941.73592886,367,S4_twin_shock_cex_intervention,eurozone,USDC
538,0.7167907471481916,156393843.19253063,367,S4_twin_shock_cex_intervention,eurozone,USDC
539,0.7402163382589693,152483997.1127174,367,S4_twin_shock_cex_intervention,eurozone,USDC
540,0.7423417188233449,148671897.18489945,367,S4_twin_shock_cex_intervention,eurozone,USDC
541,0.741265631008397,144955099.75527698,367,S4_twin_shock_cex_intervention,eurozone,USDC
542,0.7413044015170307,141331222.26139504,367,S4_twin_shock_cex_intervention,eurozone,USDC
543,0.7257019442879875,137797941.70486015,367,S4_twin_shock_cex_intervention,eurozone,USDC
544,0.7438576069426609,134352993.16223866,367,S4_twin_shock_cex_intervention,eurozone,USDC
545,0.7514319440704261,130994168.33318268,367,S4_twin_shock_cex_intervention,eurozone,USDC
546,0.7488543084546196,127719314.1248531,367,S4_twin_shock_cex_intervention,eurozone,USDC
547,0.7633721385286699,124526331.2717318,367,S4_twin_shock_cex_intervention,eurozone,USDC
548,0.7664787583087664,121413172.9899385,367,S4_twin_shock_cex_intervention,eurozone,USDC
549,0.7574389955557321,118377843.66519004,367,S4_twin_shock_cex_intervention,eurozone,USDC
550,0.7587870930017374,115418397.5735603,367,S4_twin_shock_cex_intervention,eurozone,USDC
551,0.746949216953966,112532937.63422129,367,S4_twin_shock_cex_intervention,eurozone,USDC
552,0.7243155719604694,109719614.19336575,367,S4_twin_shock_cex_intervention,eurozone,USDC
553,0.7410235789974696,106976623.83853161,367,S4_twin_shock_cex_intervention,eurozone,USDC
554,0.7398402483409281,104302208.24256831,367,S4_twin_shock_cex_intervention,eurozone,USDC
555,0.7630034826245338,101694653.03650412,367,S4_twin_shock_cex_intervention,eurozone,USDC
556,0.7745413191868009,99152286.71059152,367,S4_twin_shock_cex_intervention,eurozone,USDC
557,0.752338361218362,96673479.54282673,367,S4_twin_shock_cex_intervention,eurozone,USDC
558,0.7710233669136174,94256642.55425605,367,S4_twin_shock_cex_intervention,eurozone,USDC
559,0.7739660163856162,91900226.49039966,367,S4_twin_shock_cex_intervention,eurozone,USDC
560,0.7634222863860759,89602720.82813966,367,S4_twin_shock_cex_intervention,eurozone,USDC
561,0.745662244388982,87362652.80743617,367,S4_twin_shock_cex_intervention,eurozone,USDC
562,0.7714929445389913,85178586.48725027,367,S4_twin_shock_cex_intervention,eurozone,USDC
563,0.7636764121217308,83049121.82506901,367,S4_twin_shock_cex_intervention,eurozone,USDC
564,0.7662591355393253,80972893.77944228,367,S4_twin_shock_cex_intervention,eurozone,USDC
565,0.7837496026018724,78948571.43495622,367,S4_twin_shock_cex_intervention,eurozone,USDC
566,0.7533193665008653,76974857.14908233,367,S4_twin_shock_cex_intervention,eurozone,USDC
567,0.740533332587357,75050485.72035527,367,S4_twin_shock_cex_intervention,eurozone,USDC
568,0.7655540837952729,73174223.57734638,367,S4_twin_shock_cex_intervention,eurozone,USDC
569,0.7676942134572382,71344867.98791271,367,S4_twin_shock_cex_intervention,eurozone,USDC
570,0.7645505890044703,69561246.2882149,367,S4_twin_shock_cex_intervention,eurozone,USDC
571,0.7878921871426312,67822215.13100953,367,S4_twin_shock_cex_intervention,eurozone,USDC
572,0.7629216445690581,66126659.752734296,367,S4_twin_shock_cex_intervention,eurozone,USDC
573,0.7683788528432399,64473493.25891594,367,S4_twin_shock_cex_intervention,eurozone,USDC
574,0.7853193276891082,62861655.92744304,367,S4_twin_shock_cex_intervention,eurozone,USDC
575,0.7768848635524781,61290114.529256955,367,S4_twin_shock_cex_intervention,eurozone,USDC
576,0.7878084712705954,59757861.66602554,367,S4_twin_shock_cex_intervention,eurozone,USDC
577,0.7935024439852723,58263915.124374904,367,S4_twin_shock_cex_intervention,eurozone,USDC
578,0.7836610736591184,56807317.24626553,367,S4_twin_shock_cex_intervention,eurozone,USDC
579,0.7769129842863928,55387134.315108895,367,S4_twin_shock_cex_intervention,eurozone,USDC
580,0.7998573857247648,54002455.957231164,367,S4_twin_shock_cex_intervention,eurozone,USDC
581,0.8068964012388042,52652394.55830038,367,S4_twin_shock_cex_intervention,eurozone,USDC
582,0.8250593338982267,51336084.694342874,367,S4_twin_shock_cex_intervention,eurozone,USDC
583,0.8027203500571749,50052682.5769843,367,S4_twin_shock_cex_intervention,eurozone,USDC
584,0.8193159252803401,48801365.5125597,367,S4_twin_shock_cex_intervention,eurozone,USDC
585,0.8131998937777759,47581331.3747457,367,S4_twin_shock_cex_intervention,eurozone,USDC
586,0.8179381474551458,46391798.09037706,367,S4_twin_shock_cex_intervention,eurozone,USDC
587,0.8126057605781243,45232003.138117634,367,S4_twin_shock_cex_intervention,eurozone,USDC
588,0.7962433305447968,44101203.05966469,367,S4_twin_shock_cex_intervention,eurozone,USDC
589,0.8095027742085603,42998672.98317307,367,S4_twin_shock_cex_intervention,eurozone,USDC
590,0.8088604966771655,41923706.158593744,367,S4_twin_shock_cex_intervention,eurozone,USDC
591,0.8254224703233959,40875613.504628904,367,S4_twin_shock_cex_intervention,eurozone,USDC
592,0.8094617551204538,39853723.16701318,367,S4_twin_shock_cex_intervention,eurozone,USDC
593,0.800278280425336,38857380.08783785,367,S4_twin_shock_cex_intervention,eurozone,USDC
594,0.8065934726439477,37885945.585641906,367,S4_twin_shock_cex_intervention,eurozone,USDC
595,0.840662316882472,36938796.94600086,367,S4_twin_shock_cex_intervention,eurozone,USDC
596,0.8253667918779276,36015327.02235084,367,S4_twin_shock_cex_intervention,eurozone,USDC
597,0.8055784495914882,35114943.84679207,367,S4_twin_shock_cex_intervention,eurozone,USDC
598,0.8250390810432496,34237070.250622265,367,S4_twin_shock_cex_intervention,eurozone,USDC
599,0.8254080615766797,33381143.494356707,367,S4_twin_shock_cex_intervention,eurozone,USDC
600,0.8267196664083796,32546614.906997785,367,S4_twin_shock_cex_intervention,eurozone,USDC
601,0.8130806606818927,31732949.534322843,367,S4_twin_shock_cex_intervention,eurozone,USDC
602,0.8143495931167186,30939625.795964774,367,S4_twin_shock_cex_intervention,eurozone,USDC
603,0.828627092419173,30166135.15106565,367,S4_twin_shock_cex_intervention,eurozone,USDC
604,0.8010780927224678,29411981.772289008,367,S4_twin_shock_cex_intervention,eurozone,USDC
605,0.7989731393764605,28676682.227981783,367,S4_twin_shock_cex_intervention,eurozone,USDC
606,0.7951322057744675,27959765.17228224,367,S4_twin_shock_cex_intervention,eurozone,USDC
607,0.798965224071636,27260771.042975184,367,S4_twin_shock_cex_intervention,eurozone,USDC
608,0.8133583943548823,26579251.766900808,367,S4_twin_shock_cex_intervention,eurozone,USDC
609,0.799651306474984,25914770.472728282,367,S4_twin_shock_cex_intervention,eurozone,USDC
610,0.8058770119863573,25266901.210910082,367,S4_twin_shock_cex_intervention,eurozone,USDC
611,0.8190885844476488,24635228.680637326,367,S4_twin_shock_cex_intervention,eurozone,USDC
612,0.8014566476068145,24019347.963621393,367,S4_twin_shock_cex_intervention,eurozone,USDC
613,0.8112589764589525,23418864.26453086,367,S4_twin_shock_cex_intervention,eurozone,USDC
614,0.8285195049635327,22833392.657917585,367,S4_twin_shock_cex_intervention,eurozone,USDC
615,0.8440214895713731,22262557.841469646,367,S4_twin_shock_cex_intervention,eurozone,USDC
616,0.8220744762581569,21705993.895432904,367,S4_twin_shock_cex_intervention,eurozone,USDC
617,0.8308379227467534,21163344.04804708,367,S4_twin_shock_cex_intervention,eurozone,USDC
618,0.8469136727304055,20634260.446845908,367,S4_twin_shock_cex_intervention,eurozone,USDC
619,0.8488601223141895,20118403.935674757,367,S4_twin_shock_cex_intervention,eurozone,USDC
620,0.8326492278047458,19615443.83728289,367,S4_twin_shock_cex_intervention,eurozone,USDC
621,0.8288561915042917,19125057.741350815,367,S4_twin_shock_cex_intervention,eurozone,USDC
622,0.8144753083968378,18646931.297817044,367,S4_twin_shock_cex_intervention,eurozone,USDC
623,0.8265045402764186,18180758.01537162,367,S4_twin_shock_cex_intervention,eurozone,USDC
624,0.8254731407423005,17726239.064987328,367,S4_twin_shock_cex_intervention,eurozone,USDC
625,0.8434847051327564,17283083.088362645,367,S4_twin_shock_cex_intervention,eurozone,USDC
626,0.8322314412315502,16851006.01115358,367,S4_twin_shock_cex_intervention,eurozone,USDC
627,0.8284309026433403,16429730.86087474,367,S4_twin_shock_cex_intervention,eurozone,USDC
628,0.8397734725092308,16018987.589352872,367,S4_twin_shock_cex_intervention,eurozone,USDC
629,0.8310602115282069,15618512.89961905,367,S4_twin_shock_cex_intervention,eurozone,USDC
630,0.8276049202570273,15228050.077128574,367,S4_twin_shock_cex_intervention,eurozone,USDC
631,0.8072717337070255,14847348.82520036,367,S4_twin_shock_cex_intervention,eurozone,USDC
632,0.8193408594728793,14476165.10457035,367,S4_twin_shock_cex_intervention,eurozone,USDC
633,0.8147577293508209,14114260.976956092,367,S4_twin_shock_cex_intervention,eurozone,USDC
634,0.8065353336252837,13761404.452532187,367,S4_twin_shock_cex_intervention,eurozone,USDC
635,0.7986233023940501,13417369.341218883,367,S4_twin_shock_cex_intervention,eurozone,USDC
636,0.8052332534535829,13081935.107688412,367,S4_twin_shock_cex_intervention,eurozone,USDC
637,0.796905268551686,12754886.7299962,367,S4_twin_shock_cex_intervention,eurozone,USDC
638,0.7966335039413197,12436014.561746296,367,S4_twin_shock_cex_intervention,eurozone,USDC
639,0.7826234817993708,12125114.197702639,367,S4_twin_shock_cex_intervention,eurozone,USDC
640,0.7956369209352727,11821986.342760073,367,S4_twin_shock_cex_intervention,eurozone,USDC
641,0.792862132384107,11526436.68419107,367,S4_twin_shock_cex_intervention,eurozone,USDC
642,0.7906472093267372,11238275.767086294,367,S4_twin_shock_cex_intervention,eurozone,USDC
643,0.7733669159137604,10957318.872909136,367,S4_twin_shock_cex_intervention,eurozone,USDC
644,0.7813526165540026,10683385.901086409,367,S4_twin_shock_cex_intervention,eurozone,USDC
645,0.7851916834967666,10416301.253559249,367,S4_twin_shock_cex_intervention,eurozone,USDC
646,0.7657948534146485,10155893.722220268,367,S4_twin_shock_cex_intervention,eurozone,USDC
647,0.7635002194815756,9901996.379164761,367,S4_twin_shock_cex_intervention,eurozone,USDC
648,0.7530409120817915,9654446.469685644,367,S4_twin_shock_cex_intervention,eurozone,USDC
649,0.7288018795688793,9413085.3079435,367,S4_twin_shock_cex_intervention,eurozone,USDC
650,0.7118438078789198,9177758.175244913,367,S4_twin_shock_cex_intervention,eurozone,USDC
651,0.7043330358526773,8948314.220863791,367,S4_twin_shock_cex_intervention,eurozone,USDC
652,0.6900704203301542,8724606.365342196,367,S4_twin_shock_cex_intervention,eurozone,USDC
653,0.6919102243046197,8506491.206208643,367,S4_twin_shock_cex_intervention,eurozone,USDC
654,0.7037179120887254,8293828.926053425,367,S4_twin_shock_cex_intervention,eurozone,USDC
655,0.6939172191740014,8086483.20290209,367,S4_twin_shock_cex_intervention,eurozone,USDC
656,0.7169911446634044,7884321.122829538,367,S4_twin_shock_cex_intervention,eurozone,USDC
657,0.7144454031741779,7687213.094758799,367,S4_twin_shock_cex_intervention,eurozone,USDC
658,0.7448603172607052,7495032.76738983,367,S4_twin_shock_cex_intervention,eurozone,USDC
659,0.7425965378513816,7307656.948205084,367,S4_twin_shock_cex_intervention,eurozone,USDC
660,0.7611189982704972,7124965.524499956,367,S4_twin_shock_cex_intervention,eurozone,USDC
661,0.7862710235741219,6946841.386387458,367,S4_twin_shock_cex_intervention,eurozone,USDC
662,0.8009590756765654,6773170.351727771,367,S4_twin_shock_cex_intervention,eurozone,USDC
663,0.7917884222576549,6603841.092934577,367,S4_twin_shock_cex_intervention,eurozone,USDC
664,0.7888101023559349,6438745.065611212,367,S4_twin_shock_cex_intervention,eurozone,USDC
665,0.7875606834852836,6277776.438970932,367,S4_twin_shock_cex_intervention,eurozone,USDC
666,0.776781968454775,6120832.027996659,367,S4_twin_shock_cex_intervention,eurozone,USDC
667,0.7756211280333118,5967811.227296742,367,S4_twin_shock_cex_intervention,eurozone,USDC
668,0.7581057827061946,5818615.946614323,367,S4_twin_shock_cex_intervention,eurozone,USDC
669,0.7701512207851615,5673150.547948966,367,S4_twin_shock_cex_intervention,eurozone,USDC
670,0.7588349567851161,5531321.784250242,367,S4_twin_shock_cex_intervention,eurozone,USDC
671,0.7494219851232167,5393038.739643985,367,S4_twin_shock_cex_intervention,eurozone,USDC
672,0.7519677678339785,5258212.771152886,367,S4_twin_shock_cex_intervention,eurozone,USDC
673,0.7566589635264759,5126757.451874064,367,S4_twin_shock_cex_intervention,eurozone,USDC
674,0.7580114310594707,4998588.515577212,367,S4_twin_shock_cex_intervention,eurozone,USDC
675,0.7519698862731651,4873623.802687782,367,S4_twin_shock_cex_intervention,eurozone,USDC
676,0.7546213404867563,4751783.207620587,367,S4_twin_shock_cex_intervention,eurozone,USDC
677,0.7457386554923272,4632988.627430072,367,S4_twin_shock_cex_intervention,eurozone,USDC
678,0.7440530807583889,4517163.911744321,367,S4_twin_shock_cex_intervention,eurozone,USDC
679,0.7350179277890353,4404234.813950713,367,S4_twin_shock_cex_intervention,eurozone,USDC
680,0.7489066867211258,4294128.943601945,367,S4_twin_shock_cex_intervention,eurozone,USDC
681,0.7313200157505451,4186775.7200118965,367,S4_twin_shock_cex_intervention,eurozone,USDC
682,0.7546250411213608,4082106.327011599,367,S4_twin_shock_cex_intervention,eurozone,USDC
683,0.7597385327735905,3980053.668836309,367,S4_twin_shock_cex_intervention,eurozone,USDC
684,0.768931891671159,3880552.3271154016,367,S4_twin_shock_cex_intervention,eurozone,USDC
685,0.7805421721647586,3783538.5189375165,367,S4_twin_shock_cex_intervention,eurozone,USDC
686,0.7937755948321168,3688950.0559640788,367,S4_twin_shock_cex_intervention,eurozone,USDC
687,0.7944326059517769,3596726.304564977,367,S4_twin_shock_cex_intervention,eurozone,USDC
688,0.7726865168461986,3506808.146950852,367,S4_twin_shock_cex_intervention,eurozone,USDC
689,0.7630990833312427,3419137.9432770805,367,S4_twin_shock_cex_intervention,eurozone,USDC
690,0.7551140834743484,3333659.4946951536,367,S4_twin_shock_cex_intervention,eurozone,USDC
691,0.7662415289663572,3250318.007327775,367,S4_twin_shock_cex_intervention,eurozone,USDC
692,0.7838020916211094,3169060.0571445804,367,S4_twin_shock_cex_intervention,eurozone,USDC
693,0.7841897899010799,3089833.555715966,367,S4_twin_shock_cex_intervention,eurozone,USDC
694,0.764976947920504,3012587.7168230666,367,S4_twin_shock_cex_intervention,eurozone,USDC
695,0.7857875158582482,2937273.02390249,367,S4_twin_shock_cex_intervention,eurozone,USDC
696,0.7778290182855618,2863841.198304928,367,S4_twin_shock_cex_intervention,eurozone,USDC
697,0.7811278186641955,2792245.1683473047,367,S4_twin_shock_cex_intervention,eurozone,USDC
698,0.8045061428286606,2722439.0391386217,367,S4_twin_shock_cex_intervention,eurozone,USDC
699,0.8077775808980237,2654378.0631601564,367,S4_twin_shock_cex_intervention,eurozone,USDC
700,0.8098118703357743,2588018.6115811523,367,S4_twin_shock_cex_intervention,eurozone,USDC
701,0.8202120130850397,2523318.146291624,367,S4_twin_shock_cex_intervention,eurozone,USDC
702,0.8034659549008772,2460235.192634333,367,S4_twin_shock_cex_intervention,eurozone,USDC
703,0.8056942031331253,2398729.3128184746,367,S4_twin_shock_cex_intervention,eurozone,USDC
704,0.8033354843981086,2338761.0799980126,367,S4_twin_shock_cex_intervention,eurozone,USDC
705,0.8003791564235838,2280292.0529980627,367,S4_twin_shock_cex_intervention,eurozone,USDC
706,0.8112756845820803,2223284.751673111,367,S4_twin_shock_cex_intervention,eurozone,USDC
707,0.8034419290092581,2167702.6328812833,367,S4_twin_shock_cex_intervention,eurozone,USDC
708,0.7784457740233928,2113510.067059251,367,S4_twin_shock_cex_intervention,eurozone,USDC
709,0.761822644727426,2060672.3153827698,367,S4_twin_shock_cex_intervention,eurozone,USDC
710,0.7511015262637941,2009155.5074982005,367,S4_twin_shock_cex_intervention,eurozone,USDC
711,0.7700174275284987,1958926.6198107456,367,S4_twin_shock_cex_intervention,eurozone,USDC
712,0.7812121139628706,1909953.4543154768,367,S4_twin_shock_cex_intervention,eurozone,USDC
713,0.7680913012884161,1862204.61795759,367,S4_twin_shock_cex_intervention,eurozone,USDC
714,0.7764933203550625,1815649.50250865,367,S4_twin_shock_cex_intervention,eurozone,USDC
715,0.7771901699595332,1770258.264945934,367,S4_twin_shock_cex_intervention,eurozone,USDC
716,0.7805651345939248,1726001.8083222855,367,S4_twin_shock_cex_intervention,eurozone,USDC
717,0.7737705490197528,1682851.7631142284,367,S4_twin_shock_cex_intervention,eurozone,USDC
718,0.7738751997137364,1640780.4690363728,367,S4_twin_shock_cex_intervention,eurozone,USDC
719,0.766954190272717,1599760.9573104638,367,S4_twin_shock_cex_intervention,eurozone,USDC
720,0.7703154463293379,1559766.933377702,367,S4_twin_shock_cex_intervention,eurozone,USDC
721,0.7595050405930186,1520772.7600432592,367,S4_twin_shock_cex_intervention,eurozone,USDC
722,0.7561876552637851,1482753.4410421778,367,S4_twin_shock_cex_intervention,eurozone,USDC
723,0.7719956987142954,1445684.6050161235,367,S4_twin_shock_cex_intervention,eurozone,USDC
724,0.7841396054371096,1409542.4898907205,367,S4_twin_shock_cex_intervention,eurozone,USDC
725,0.7811545283980251,1374303.9276434523,367,S4_twin_shock_cex_intervention,eurozone,USDC
726,0.7761635815563972,1339946.329452366,367,S4_twin_shock_cex_intervention,eurozone,USDC
727,0.788672510402448,1306447.671216057,367,S4_twin_shock_cex_intervention,eurozone,USDC
728,0.7929379975937573,1273786.4794356558,367,S4_twin_shock_cex_intervention,eurozone,USDC
729,0.7688343893216223,1241941.8174497643,367,S4_twin_shock_cex_intervention,eurozone,USDC
730,0.747510241039281,1210893.2720135201,367,S4_twin_shock_cex_intervention,eurozone,USDC
731,0.7625637990924155,1180620.940213182,367,S4_twin_shock_cex_intervention,eurozone,USDC
732,0.7698525261460353,1151105.4167078524,367,S4_twin_shock_cex_intervention,eurozone,USDC
733,0.7315851193183974,1122327.781290156,367,S4_twin_shock_cex_intervention,eurozone,USDC
734,0.7382421534801165,1094269.586757902,367,S4_twin_shock_cex_intervention,eurozone,USDC
735,0.7351950356646892,1066912.8470889546,367,S4_twin_shock_cex_intervention,eurozone,USDC
736,0.7406069241791491,1040240.0259117307,367,S4_twin_shock_cex_intervention,eurozone,USDC
737,0.7530228664544643,1014234.0252639375,367,S4_twin_shock_cex_intervention,eurozone,USDC
738,0.7656379822389036,988878.174632339,367,S4_twin_shock_cex_intervention,eurozone,USDC
739,0.7810725235444862,964156.2202665306,367,S4_twin_shock_cex_intervention,eurozone,USDC
740,0.7608556593713732,940052.3147598673,367,S4_twin_shock_cex_intervention,eurozone,USDC
741,0.7833103616161758,916551.0068908706,367,S4_twin_shock_cex_intervention,eurozone,USDC
742,0.7950487204419793,893637.2317185989,367,S4_twin_shock_cex_intervention,eurozone,USDC
743,0.7944891332540808,871296.3009256339,367,S4_twin_shock_cex_intervention,eurozone,USDC
744,0.7645046843664574,849513.8934024931,367,S4_twin_shock_cex_intervention,eurozone,USDC
745,0.7617982884022328,828276.0460674306,367,S4_twin_shock_cex_intervention,eurozone,USDC
746,0.7501352462129403,807569.1449157449,367,S4_twin_shock_cex_intervention,eurozone,USDC
747,0.7894026027401131,787379.9162928513,367,S4_twin_shock_cex_intervention,eurozone,USDC
748,0.772366948356293,767695.4183855299,367,S4_twin_shock_cex_intervention,eurozone,USDC
749,0.782444251296482,748503.0329258917,367,S4_twin_shock_cex_intervention,eurozone,USDC
750,0.7708432611228319,729790.4571027445,367,S4_twin_shock_cex_intervention,eurozone,USDC
751,0.759659064173034,711545.6956751759,367,S4_twin_shock_cex_intervention,eurozone,USDC
752,0.7379128118787174,693757.0532832964,367,S4_twin_shock_cex_intervention,eurozone,USDC
753,0.7345336169424952,676413.1269512139,367,S4_twin_shock_cex_intervention,eurozone,USDC
754,0.7586294827702916,659502.7987774336,367,S4_twin_shock_cex_intervention,eurozone,USDC
755,0.7658634285383223,643015.2288079977,367,S4_twin_shock_cex_intervention,eurozone,USDC
756,0.7481303450183853,626939.8480877978,367,S4_twin_shock_cex_intervention,eurozone,USDC
757,0.7534378993821484,611266.3518856028,367,S4_twin_shock_cex_intervention,eurozone,USDC
758,0.755474058949884,595984.6930884628,367,S4_twin_shock_cex_intervention,eurozone,USDC
759,0.755522687966004,581085.0757612512,367,S4_twin_shock_cex_intervention,eurozone,USDC
760,0.7543597096454074,566557.94886722,367,S4_twin_shock_cex_intervention,eurozone,USDC
761,0.7293897436547394,552394.0001455394,367,S4_twin_shock_cex_intervention,eurozone,USDC
762,0.7304849339363012,538584.1501419009,367,S4_twin_shock_cex_intervention,eurozone,USDC
763,0.7064547975700557,525119.5463883535,367,S4_twin_shock_cex_intervention,eurozone,USDC
764,0.7140072796997318,511991.5577286446,367,S4_twin_shock_cex_intervention,eurozone,USDC
765,0.7241366712089377,499191.7687854285,367,S4_twin_shock_cex_intervention,eurozone,USDC
766,0.7333099919353657,486711.97456579277,367,S4_twin_shock_cex_intervention,eurozone,USDC
767,0.725249463991587,474544.175201648,367,S4_twin_shock_cex_intervention,eurozone,USDC
768,0.7501135492016948,462680.5708216068,367,S4_twin_shock_cex_intervention,eurozone,USDC
769,0.7516285937691173,451113.5565510666,367,S4_twin_shock_cex_intervention,eurozone,USDC
770,0.7582573770762285,439835.7176372899,367,S4_twin_shock_cex_intervention,eurozone,USDC
771,0.747957867164929,428839.82469635765,367,S4_twin_shock_cex_intervention,eurozone,USDC
772,0.7670335582343445,418118.8290789487,367,S4_twin_shock_cex_intervention,eurozone,USDC
773,0.7867654723608783,407665.858351975,367,S4_twin_shock_cex_intervention,eurozone,USDC
774,0.7801760359407988,397474.21189317555,367,S4_twin_shock_cex_intervention,eurozone,USDC
775,0.811471306181096,387537.35659584624,367,S4_twin_shock_cex_intervention,eurozone,USDC
776,0.7911696119564616,377848.92268095,367,S4_twin_shock_cex_intervention,eurozone,USDC
777,0.8034290174398567,368402.6996139263,367,S4_twin_shock_cex_intervention,eurozone,USDC
778,0.7863660747324845,359192.6321235781,367,S4_twin_shock_cex_intervention,eurozone,USDC
779,0.7778232986810208,350212.8163204887,367,S4_twin_shock_cex_intervention,eurozone,USDC
780,0.7845742154790485,341457.49591247644,367,S4_twin_shock_cex_intervention,eurozone,USDC
781,0.7841638751788325,332921.05851466453,367,S4_twin_shock_cex_intervention,eurozone,USDC
782,0.7956819395502895,324598.0320517979,367,S4_twin_shock_cex_intervention,eurozone,USDC
783,0.8053641430272428,316483.08125050296,367,S4_twin_shock_cex_intervention,eurozone,USDC
784,0.8153790596283442,308571.0042192404,367,S4_twin_shock_cex_intervention,eurozone,USDC
785,0.823315296058592,300856.72911375936,367,S4_twin_shock_cex_intervention,eurozone,USDC
786,0.8405750584719561,293335.3108859154,367,S4_twin_shock_cex_intervention,eurozone,USDC
787,0.8306353883186569,286001.9281137675,367,S4_twin_shock_cex_intervention,eurozone,USDC
788,0.8064305922311987,278851.8799109233,367,S4_twin_shock_cex_intervention,eurozone,USDC
789,0.7994114249119915,271880.5829131502,367,S4_twin_shock_cex_intervention,eurozone,USDC
790,0.8090451681684083,265083.5683403215,367,S4_twin_shock_cex_intervention,eurozone,USDC
791,0.8029317360091566,258456.47913181345,367,S4_twin_shock_cex_intervention,eurozone,USDC
792,0.8290595752231962,251995.0671535181,367,S4_twin_shock_cex_intervention,eurozone,USDC
793,0.806524971559815,245695.19047468016,367,S4_twin_shock_cex_intervention,eurozone,USDC
794,0.7992733467543894,239552.81071281314,367,S4_twin_shock_cex_intervention,eurozone,USDC
795,0.8042465899006672,233563.99044499279,367,S4_twin_shock_cex_intervention,eurozone,USDC
796,0.8031317778856539,227724.89068386797,367,S4_twin_shock_cex_intervention,eurozone,USDC
797,0.7940644607383132,222031.7684167713,367,S4_twin_shock_cex_intervention,eurozone,USDC
798,0.7953113136213357,216480.97420635202,367,S4_twin_shock_cex_intervention,eurozone,USDC
799,0.8074111618136165,211068.9498511932,367,S4_twin_shock_cex_intervention,eurozone,USDC
800,0.7960282184812976,205792.22610491337,367,S4_twin_shock_cex_intervention,eurozone,USDC
801,0.7852288460065704,200647.42045229053,367,S4_twin_shock_cex_intervention,eurozone,USDC
802,0.7742095945034162,195631.23494098327,367,S4_twin_shock_cex_intervention,eurozone,USDC
803,0.7764130145738,190740.4540674587,367,S4_twin_shock_cex_intervention,eurozone,USDC
804,0.8022631381310905,185971.9427157722,367,S4_twin_shock_cex_intervention,eurozone,USDC
805,0.7902404679130091,181322.6441478779,367,S4_twin_shock_cex_intervention,eurozone,USDC
806,0.8036057328700611,176789.57804418096,367,S4_twin_shock_cex_intervention,eurozone,USDC
807,0.8195090838016976,172369.83859307645,367,S4_twin_shock_cex_intervention,eurozone,USDC
808,0.8149009956826114,168060.59262824952,367,S4_twin_shock_cex_intervention,eurozone,USDC
809,0.8191932162517015,163859.07781254328,367,S4_twin_shock_cex_intervention,eurozone,USDC
810,0.7837681104174518,159762.60086722972,367,S4_twin_shock_cex_intervention,eurozone,USDC
811,0.7753978985798159,155768.53584554896,367,S4_twin_shock_cex_intervention,eurozone,USDC
812,0.7771639609215281,151874.32244941022,367,S4_twin_shock_cex_intervention,eurozone,USDC
813,0.7862697478745863,148077.464388175,367,S4_twin_shock_cex_intervention,eurozone,USDC
814,0.7908353342586958,144375.5277784706,367,S4_twin_shock_cex_intervention,eurozone,USDC
815,0.7775567299039576,140766.13958400884,367,S4_twin_shock_cex_intervention,eurozone,USDC
816,0.8090751167402584,137246.9860944086,367,S4_twin_shock_cex_intervention,eurozone,USDC
817,0.8183046499614327,133815.8114420484,367,S4_twin_shock_cex_intervention,eurozone,USDC
818,0.7959100859578048,130470.4161559972,367,S4_twin_shock_cex_intervention,eurozone,USDC
819,0.689736587497943,127208.65575209727,367,S4_twin_shock_cex_intervention,eurozone,USDC
820,0.689474550909259,124028.43935829484,367,S4_twin_shock_cex_intervention,eurozone,USDC
821,0.6910530098747831,120927.72837433746,367,S4_twin_shock_cex_intervention,eurozone,USDC
822,0.7035169231921535,117904.53516497902,367,S4_twin_shock_cex_intervention,eurozone,USDC
823,0.7145730545504841,114956.92178585456,367,S4_twin_shock_cex_intervention,eurozone,USDC
824,0.7290735899218987,112082.99874120818,367,S4_twin_shock_cex_intervention,eurozone,USDC
825,0.7824674687726324,109280.92377267798,367,S4_twin_shock_cex_intervention,eurozone,USDC
826,0.7839481960682496,106548.90067836104,367,S4_twin_shock_cex_intervention,eurozone,USDC
827,0.7856585009751568,103885.178161402,367,S4_twin_shock_cex_intervention,eurozone,USDC
828,0.7871239871285997,101288.04870736695,367,S4_twin_shock_cex_intervention,eurozone,USDC
829,0.8005391847820695,98755.84748968278,367,S4_twin_shock_cex_intervention,eurozone,USDC
830,0.8077339046075122,96286.9513024407,367,S4_twin_shock_cex_intervention,eurozone,USDC
831,0.8026751119155365,93879.7775198797,367,S4_twin_shock_cex_intervention,eurozone,USDC
832,0.8055882665196077,91532.7830818827,367,S4_twin_shock_cex_intervention,eurozone,USDC
833,0.7722561612178294,89244.46350483563,367,S4_twin_shock_cex_intervention,eurozone,USDC
834,0.7829259725611278,87013.35191721474,367,S4_twin_shock_cex_intervention,eurozone,USDC
835,0.7966470201762036,84838.01811928437,367,S4_twin_shock_cex_intervention,eurozone,USDC
836,0.8279001505652476,82717.06766630226,367,S4_twin_shock_cex_intervention,eurozone,USDC
837,0.8232283784432564,80649.1409746447,367,S4_twin_shock_cex_intervention,eurozone,USDC
838,0.8018622501397419,78632.91245027859,367,S4_twin_shock_cex_intervention,eurozone,USDC
839,0.7994766229672072,76667.08963902161,367,S4_twin_shock_cex_intervention,eurozone,USDC
840,0.8154069921732477,74750.41239804607,367,S4_twin_shock_cex_intervention,eurozone,USDC
841,0.8370944510951494,72881.65208809491,367,S4_twin_shock_cex_intervention,eurozone,USDC
842,0.8154508409602551,71059.61078589255,367,S4_twin_shock_cex_intervention,eurozone,USDC
843,0.8251313085051334,69283.12051624524,367,S4_twin_shock_cex_intervention,eurozone,USDC
844,0.8135318076649253,67551.04250333911,367,S4_twin_shock_cex_intervention,eurozone,USDC
845,0.7911036632766278,65862.26644075563,367,S4_twin_shock_cex_intervention,eurozone,USDC
846,0.7882645256039433,64215.709779736746,367,S4_twin_shock_cex_intervention,eurozone,USDC
847,0.7745062394833826,62610.31703524334,367,S4_twin_shock_cex_intervention,eurozone,USDC
848,0.7673536488887379,61045.05910936225,367,S4_twin_shock_cex_intervention,eurozone,USDC
849,0.7521109183765486,59518.932631628195,367,S4_twin_shock_cex_intervention,eurozone,USDC
850,0.7504736885114489,58030.95931583748,367,S4_twin_shock_cex_intervention,eurozone,USDC
851,0.7311100177177169,56580.185332941546,367,S4_twin_shock_cex_intervention,eurozone,USDC
852,0.7330784631132371,55165.68069961801,367,S4_twin_shock_cex_intervention,eurozone,USDC
853,0.7360710018897177,53786.53868212755,367,S4_twin_shock_cex_intervention,eurozone,USDC
854,0.7428495077761125,52441.87521507437,367,S4_twin_shock_cex_intervention,eurozone,USDC
855,0.7521419585882776,51130.82833469751,367,S4_twin_shock_cex_intervention,eurozone,USDC
856,0.7366800581947307,49852.55762633007,367,S4_twin_shock_cex_intervention,eurozone,USDC
857,0.7441745713838747,48606.24368567182,367,S4_twin_shock_cex_intervention,eurozone,USDC
858,0.7501666999726139,47391.08759353003,367,S4_twin_shock_cex_intervention,eurozone,USDC
859,0.7673602310991874,46206.31040369178,367,S4_twin_shock_cex_intervention,eurozone,USDC
860,0.7640775157448532,45051.15264359948,367,S4_twin_shock_cex_intervention,eurozone,USDC
861,0.7886918260732652,43924.873827509495,367,S4_twin_shock_cex_intervention,eurozone,USDC
862,0.8147673612271894,42826.751981821755,367,S4_twin_shock_cex_intervention,eurozone,USDC
863,0.7965232889102412,41756.08318227621,367,S4_twin_shock_cex_intervention,eurozone,USDC
864,0.7885228936837894,40712.1811027193,367,S4_twin_shock_cex_intervention,eurozone,USDC
865,0.7939906813372821,39694.37657515132,367,S4_twin_shock_cex_intervention,eurozone,USDC
866,0.7683421176703455,38702.017160772535,367,S4_twin_shock_cex_intervention,eurozone,USDC
867,0.7540365523903854,37734.46673175322,367,S4_twin_shock_cex_intervention,eurozone,USDC
868,0.7723328234725926,36791.10506345939,367,S4_twin_shock_cex_intervention,eurozone,USDC
869,0.7695577820421902,35871.32743687291,367,S4_twin_shock_cex_intervention,eurozone,USDC
870,0.7769058384783497,34974.54425095109,367,S4_twin_shock_cex_intervention,eurozone,USDC
871,0.7595742930429682,34100.18064467731,367,S4_twin_shock_cex_intervention,eurozone,USDC
872,0.7604715409445869,33247.67612856037,367,S4_twin_shock_cex_intervention,eurozone,USDC
873,0.7678775973145201,32416.484225346365,367,S4_twin_shock_cex_intervention,eurozone,USDC
874,0.7619931600256423,31606.072119712706,367,S4_twin_shock_cex_intervention,eurozone,USDC
875,0.750259781343664,30815.920316719894,367,S4_twin_shock_cex_intervention,eurozone,USDC
876,0.7307945074195061,30045.522308801894,367,S4_twin_shock_cex_intervention,eurozone,USDC
877,0.7190928767204708,29294.384251081843,367,S4_twin_shock_cex_intervention,eurozone,USDC
878,0.7123109812964356,28562.0246448048,367,S4_twin_shock_cex_intervention,eurozone,USDC
879,0.7162727147222345,27847.97402868468,367,S4_twin_shock_cex_intervention,eurozone,USDC
880,0.744082439081704,27151.774677967565,367,S4_twin_shock_cex_intervention,eurozone,USDC
881,0.7541714844244953,26472.980311018375,367,S4_twin_shock_cex_intervention,eurozone,USDC
882,0.7699354547084706,25811.15580324291,367,S4_twin_shock_cex_intervention,eurozone,USDC
883,0.7627454659470826,25165.876908161837,367,S4_twin_shock_cex_intervention,eurozone,USDC
884,0.7441661685502411,24536.729985457794,367,S4_twin_shock_cex_intervention,eurozone,USDC
885,0.7580926166002874,23923.31173582135,367,S4_twin_shock_cex_intervention,eurozone,USDC
886,0.7479603856071291,23325.22894242582,367,S4_twin_shock_cex_intervention,eurozone,USDC
887,0.7497616438809024,22742.098218865172,367,S4_twin_shock_cex_intervention,eurozone,USDC
888,0.7682790668700593,22173.545763393544,367,S4_twin_shock_cex_intervention,eurozone,USDC
889,0.7820081107236635,21619.207119308707,367,S4_twin_shock_cex_intervention,eurozone,USDC
890,0.7725719646748208,21078.726941325986,367,S4_twin_shock_cex_intervention,eurozone,USDC
891,0.7723807941963622,20551.758767792835,367,S4_twin_shock_cex_intervention,eurozone,USDC
892,0.7595137506081415,20037.964798598015,367,S4_twin_shock_cex_intervention,eurozone,USDC
893,0.7691416376590797,19537.015678633063,367,S4_twin_shock_cex_intervention,eurozone,USDC
894,0.7575894648743651,19048.590286667237,367,S4_twin_shock_cex_intervention,eurozone,USDC
895,0.781468970710071,18572.375529500558,367,S4_twin_shock_cex_intervention,eurozone,USDC
896,0.7635303722967575,18108.066141263043,367,S4_twin_shock_cex_intervention,eurozone,USDC
897,0.7701252291558386,17655.36448773147,367,S4_twin_shock_cex_intervention,eurozone,USDC
898,0.772170814742856,17213.98037553818,367,S4_twin_shock_cex_intervention,eurozone,USDC
899,0.7967861687723811,16783.630866149728,367,S4_twin_shock_cex_intervention,eurozone,USDC
900,0.7926979725881392,16364.040094495984,367,S4_twin_shock_cex_intervention,eurozone,USDC
901,0.7867202028189231,15954.939092133583,367,S4_twin_shock_cex_intervention,eurozone,USDC
902,0.7831257887742225,15556.065614830246,367,S4_twin_shock_cex_intervention,eurozone,USDC
903,0.7827060833036747,15167.163974459489,367,S4_twin_shock_cex_intervention,eurozone,USDC
904,0.7601208728763023,14787.984875098002,367,S4_twin_shock_cex_intervention,eurozone,USDC
905,0.738478096005261,14418.28525322055,367,S4_twin_shock_cex_intervention,eurozone,USDC
906,0.7443458010366459,14057.828121890037,367,S4_twin_shock_cex_intervention,eurozone,USDC
907,0.745570830870945,13706.382418842786,367,S4_twin_shock_cex_intervention,eurozone,USDC
908,0.7653972256233655,13363.722858371717,367,S4_twin_shock_cex_intervention,eurozone,USDC
909,0.7828938586488703,13029.629786912425,367,S4_twin_shock_cex_intervention,eurozone,USDC
910,0.7756105586004591,12703.889042239614,367,S4_twin_shock_cex_intervention,eurozone,USDC
911,0.7778317738516943,12386.291816183624,367,S4_twin_shock_cex_intervention,eurozone,USDC
912,0.7527923678128375,12076.634520779033,367,S4_twin_shock_cex_intervention,eurozone,USDC
913,0.7325689620000055,11774.718657759557,367,S4_twin_shock_cex_intervention,eurozone,USDC
914,0.7342778695009696,11480.350691315569,367,S4_twin_shock_cex_intervention,eurozone,USDC
915,0.7465975837868358,11193.34192403268,367,S4_twin_shock_cex_intervention,eurozone,USDC
916,0.7544231503667091,10913.508375931862,367,S4_twin_shock_cex_intervention,eurozone,USDC
917,0.7743295504527216,10640.670666533566,367,S4_twin_shock_cex_intervention,eurozone,USDC
918,0.7606616299846426,10374.653899870225,367,S4_twin_shock_cex_intervention,eurozone,USDC
919,0.7697391004097628,10115.287552373471,367,S4_twin_shock_cex_intervention,eurozone,USDC
920,0.7653060994492314,9862.405363564134,367,S4_twin_shock_cex_intervention,eurozone,USDC
921,0.7552631323233426,9615.845229475031,367,S4_twin_shock_cex_intervention,eurozone,USDC
922,0.7665974385314583,9375.449098738154,367,S4_twin_shock_cex_intervention,eurozone,USDC
923,0.7602462400497141,9141.062871269702,367,S4_twin_shock_cex_intervention,eurozone,USDC
924,0.7823057437261292,8912.53629948796,367,S4_twin_shock_cex_intervention,eurozone,USDC
925,0.786778186308448,8689.72289200076,367,S4_twin_shock_cex_intervention,eurozone,USDC
926,0.7745537343866294,8472.47981970074,367,S4_twin_shock_cex_intervention,eurozone,USDC
927,0.7742167870609159,8260.667824208223,367,S4_twin_shock_cex_intervention,eurozone,USDC
928,0.7446984080077319,8054.151128603017,367,S4_twin_shock_cex_intervention,eurozone,USDC
929,0.738292252285062,7852.797350387942,367,S4_twin_shock_cex_intervention,eurozone,USDC
930,0.7482064073961775,7656.477416628244,367,S4_twin_shock_cex_intervention,eurozone,USDC
931,0.7372348234579971,7465.065481212538,367,S4_twin_shock_cex_intervention,eurozone,USDC
932,0.7465133516717443,7278.438844182224,367,S4_twin_shock_cex_intervention,eurozone,USDC
933,0.7316822542997767,7096.477873077669,367,S4_twin_shock_cex_intervention,eurozone,USDC
934,0.7451133111645865,6919.065926250727,367,S4_twin_shock_cex_intervention,eurozone,USDC
935,0.7505096411903716,6746.08927809446,367,S4_twin_shock_cex_intervention,eurozone,USDC
936,0.7320350548075323,6577.437046142097,367,S4_twin_shock_cex_intervention,eurozone,USDC
937,0.7319867582689291,6413.001119988545,367,S4_twin_shock_cex_intervention,eurozone,USDC
938,0.72165241813384,6252.676091988831,367,S4_twin_shock_cex_intervention,eurozone,USDC
939,0.7466002005688969,6096.35918968911,367,S4_twin_shock_cex_intervention,eurozone,USDC
940,0.7348375313585825,5943.950209946882,367,S4_twin_shock_cex_intervention,eurozone,USDC
941,0.7608109340266485,5795.351454698211,367,S4_twin_shock_cex_intervention,eurozone,USDC
942,0.7695077315916232,5650.467668330755,367,S4_twin_shock_cex_intervention,eurozone,USDC
943,0.7905768997086354,5509.205976622487,367,S4_twin_shock_cex_intervention,eurozone,USDC
944,0.793797234716175,5371.475827206924,367,S4_twin_shock_cex_intervention,eurozone,USDC
945,0.791534168986154,5237.188931526751,367,S4_twin_shock_cex_intervention,eurozone,USDC
946,0.7769987276244763,5106.259208238582,367,S4_twin_shock_cex_intervention,eurozone,USDC
947,0.781793233995518,4978.602728032617,367,S4_twin_shock_cex_intervention,eurozone,USDC
948,0.7799116990401169,4854.137659831802,367,S4_twin_shock_cex_intervention,eurozone,USDC
949,0.754103077645856,4732.784218336007,367,S4_twin_shock_cex_intervention,eurozone,USDC
950,0.7740705542455006,4614.464612877608,367,S4_twin_shock_cex_intervention,eurozone,USDC
951,0.804281033186944,4499.102997555668,367,S4_twin_shock_cex_intervention,eurozone,USDC
952,0.7912700325523292,4386.625422616776,367,S4_twin_shock_cex_intervention,eurozone,USDC
953,0.7905895132576005,4276.959787051356,367,S4_twin_shock_cex_intervention,eurozone,USDC
954,0.7781056089534133,4170.035792375073,367,S4_twin_shock_cex_intervention,eurozone,USDC
955,0.7602193360233812,4065.784897565696,367,S4_twin_shock_cex_intervention,eurozone,USDC
956,0.763483629825135,3964.140275126553,367,S4_twin_shock_cex_intervention,eurozone,USDC
957,0.7734566199522126,3865.0367682483893,367,S4_twin_shock_cex_intervention,eurozone,USDC
958,0.7842376277887694,3768.4108490421795,367,S4_twin_shock_cex_intervention,eurozone,USDC
959,0.7777563482958374,3674.2005778161247,367,S4_twin_shock_cex_intervention,eurozone,USDC
960,0.785537571957429,3582.3455633707217,367,S4_twin_shock_cex_intervention,eurozone,USDC
961,0.7780317222010188,3492.7869242864535,367,S4_twin_shock_cex_intervention,eurozone,USDC
962,0.7829484612843357,3405.4672511792924,367,S4_twin_shock_cex_intervention,eurozone,USDC
963,0.7938238170737978,3320.33056989981,367,S4_twin_shock_cex_intervention,eurozone,USDC
964,0.8113228840992304,3237.3223056523148,367,S4_twin_shock_cex_intervention,eurozone,USDC
965,0.819361619184746,3156.389248011007,367,S4_twin_shock_cex_intervention,eurozone,USDC
966,0.8162264772679323,3077.4795168107316,367,S4_twin_shock_cex_intervention,eurozone,USDC
967,0.8123330861144445,3000.5425288904635,367,S4_twin_shock_cex_intervention,eurozone,USDC
968,0.7824541161746461,2925.5289656682016,367,S4_twin_shock_cex_intervention,eurozone,USDC
969,0.7899583090394111,2852.3907415264966,367,S4_twin_shock_cex_intervention,eurozone,USDC
970,0.763304233546049,2781.080972988334,367,S4_twin_shock_cex_intervention,eurozone,USDC
971,0.7690858408179775,2711.5539486636258,367,S4_twin_shock_cex_intervention,eurozone,USDC
972,0.775915916153756,2643.765099947035,367,S4_twin_shock_cex_intervention,eurozone,USDC
973,0.7750161722362519,2577.6709724483594,367,S4_twin_shock_cex_intervention,eurozone,USDC
974,0.7636333753068615,2513.2291981371504,367,S4_twin_shock_cex_intervention,eurozone,USDC
975,0.7626817646220958,2450.3984681837214,367,S4_twin_shock_cex_intervention,eurozone,USDC
976,0.7565427021554848,2389.1385064791284,367,S4_twin_shock_cex_intervention,eurozone,USDC
977,0.7436757031143653,2329.4100438171504,367,S4_twin_shock_cex_intervention,eurozone,USDC
978,0.7381808276486147,2271.174792721721,367,S4_twin_shock_cex_intervention,eurozone,USDC
979,0.752371688262249,2214.3954229036785,367,S4_twin_shock_cex_intervention,eurozone,USDC
980,0.7663710174930949,2159.0355373310867,367,S4_twin_shock_cex_intervention,eurozone,USDC
981,0.7797140021153741,2105.0596488978094,367,S4_twin_shock_cex_intervention,eurozone,USDC
982,0.7924792978389664,2052.4331576753643,367,S4_twin_shock_cex_intervention,eurozone,USDC
983,0.8024478921996002,2001.1223287334801,367,S4_twin_shock_cex_intervention,eurozone,USDC
984,0.7967910044821481,1951.094270515143,367,S4_twin_shock_cex_intervention,eurozone,USDC
985,0.8129979197216961,1902.3169137522646,367,S4_twin_shock_cex_intervention,eurozone,USDC
986,0.795814210544234,1854.758990908458,367,S4_twin_shock_cex_intervention,eurozone,USDC
987,0.8087607367794047,1808.3900161357465,367,S4_twin_shock_cex_intervention,eurozone,USDC
988,0.831237317820143,1763.1802657323528,367,S4_twin_shock_cex_intervention,eurozone,USDC
989,0.8147618412898994,1719.100759089044,367,S4_twin_shock_cex_intervention,eurozone,USDC
990,0.8464912502880686,1676.1232401118177,367,S4_twin_shock_cex_intervention,eurozone,USDC
991,0.871782931511188,1634.2201591090222,367,S4_twin_shock_cex_intervention,eurozone,USDC
992,0.8601843592551689,1593.3646551312968,367,S4_twin_shock_cex_intervention,eurozone,USDC
993,0.8241114018700917,1553.5305387530143,367,S4_twin_shock_cex_intervention,eurozone,USDC
994,0.8352090545533718,1514.692275284189,367,S4_twin_shock_cex_intervention,eurozone,USDC
995,0.81836540441731,1476.8249684020843,367,S4_twin_shock_cex_intervention,eurozone,USDC
996,0.8415056684641729,1439.904344192032,367,S4_twin_shock_cex_intervention,eurozone,USDC
997,0.8272155969763227,1403.9067355872312,367,S4_twin_shock_cex_intervention,eurozone,USDC
998,0.835882339243297,1368.8090671975506,367,S4_twin_shock_cex_intervention,eurozone,USDC
999,0.8298842892937377,1334.5888405176117,367,S4_twin_shock_cex_intervention,eurozone,USDC
1000,0.8432769558639367,1301.2241195046713,367,S4_twin_shock_cex_intervention,eurozone,USDC
