Step,price,liquidity,iteration,scenario,region,coin
1,1.0057781615122274,2989808097694.457,918,S1_depeg_stablecoin,indonesia,USDC
2,1.0019584317010428,2989808097694.457,918,S1_depeg_stablecoin,indonesia,USDC
3,0.970465834040104,2989808097694.457,918,S1_depeg_stablecoin,indonesia,USDC
4,0.9590289292243054,2989808097694.457,918,S1_depeg_stablecoin,indonesia,USDC
5,0.9839790078346999,2989150593868.5254,918,S1_depeg_stablecoin,indonesia,USDC
6,0.9809595055152318,2989150593868.5254,918,S1_depeg_stablecoin,indonesia,USDC
7,0.9853781591624516,2989150593868.5254,918,S1_depeg_stablecoin,indonesia,USDC
8,1.0128779807851196,2989150593868.5254,918,S1_depeg_stablecoin,indonesia,USDC
9,1.0462420516842816,2989150593868.5254,918,S1_depeg_stablecoin,indonesia,USDC
10,1.0718019273651267,2989150593868.5254,918,S1_depeg_stablecoin,indonesia,USDC
11,1.083693979438894,2989150593868.5254,918,S1_depeg_stablecoin,indonesia,USDC
12,1.084573872300611,2989150593868.5254,918,S1_depeg_stablecoin,indonesia,USDC
13,1.125246630764974,2989150593868.5254,918,S1_depeg_stablecoin,indonesia,USDC
14,1.121487199823354,2989150593868.5254,918,S1_depeg_stablecoin,indonesia,USDC
15,1.1102207136974935,2989150593868.5254,918,S1_depeg_stablecoin,indonesia,USDC
16,1.1052506598347316,2989150593868.5254,918,S1_depeg_stablecoin,indonesia,USDC
17,1.112037260376059,2989150593868.5254,918,S1_depeg_stablecoin,indonesia,USDC
18,1.1108499661438695,2989150593868.5254,918,S1_depeg_stablecoin,indonesia,USDC
19,1.110957970397715,2989150593868.5254,918,S1_depeg_stablecoin,indonesia,USDC
20,1.0807887707644879,2989150593868.5254,918,S1_depeg_stablecoin,indonesia,USDC
21,1.1112537543123382,2989150593868.5254,918,S1_depeg_stablecoin,indonesia,USDC
22,1.0905281710740047,2989150593868.5254,918,S1_depeg_stablecoin,indonesia,USDC
23,1.0606121716431065,2989150593868.5254,918,S1_depeg_stablecoin,indonesia,USDC
24,1.0495124764634818,2989150593868.5254,918,S1_depeg_stablecoin,indonesia,USDC
25,1.0730809491470983,2989150593868.5254,918,S1_depeg_stablecoin,indonesia,USDC
26,1.0882135424756072,2989150593868.5254,918,S1_depeg_stablecoin,indonesia,USDC
27,1.0860001704356956,2989150593868.5254,918,S1_depeg_stablecoin,indonesia,USDC
28,1.038791833627223,2989150593868.5254,918,S1_depeg_stablecoin,indonesia,USDC
29,1.0274501906823066,2989150593868.5254,918,S1_depeg_stablecoin,indonesia,USDC
30,0.9964323646348189,2989150593868.5254,918,S1_depeg_stablecoin,indonesia,USDC
31,0.9962930860988765,2989150593868.5254,918,S1_depeg_stablecoin,indonesia,USDC
32,1.0003067689454326,2989150593868.5254,918,S1_depeg_stablecoin,indonesia,USDC
33,1.0026482766638884,2989150593868.5254,918,S1_depeg_stablecoin,indonesia,USDC
34,1.001741468729633,2989150593868.5254,918,S1_depeg_stablecoin,indonesia,USDC
35,1.0167149046435973,2989150593868.5254,918,S1_depeg_stablecoin,indonesia,USDC
36,1.039649101607359,2989150593868.5254,918,S1_depeg_stablecoin,indonesia,USDC
37,1.0309670417113457,2989150593868.5254,918,S1_depeg_stablecoin,indonesia,USDC
38,1.025161564078768,2989150593868.5254,918,S1_depeg_stablecoin,indonesia,USDC
39,1.0197477671841915,2989150593868.5254,918,S1_depeg_stablecoin,indonesia,USDC
40,1.0104382476088962,2989150593868.5254,918,S1_depeg_stablecoin,indonesia,USDC
41,1.0094641105130413,2989150593868.5254,918,S1_depeg_stablecoin,indonesia,USDC
42,0.9728352222193969,2989150593868.5254,918,S1_depeg_stablecoin,indonesia,USDC
43,0.9717013304448162,2989150593868.5254,918,S1_depeg_stablecoin,indonesia,USDC
44,0.9505879829041384,2989150593868.5254,918,S1_depeg_stablecoin,indonesia,USDC
45,0.9634315769732521,2987994480746.704,918,S1_depeg_stablecoin,indonesia,USDC
46,0.9630526307478045,2987623856893.722,918,S1_depeg_stablecoin,indonesia,USDC
47,0.9916251181727141,2987233706392.188,918,S1_depeg_stablecoin,indonesia,USDC
48,1.0374260926430874,2987233706392.188,918,S1_depeg_stablecoin,indonesia,USDC
49,1.0465392070521116,2987233706392.188,918,S1_depeg_stablecoin,indonesia,USDC
50,1.060019369299419,2987233706392.188,918,S1_depeg_stablecoin,indonesia,USDC
51,1.0552839127139835,2987233706392.188,918,S1_depeg_stablecoin,indonesia,USDC
52,1.05559275208145,2987233706392.188,918,S1_depeg_stablecoin,indonesia,USDC
53,1.0311755558169529,2987233706392.188,918,S1_depeg_stablecoin,indonesia,USDC
54,1.0486194725238676,2987233706392.188,918,S1_depeg_stablecoin,indonesia,USDC
55,1.0516159520595312,2987233706392.188,918,S1_depeg_stablecoin,indonesia,USDC
56,1.038109599507083,2987233706392.188,918,S1_depeg_stablecoin,indonesia,USDC
57,1.0256811461303295,2987233706392.188,918,S1_depeg_stablecoin,indonesia,USDC
58,1.0620597892172439,2987233706392.188,918,S1_depeg_stablecoin,indonesia,USDC
59,1.0593909444713814,2987233706392.188,918,S1_depeg_stablecoin,indonesia,USDC
60,1.0323837182382314,2987233706392.188,918,S1_depeg_stablecoin,indonesia,USDC
61,1.0673892672657346,2987233706392.188,918,S1_depeg_stablecoin,indonesia,USDC
62,1.0714650021831154,2987233706392.188,918,S1_depeg_stablecoin,indonesia,USDC
63,1.045419886798186,2987233706392.188,918,S1_depeg_stablecoin,indonesia,USDC
64,0.987806200471769,2987233706392.188,918,S1_depeg_stablecoin,indonesia,USDC
65,0.9731314371538199,2987233706392.188,918,S1_depeg_stablecoin,indonesia,USDC
66,0.9714281482027346,2987233706392.188,918,S1_depeg_stablecoin,indonesia,USDC
67,0.9500437259037338,2987233706392.188,918,S1_depeg_stablecoin,indonesia,USDC
68,0.9609269141737389,2986147501594.045,918,S1_depeg_stablecoin,indonesia,USDC
69,0.9536935098339628,2985732976508.0254,918,S1_depeg_stablecoin,indonesia,USDC
70,0.9598570019585949,2984881865109.4233,918,S1_depeg_stablecoin,indonesia,USDC
71,0.9585356654651319,2984419935410.3003,918,S1_depeg_stablecoin,indonesia,USDC
72,0.9493557622336113,2983852396142.3145,918,S1_depeg_stablecoin,indonesia,USDC
73,0.9539399290550331,2982749029994.9,918,S1_depeg_stablecoin,indonesia,USDC
74,0.9182581953753108,2981998192908.5547,918,S1_depeg_stablecoin,indonesia,USDC
75,0.9060823335581244,2979287612778.881,918,S1_depeg_stablecoin,indonesia,USDC
76,0.9311299454852251,2976027184798.6006,918,S1_depeg_stablecoin,indonesia,USDC
77,0.9390844502806104,2974339161207.944,918,S1_depeg_stablecoin,indonesia,USDC
78,0.9340265715060644,2973012930439.0996,918,S1_depeg_stablecoin,indonesia,USDC
79,0.9511846767582767,2971508531919.6865,918,S1_depeg_stablecoin,indonesia,USDC
80,0.9515674249730386,2970699658569.926,918,S1_depeg_stablecoin,indonesia,USDC
81,0.9550686526227219,2969990710250.0615,918,S1_depeg_stablecoin,indonesia,USDC
82,0.9492912693314259,2969465238497.04,918,S1_depeg_stablecoin,indonesia,USDC
83,0.9612364871917988,2968618589993.982,918,S1_depeg_stablecoin,indonesia,USDC
84,0.9570787807537037,2968345502678.9385,918,S1_depeg_stablecoin,indonesia,USDC
85,0.9879684493114204,2967832151896.477,918,S1_depeg_stablecoin,indonesia,USDC
86,1.0062607664557688,2967832151896.477,918,S1_depeg_stablecoin,indonesia,USDC
87,1.0066921145018772,2967832151896.477,918,S1_depeg_stablecoin,indonesia,USDC
88,1.0193799161964234,2967832151896.477,918,S1_depeg_stablecoin,indonesia,USDC
89,1.0008633245228886,2967832151896.477,918,S1_depeg_stablecoin,indonesia,USDC
90,0.9785300004486256,2967832151896.477,918,S1_depeg_stablecoin,indonesia,USDC
91,0.9847293965274335,2967832151896.477,918,S1_depeg_stablecoin,indonesia,USDC
92,0.9731083865992591,2967832151896.477,918,S1_depeg_stablecoin,indonesia,USDC
93,1.0043449505894566,2967832151896.477,918,S1_depeg_stablecoin,indonesia,USDC
94,1.0107836943698314,2967832151896.477,918,S1_depeg_stablecoin,indonesia,USDC
95,1.0075229168789297,2967832151896.477,918,S1_depeg_stablecoin,indonesia,USDC
96,1.0173870471749558,2967832151896.477,918,S1_depeg_stablecoin,indonesia,USDC
97,1.0005451915776475,2967832151896.477,918,S1_depeg_stablecoin,indonesia,USDC
98,0.9799153051648943,2967832151896.477,918,S1_depeg_stablecoin,indonesia,USDC
99,1.0048882409232844,2967832151896.477,918,S1_depeg_stablecoin,indonesia,USDC
100,0.9757302470439682,2967832151896.477,918,S1_depeg_stablecoin,indonesia,USDC
101,0.8037445529420322,2967832151896.477,918,S1_depeg_stablecoin,indonesia,USDC
102,0.7902095860107587,2961314929081.721,918,S1_depeg_stablecoin,indonesia,USDC
103,0.8378245864406424,2955475108196.5605,918,S1_depeg_stablecoin,indonesia,USDC
104,0.8598337738696075,2952048948517.169,918,S1_depeg_stablecoin,indonesia,USDC
105,0.8709501379342719,2949522978825.347,918,S1_depeg_stablecoin,indonesia,USDC
106,0.8820168705888172,2947597104943.815,918,S1_depeg_stablecoin,indonesia,USDC
107,0.874923713020497,2946019725937.4526,918,S1_depeg_stablecoin,indonesia,USDC
108,0.8549647599763152,2944535234281.876,918,S1_depeg_stablecoin,indonesia,USDC
109,0.8523887873670635,2942788698516.726,918,S1_depeg_stablecoin,indonesia,USDC
110,0.8854071781795002,2941247624717.9116,918,S1_depeg_stablecoin,indonesia,USDC
111,0.9013602793670165,2940317565452.8496,918,S1_depeg_stablecoin,indonesia,USDC
112,0.9157410923536116,2939591584052.8677,918,S1_depeg_stablecoin,indonesia,USDC
113,0.9064031506303281,2939058448159.764,918,S1_depeg_stablecoin,indonesia,USDC
114,0.9374037928536124,2938466839311.932,918,S1_depeg_stablecoin,indonesia,USDC
115,0.9331605093062959,2938185214445.9004,918,S1_depeg_stablecoin,indonesia,USDC
116,0.9293844116776773,2937876663471.7754,918,S1_depeg_stablecoin,indonesia,USDC
117,0.9345247490622093,2937548653808.0547,918,S1_depeg_stablecoin,indonesia,USDC
118,0.9390664722151405,2937274264166.9478,918,S1_depeg_stablecoin,indonesia,USDC
119,0.9436537560528443,2937043995231.9375,918,S1_depeg_stablecoin,indonesia,USDC
120,0.953074331856244,2936868476737.8057,918,S1_depeg_stablecoin,indonesia,USDC
121,0.8305618847343147,2936745279178.3657,918,S1_depeg_stablecoin,indonesia,USDC
122,0.8396499078824778,2935768350440.0654,918,S1_depeg_stablecoin,indonesia,USDC
123,0.8914394824620091,2935000442262.1035,918,S1_depeg_stablecoin,indonesia,USDC
124,0.8954669300607178,2934599139680.296,918,S1_depeg_stablecoin,indonesia,USDC
125,0.8829269359718266,2934231004559.252,918,S1_depeg_stablecoin,indonesia,USDC
126,0.9064686411571625,2933851722980.6987,918,S1_depeg_stablecoin,indonesia,USDC
127,0.9247049830503682,2933586880703.29,918,S1_depeg_stablecoin,indonesia,USDC
128,0.9010861918055977,2933420199335.1064,918,S1_depeg_stablecoin,indonesia,USDC
129,0.8910488424793086,2933163576984.96,918,S1_depeg_stablecoin,indonesia,USDC
130,0.8506809873500809,2932903107738.5215,918,S1_depeg_stablecoin,indonesia,USDC
131,0.8758741368555123,2932522392746.1514,918,S1_depeg_stablecoin,indonesia,USDC
132,0.8741372408657822,2932270581569.3936,918,S1_depeg_stablecoin,indonesia,USDC
133,0.8649177244891915,2932032522382.1963,918,S1_depeg_stablecoin,indonesia,USDC
134,0.8698707095836287,2931791545466.845,918,S1_depeg_stablecoin,indonesia,USDC
135,0.9086436945449664,2931591309454.5225,918,S1_depeg_stablecoin,indonesia,USDC
136,0.9339689097238847,2931481259375.301,918,S1_depeg_stablecoin,indonesia,USDC
137,0.9413832701345171,2931421044784.9473,918,S1_depeg_stablecoin,indonesia,USDC
138,0.9408633348011312,2931375120388.5654,918,S1_depeg_stablecoin,indonesia,USDC
139,0.942767349118964,2931328050475.5786,918,S1_depeg_stablecoin,indonesia,USDC
140,0.9220765060685692,2931286845419.4277,918,S1_depeg_stablecoin,indonesia,USDC
141,0.915221617168459,2931215752969.934,918,S1_depeg_stablecoin,indonesia,USDC
142,0.8842915708757978,2931136259073.4653,918,S1_depeg_stablecoin,indonesia,USDC
143,0.9082877735422489,2931021601797.8486,918,S1_depeg_stablecoin,indonesia,USDC
144,0.9132327895427244,2930944397632.8633,918,S1_depeg_stablecoin,indonesia,USDC
145,0.9255530752390007,2930881319656.6064,918,S1_depeg_stablecoin,indonesia,USDC
146,0.928912889649497,2930834920009.8276,918,S1_depeg_stablecoin,indonesia,USDC
147,0.949443169633716,2930795188597.23,918,S1_depeg_stablecoin,indonesia,USDC
148,0.9724403997132391,2930776841946.84,918,S1_depeg_stablecoin,indonesia,USDC
149,0.9625808947874764,2930776841946.84,918,S1_depeg_stablecoin,indonesia,USDC
150,0.9615067092189871,2930769432446.291,918,S1_depeg_stablecoin,indonesia,USDC
151,0.9824811556586152,2930761648592.471,918,S1_depeg_stablecoin,indonesia,USDC
152,0.9825639590549629,2930761648592.471,918,S1_depeg_stablecoin,indonesia,USDC
153,0.9784983232663549,2930761648592.471,918,S1_depeg_stablecoin,indonesia,USDC
154,0.9728363150926475,2930761648592.471,918,S1_depeg_stablecoin,indonesia,USDC
155,0.9684404448490128,2930761648592.471,918,S1_depeg_stablecoin,indonesia,USDC
156,1.000101840768358,2930761648592.471,918,S1_depeg_stablecoin,indonesia,USDC
157,0.9985968058257675,2930761648592.471,918,S1_depeg_stablecoin,indonesia,USDC
158,0.9488882915249834,2930761648592.471,918,S1_depeg_stablecoin,indonesia,USDC
159,0.9358898703260529,2930740894892.909,918,S1_depeg_stablecoin,indonesia,USDC
160,0.9274646420536345,2930711175567.2075,918,S1_depeg_stablecoin,indonesia,USDC
161,0.9434646455353721,2930673855310.2925,918,S1_depeg_stablecoin,indonesia,USDC
162,0.9416838622763022,2930652694599.4346,918,S1_depeg_stablecoin,indonesia,USDC
163,0.9395532221617897,2930629732591.8594,918,S1_depeg_stablecoin,indonesia,USDC
164,0.9751842651279555,2930603942761.7715,918,S1_depeg_stablecoin,indonesia,USDC
165,0.9782158646392943,2930603942761.7715,918,S1_depeg_stablecoin,indonesia,USDC
166,0.9449099711235754,2930603942761.7715,918,S1_depeg_stablecoin,indonesia,USDC
167,0.9368995803265061,2930584884968.6875,918,S1_depeg_stablecoin,indonesia,USDC
168,0.9244686908478034,2930560087135.5166,918,S1_depeg_stablecoin,indonesia,USDC
169,0.9471311098459293,2930525797127.022,918,S1_depeg_stablecoin,indonesia,USDC
170,0.9382126304219685,2930509526915.0757,918,S1_depeg_stablecoin,indonesia,USDC
171,0.9128374070521977,2930487285002.25,918,S1_depeg_stablecoin,indonesia,USDC
172,0.9092864744077847,2930450311681.354,918,S1_depeg_stablecoin,indonesia,USDC
173,0.9081214515770035,2930410114696.4785,918,S1_depeg_stablecoin,indonesia,USDC
174,0.921547389439838,2930373609837.5874,918,S1_depeg_stablecoin,indonesia,USDC
175,0.9466372706106305,2930346151046.9077,918,S1_depeg_stablecoin,indonesia,USDC
176,0.946863021844852,2930333704032.519,918,S1_depeg_stablecoin,indonesia,USDC
177,0.9439148590884747,2930322143978.852,918,S1_depeg_stablecoin,indonesia,USDC
178,0.9254592931396335,2930309806399.627,918,S1_depeg_stablecoin,indonesia,USDC
179,0.9133727818169333,2930286768811.62,918,S1_depeg_stablecoin,indonesia,USDC
180,0.9319713225151245,2930260220408.162,918,S1_depeg_stablecoin,indonesia,USDC
181,0.9177997943286836,2930242495017.582,918,S1_depeg_stablecoin,indonesia,USDC
182,0.9139644052241684,2930219754795.406,918,S1_depeg_stablecoin,indonesia,USDC
183,0.9102270906564273,2930195973918.6064,918,S1_depeg_stablecoin,indonesia,USDC
184,0.8811320228638229,2930173291505.6357,918,S1_depeg_stablecoin,indonesia,USDC
185,0.8502022576394302,2930140578426.277,918,S1_depeg_stablecoin,indonesia,USDC
186,0.8468906635160469,2930099516115.915,918,S1_depeg_stablecoin,indonesia,USDC
187,0.8690141886364817,2930062530210.24,918,S1_depeg_stablecoin,indonesia,USDC
188,0.8819225229516802,2930037211369.9106,918,S1_depeg_stablecoin,indonesia,USDC
189,0.9176386187094565,2930016892139.659,918,S1_depeg_stablecoin,indonesia,USDC
190,0.885422040702974,2930006507669.9575,918,S1_depeg_stablecoin,indonesia,USDC
191,0.8648199260507581,2929989970351.6055,918,S1_depeg_stablecoin,indonesia,USDC
192,0.8694067492689336,2929970249341.782,918,S1_depeg_stablecoin,indonesia,USDC
193,0.8769522568994993,2929953799250.3496,918,S1_depeg_stablecoin,indonesia,USDC
194,0.8795511289698689,2929940746891.0083,918,S1_depeg_stablecoin,indonesia,USDC
195,0.8978314549648542,2929928638547.494,918,S1_depeg_stablecoin,indonesia,USDC
196,0.9157538804117649,2929920103173.7144,918,S1_depeg_stablecoin,indonesia,USDC
197,0.9567593745108771,2929914325790.9595,918,S1_depeg_stablecoin,indonesia,USDC
198,0.9495067390192291,2929912957826.4756,918,S1_depeg_stablecoin,indonesia,USDC
199,0.943330045862421,2929910742438.7935,918,S1_depeg_stablecoin,indonesia,USDC
200,0.9656494184088189,2929907920242.2734,918,S1_depeg_stablecoin,indonesia,USDC
201,0.9697526366500413,2929907587924.7876,918,S1_depeg_stablecoin,indonesia,USDC
202,0.9511688057657616,2929907587924.7876,918,S1_depeg_stablecoin,indonesia,USDC
203,0.9415252678058577,2929905906885.0825,918,S1_depeg_stablecoin,indonesia,USDC
204,0.9482597447257166,2929903330470.446,918,S1_depeg_stablecoin,indonesia,USDC
205,0.9798887341153424,2929901284110.5107,918,S1_depeg_stablecoin,indonesia,USDC
206,1.0169360574819026,2929901284110.5107,918,S1_depeg_stablecoin,indonesia,USDC
207,1.0100308817901276,2929901284110.5107,918,S1_depeg_stablecoin,indonesia,USDC
208,1.0081042488574818,2929901284110.5107,918,S1_depeg_stablecoin,indonesia,USDC
209,0.9996687876744718,2929901284110.5107,918,S1_depeg_stablecoin,indonesia,USDC
210,0.999840106724613,2929901284110.5107,918,S1_depeg_stablecoin,indonesia,USDC
211,0.991425627298947,2929901284110.5107,918,S1_depeg_stablecoin,indonesia,USDC
212,0.9580653123695363,2929901284110.5107,918,S1_depeg_stablecoin,indonesia,USDC
213,0.9549103365569891,2929900137563.328,918,S1_depeg_stablecoin,indonesia,USDC
214,0.9574801258564168,2929898777687.9043,918,S1_depeg_stablecoin,indonesia,USDC
215,0.9657746036837465,2929897607273.363,918,S1_depeg_stablecoin,indonesia,USDC
216,0.9680620221399007,2929897322094.713,918,S1_depeg_stablecoin,indonesia,USDC
217,0.9689757511317156,2929897290720.933,918,S1_depeg_stablecoin,indonesia,USDC
218,0.9260280568737779,2929897196539.6377,918,S1_depeg_stablecoin,indonesia,USDC
219,0.9538349996997736,2929893389768.92,918,S1_depeg_stablecoin,indonesia,USDC
220,0.9280313439972674,2929892171345.2324,918,S1_depeg_stablecoin,indonesia,USDC
221,0.9626413028825943,2929888845649.618,918,S1_depeg_stablecoin,indonesia,USDC
222,0.9845821356440098,2929888233072.5615,918,S1_depeg_stablecoin,indonesia,USDC
223,0.9976800442881487,2929888233072.5615,918,S1_depeg_stablecoin,indonesia,USDC
224,0.9880043415157977,2929888233072.5615,918,S1_depeg_stablecoin,indonesia,USDC
225,0.990959446865424,2929888233072.5615,918,S1_depeg_stablecoin,indonesia,USDC
226,0.9865204458562956,2929888233072.5615,918,S1_depeg_stablecoin,indonesia,USDC
227,0.9896403155663199,2929888233072.5615,918,S1_depeg_stablecoin,indonesia,USDC
228,1.0207008118624656,2929888233072.5615,918,S1_depeg_stablecoin,indonesia,USDC
229,1.025705474972818,2929888233072.5615,918,S1_depeg_stablecoin,indonesia,USDC
230,0.9800546158013339,2929888233072.5615,918,S1_depeg_stablecoin,indonesia,USDC
231,0.9657254276594244,2929888233072.5615,918,S1_depeg_stablecoin,indonesia,USDC
232,0.9527681408769496,2929887927617.1924,918,S1_depeg_stablecoin,indonesia,USDC
233,0.9841569786326319,2929886638274.66,918,S1_depeg_stablecoin,indonesia,USDC
234,1.0102574846645083,2929886638274.66,918,S1_depeg_stablecoin,indonesia,USDC
235,1.0094387127610926,2929886638274.66,918,S1_depeg_stablecoin,indonesia,USDC
236,1.0063469866724355,2929886638274.66,918,S1_depeg_stablecoin,indonesia,USDC
237,0.9835026002351356,2929886638274.66,918,S1_depeg_stablecoin,indonesia,USDC
238,0.9958455418995783,2929886638274.66,918,S1_depeg_stablecoin,indonesia,USDC
239,1.007073649422591,2929886638274.66,918,S1_depeg_stablecoin,indonesia,USDC
240,0.9838646290827364,2929886638274.66,918,S1_depeg_stablecoin,indonesia,USDC
241,0.9847631887788995,2929886638274.66,918,S1_depeg_stablecoin,indonesia,USDC
242,1.0109337617168668,2929886638274.66,918,S1_depeg_stablecoin,indonesia,USDC
243,0.989102808131556,2929886638274.66,918,S1_depeg_stablecoin,indonesia,USDC
244,1.0060147905391663,2929886638274.66,918,S1_depeg_stablecoin,indonesia,USDC
245,1.0017631395379383,2929886638274.66,918,S1_depeg_stablecoin,indonesia,USDC
246,1.0150843974660149,2929886638274.66,918,S1_depeg_stablecoin,indonesia,USDC
247,0.9757565700809236,2929886638274.66,918,S1_depeg_stablecoin,indonesia,USDC
248,0.948358885473263,2929886638274.66,918,S1_depeg_stablecoin,indonesia,USDC
249,0.9345167569468854,2929885095068.9526,918,S1_depeg_stablecoin,indonesia,USDC
250,0.9575854600988477,2929882447968.369,918,S1_depeg_stablecoin,indonesia,USDC
251,0.9511531048000283,2929881658950.0093,918,S1_depeg_stablecoin,indonesia,USDC
252,0.954162764166107,2929880356364.7236,918,S1_depeg_stablecoin,indonesia,USDC
253,0.9905721989240034,2929879293471.5874,918,S1_depeg_stablecoin,indonesia,USDC
254,0.9517931293259757,2929879293471.5874,918,S1_depeg_stablecoin,indonesia,USDC
255,0.9806393069062423,2929878134042.695,918,S1_depeg_stablecoin,indonesia,USDC
256,0.9759781259190189,2929878134042.695,918,S1_depeg_stablecoin,indonesia,USDC
257,0.9586758150749729,2929878134042.695,918,S1_depeg_stablecoin,indonesia,USDC
258,0.931253971831352,2929877366771.087,918,S1_depeg_stablecoin,indonesia,USDC
259,0.9428475036349805,2929874768084.439,918,S1_depeg_stablecoin,indonesia,USDC
260,0.9515758942540867,2929873031764.54,918,S1_depeg_stablecoin,indonesia,USDC
261,0.9664947729464161,2929871798411.7837,918,S1_depeg_stablecoin,indonesia,USDC
262,1.0077283413380824,2929871568220.57,918,S1_depeg_stablecoin,indonesia,USDC
263,1.0006809782324464,2929871568220.57,918,S1_depeg_stablecoin,indonesia,USDC
264,1.0324146370429443,2929871568220.57,918,S1_depeg_stablecoin,indonesia,USDC
265,1.0424434452488713,2929871568220.57,918,S1_depeg_stablecoin,indonesia,USDC
266,1.0493082197558228,2929871568220.57,918,S1_depeg_stablecoin,indonesia,USDC
267,1.0870026918885187,2929871568220.57,918,S1_depeg_stablecoin,indonesia,USDC
268,1.0751645762765139,2929871568220.57,918,S1_depeg_stablecoin,indonesia,USDC
269,1.0614414020934337,2929871568220.57,918,S1_depeg_stablecoin,indonesia,USDC
270,1.049029967740899,2929871568220.57,918,S1_depeg_stablecoin,indonesia,USDC
271,1.0541222675898747,2929871568220.57,918,S1_depeg_stablecoin,indonesia,USDC
272,1.0698506410949156,2929871568220.57,918,S1_depeg_stablecoin,indonesia,USDC
273,1.0743768574079784,2929871568220.57,918,S1_depeg_stablecoin,indonesia,USDC
274,1.0724797314773469,2929871568220.57,918,S1_depeg_stablecoin,indonesia,USDC
275,1.017319452041985,2929871568220.57,918,S1_depeg_stablecoin,indonesia,USDC
276,0.9800274806993273,2929871568220.57,918,S1_depeg_stablecoin,indonesia,USDC
277,0.9773774716482324,2929871568220.57,918,S1_depeg_stablecoin,indonesia,USDC
278,0.9785755397952304,2929871568220.57,918,S1_depeg_stablecoin,indonesia,USDC
279,0.9826734029353228,2929871568220.57,918,S1_depeg_stablecoin,indonesia,USDC
280,1.004504168956863,2929871568220.57,918,S1_depeg_stablecoin,indonesia,USDC
281,1.0156700538316514,2929871568220.57,918,S1_depeg_stablecoin,indonesia,USDC
282,1.0116871410423651,2929871568220.57,918,S1_depeg_stablecoin,indonesia,USDC
283,0.9898695839836974,2929871568220.57,918,S1_depeg_stablecoin,indonesia,USDC
284,1.0064891046270874,2929871568220.57,918,S1_depeg_stablecoin,indonesia,USDC
285,0.9865709298155952,2929871568220.57,918,S1_depeg_stablecoin,indonesia,USDC
286,0.9843338176736173,2929871568220.57,918,S1_depeg_stablecoin,indonesia,USDC
287,0.9700049223304648,2929871568220.57,918,S1_depeg_stablecoin,indonesia,USDC
288,0.9673800683060868,2929871568220.57,918,S1_depeg_stablecoin,indonesia,USDC
289,0.9817734999679534,2929871503511.0527,918,S1_depeg_stablecoin,indonesia,USDC
290,1.0047570873758287,2929871503511.0527,918,S1_depeg_stablecoin,indonesia,USDC
291,1.0007584261489297,2929871503511.0527,918,S1_depeg_stablecoin,indonesia,USDC
292,1.0087757511183002,2929871503511.0527,918,S1_depeg_stablecoin,indonesia,USDC
293,0.9764962574423607,2929871503511.0527,918,S1_depeg_stablecoin,indonesia,USDC
294,1.0006940736245706,2929871503511.0527,918,S1_depeg_stablecoin,indonesia,USDC
295,0.9151758497219903,2929871503511.0527,918,S1_depeg_stablecoin,indonesia,USDC
296,0.9499877224773688,2929868006937.627,918,S1_depeg_stablecoin,indonesia,USDC
297,0.9673328945067039,2929866819617.2646,918,S1_depeg_stablecoin,indonesia,USDC
298,0.9624786589646541,2929866757036.027,918,S1_depeg_stablecoin,indonesia,USDC
299,0.9858356670014171,2929866341587.935,918,S1_depeg_stablecoin,indonesia,USDC
300,0.9727845945146915,2929866341587.935,918,S1_depeg_stablecoin,indonesia,USDC
301,1.0133765942825628,2929866341587.935,918,S1_depeg_stablecoin,indonesia,USDC
302,1.001035601570807,2929866341587.935,918,S1_depeg_stablecoin,indonesia,USDC
303,1.0463362342702656,2929866341587.935,918,S1_depeg_stablecoin,indonesia,USDC
304,1.0335486689365905,2929866341587.935,918,S1_depeg_stablecoin,indonesia,USDC
305,0.9710106282218092,2929866341587.935,918,S1_depeg_stablecoin,indonesia,USDC
306,0.9220213551896477,2929866341587.935,918,S1_depeg_stablecoin,indonesia,USDC
307,0.9218590137422474,2929863694810.53,918,S1_depeg_stablecoin,indonesia,USDC
308,0.9345282493639737,2929861088806.831,918,S1_depeg_stablecoin,indonesia,USDC
309,0.9392743732836855,2929859329820.77,918,S1_depeg_stablecoin,indonesia,USDC
310,0.9424039387567836,2929857762825.9478,918,S1_depeg_stablecoin,indonesia,USDC
311,0.9465287634569021,2929856497324.6978,918,S1_depeg_stablecoin,indonesia,USDC
312,0.9426372484872739,2929855326191.5327,918,S1_depeg_stablecoin,indonesia,USDC
313,0.932019870268777,2929854084850.6157,918,S1_depeg_stablecoin,indonesia,USDC
314,0.9408956373619051,2929852445378.951,918,S1_depeg_stablecoin,indonesia,USDC
315,0.9646752892135675,2929851114748.96,918,S1_depeg_stablecoin,indonesia,USDC
316,0.9929612423706469,2929850903254.8745,918,S1_depeg_stablecoin,indonesia,USDC
317,0.9919711842288337,2929850903254.8745,918,S1_depeg_stablecoin,indonesia,USDC
318,1.0001691856750112,2929850903254.8745,918,S1_depeg_stablecoin,indonesia,USDC
319,1.0060296110290148,2929850903254.8745,918,S1_depeg_stablecoin,indonesia,USDC
320,0.9782782440232448,2929850903254.8745,918,S1_depeg_stablecoin,indonesia,USDC
321,0.9779342045842025,2929850903254.8745,918,S1_depeg_stablecoin,indonesia,USDC
322,0.9940666325588778,2929850903254.8745,918,S1_depeg_stablecoin,indonesia,USDC
323,1.0092951879335783,2929850903254.8745,918,S1_depeg_stablecoin,indonesia,USDC
324,1.0082386026035963,2929850903254.8745,918,S1_depeg_stablecoin,indonesia,USDC
325,1.0225925285671442,2929850903254.8745,918,S1_depeg_stablecoin,indonesia,USDC
326,1.0340427896489224,2929850903254.8745,918,S1_depeg_stablecoin,indonesia,USDC
327,1.0194494742171178,2929850903254.8745,918,S1_depeg_stablecoin,indonesia,USDC
328,0.9996900753510902,2929850903254.8745,918,S1_depeg_stablecoin,indonesia,USDC
329,1.028493534788301,2929850903254.8745,918,S1_depeg_stablecoin,indonesia,USDC
330,1.0385048026132384,2929850903254.8745,918,S1_depeg_stablecoin,indonesia,USDC
331,1.0452295527788622,2929850903254.8745,918,S1_depeg_stablecoin,indonesia,USDC
332,1.039514901851814,2929850903254.8745,918,S1_depeg_stablecoin,indonesia,USDC
333,1.0343521647161815,2929850903254.8745,918,S1_depeg_stablecoin,indonesia,USDC
334,1.0138212087037415,2929850903254.8745,918,S1_depeg_stablecoin,indonesia,USDC
335,1.0282968101049097,2929850903254.8745,918,S1_depeg_stablecoin,indonesia,USDC
336,1.02782248833403,2929850903254.8745,918,S1_depeg_stablecoin,indonesia,USDC
337,1.0419233391579295,2929850903254.8745,918,S1_depeg_stablecoin,indonesia,USDC
338,1.0142025691312624,2929850903254.8745,918,S1_depeg_stablecoin,indonesia,USDC
339,1.0049328861498354,2929850903254.8745,918,S1_depeg_stablecoin,indonesia,USDC
340,1.0035163238111007,2929850903254.8745,918,S1_depeg_stablecoin,indonesia,USDC
341,1.0031644627082035,2929850903254.8745,918,S1_depeg_stablecoin,indonesia,USDC
342,0.9798952542001389,2929850903254.8745,918,S1_depeg_stablecoin,indonesia,USDC
343,1.0036952880544625,2929850903254.8745,918,S1_depeg_stablecoin,indonesia,USDC
344,0.977802675689664,2929850903254.8745,918,S1_depeg_stablecoin,indonesia,USDC
345,0.9969581046822331,2929850903254.8745,918,S1_depeg_stablecoin,indonesia,USDC
346,0.9860937024804032,2929850903254.8745,918,S1_depeg_stablecoin,indonesia,USDC
347,0.9783892926408033,2929850903254.8745,918,S1_depeg_stablecoin,indonesia,USDC
348,0.9704829972176875,2929850903254.8745,918,S1_depeg_stablecoin,indonesia,USDC
349,0.9796526829946485,2929850903254.8745,918,S1_depeg_stablecoin,indonesia,USDC
350,0.9761492746867514,2929850903254.8745,918,S1_depeg_stablecoin,indonesia,USDC
351,1.0105760619809763,2929850903254.8745,918,S1_depeg_stablecoin,indonesia,USDC
352,1.050352707024134,2929850903254.8745,918,S1_depeg_stablecoin,indonesia,USDC
353,1.0588453632543602,2929850903254.8745,918,S1_depeg_stablecoin,indonesia,USDC
354,1.0528537328460037,2929850903254.8745,918,S1_depeg_stablecoin,indonesia,USDC
355,0.9970297803854682,2929850903254.8745,918,S1_depeg_stablecoin,indonesia,USDC
356,1.0310985469615623,2929850903254.8745,918,S1_depeg_stablecoin,indonesia,USDC
357,1.0251865383235264,2929850903254.8745,918,S1_depeg_stablecoin,indonesia,USDC
358,1.037537657011483,2929850903254.8745,918,S1_depeg_stablecoin,indonesia,USDC
359,1.0343390038427576,2929850903254.8745,918,S1_depeg_stablecoin,indonesia,USDC
360,1.0453089106821067,2929850903254.8745,918,S1_depeg_stablecoin,indonesia,USDC
361,1.0356213589175187,2929850903254.8745,918,S1_depeg_stablecoin,indonesia,USDC
362,1.0481915618443591,2929850903254.8745,918,S1_depeg_stablecoin,indonesia,USDC
363,1.0447959478994373,2929850903254.8745,918,S1_depeg_stablecoin,indonesia,USDC
364,1.0457824431343596,2929850903254.8745,918,S1_depeg_stablecoin,indonesia,USDC
365,1.0117847437165401,2929850903254.8745,918,S1_depeg_stablecoin,indonesia,USDC
366,0.9771773337970046,2929850903254.8745,918,S1_depeg_stablecoin,indonesia,USDC
367,0.9693025233010226,2929850903254.8745,918,S1_depeg_stablecoin,indonesia,USDC
368,0.9497286338485429,2929850872475.6157,918,S1_depeg_stablecoin,indonesia,USDC
369,0.9380939118918802,2929850089397.351,918,S1_depeg_stablecoin,indonesia,USDC
370,0.9655934168216063,2929848795538.5933,918,S1_depeg_stablecoin,indonesia,USDC
371,0.9547435695553423,2929848660069.3193,918,S1_depeg_stablecoin,indonesia,USDC
372,0.9653662678728682,2929848086911.5444,918,S1_depeg_stablecoin,indonesia,USDC
373,0.9845606396921895,2929847942450.4575,918,S1_depeg_stablecoin,indonesia,USDC
374,1.0193103635288898,2929847942450.4575,918,S1_depeg_stablecoin,indonesia,USDC
375,1.0190315636298917,2929847942450.4575,918,S1_depeg_stablecoin,indonesia,USDC
376,1.0276730400658662,2929847942450.4575,918,S1_depeg_stablecoin,indonesia,USDC
377,1.0087545312825479,2929847942450.4575,918,S1_depeg_stablecoin,indonesia,USDC
378,1.0384808695213879,2929847942450.4575,918,S1_depeg_stablecoin,indonesia,USDC
379,1.0523097318159556,2929847942450.4575,918,S1_depeg_stablecoin,indonesia,USDC
380,1.022966974155892,2929847942450.4575,918,S1_depeg_stablecoin,indonesia,USDC
381,1.037504943102867,2929847942450.4575,918,S1_depeg_stablecoin,indonesia,USDC
382,1.0177489377116076,2929847942450.4575,918,S1_depeg_stablecoin,indonesia,USDC
383,1.0099662227102442,2929847942450.4575,918,S1_depeg_stablecoin,indonesia,USDC
384,1.0496956594664504,2929847942450.4575,918,S1_depeg_stablecoin,indonesia,USDC
385,1.0516402421849878,2929847942450.4575,918,S1_depeg_stablecoin,indonesia,USDC
386,1.064293117443622,2929847942450.4575,918,S1_depeg_stablecoin,indonesia,USDC
387,1.07685707150669,2929847942450.4575,918,S1_depeg_stablecoin,indonesia,USDC
388,1.0582411969596401,2929847942450.4575,918,S1_depeg_stablecoin,indonesia,USDC
389,1.0747334502970225,2929847942450.4575,918,S1_depeg_stablecoin,indonesia,USDC
390,1.0750635474954007,2929847942450.4575,918,S1_depeg_stablecoin,indonesia,USDC
391,1.0828773114320518,2929847942450.4575,918,S1_depeg_stablecoin,indonesia,USDC
392,1.065954995675114,2929847942450.4575,918,S1_depeg_stablecoin,indonesia,USDC
393,1.036810128857704,2929847942450.4575,918,S1_depeg_stablecoin,indonesia,USDC
394,1.0489448360757099,2929847942450.4575,918,S1_depeg_stablecoin,indonesia,USDC
395,1.0434785324920777,2929847942450.4575,918,S1_depeg_stablecoin,indonesia,USDC
396,1.062121248463374,2929847942450.4575,918,S1_depeg_stablecoin,indonesia,USDC
397,1.042056690898717,2929847942450.4575,918,S1_depeg_stablecoin,indonesia,USDC
398,1.0154908558739117,2929847942450.4575,918,S1_depeg_stablecoin,indonesia,USDC
399,1.0158746363269664,2929847942450.4575,918,S1_depeg_stablecoin,indonesia,USDC
400,1.010333212434617,2929847942450.4575,918,S1_depeg_stablecoin,indonesia,USDC
401,0.9959617787272314,2929847942450.4575,918,S1_depeg_stablecoin,indonesia,USDC
402,1.0114327335708075,2929847942450.4575,918,S1_depeg_stablecoin,indonesia,USDC
403,1.0247990256007224,2929847942450.4575,918,S1_depeg_stablecoin,indonesia,USDC
404,1.0208225715205868,2929847942450.4575,918,S1_depeg_stablecoin,indonesia,USDC
405,1.0782835964772322,2929847942450.4575,918,S1_depeg_stablecoin,indonesia,USDC
406,1.0874225906439732,2929847942450.4575,918,S1_depeg_stablecoin,indonesia,USDC
407,1.083931085176739,2929847942450.4575,918,S1_depeg_stablecoin,indonesia,USDC
408,1.1319271276348644,2929847942450.4575,918,S1_depeg_stablecoin,indonesia,USDC
409,1.149854783308145,2929847942450.4575,918,S1_depeg_stablecoin,indonesia,USDC
410,1.1638149977841508,2929847942450.4575,918,S1_depeg_stablecoin,indonesia,USDC
411,1.1150436641036734,2929847942450.4575,918,S1_depeg_stablecoin,indonesia,USDC
412,1.0734298023922912,2929847942450.4575,918,S1_depeg_stablecoin,indonesia,USDC
413,1.0879011057399164,2929847942450.4575,918,S1_depeg_stablecoin,indonesia,USDC
414,1.124573857355243,2929847942450.4575,918,S1_depeg_stablecoin,indonesia,USDC
415,1.0832967844597383,2929847942450.4575,918,S1_depeg_stablecoin,indonesia,USDC
416,1.102435020900307,2929847942450.4575,918,S1_depeg_stablecoin,indonesia,USDC
417,1.0632639391546443,2929847942450.4575,918,S1_depeg_stablecoin,indonesia,USDC
418,1.0343159459355549,2929847942450.4575,918,S1_depeg_stablecoin,indonesia,USDC
419,0.9911308223053737,2929847942450.4575,918,S1_depeg_stablecoin,indonesia,USDC
420,1.0017066750877681,2929847942450.4575,918,S1_depeg_stablecoin,indonesia,USDC
421,1.010402832812476,2929847942450.4575,918,S1_depeg_stablecoin,indonesia,USDC
422,1.0143009073477065,2929847942450.4575,918,S1_depeg_stablecoin,indonesia,USDC
423,1.0480286427113603,2929847942450.4575,918,S1_depeg_stablecoin,indonesia,USDC
424,1.0967209770945818,2929847942450.4575,918,S1_depeg_stablecoin,indonesia,USDC
425,1.114616177434984,2929847942450.4575,918,S1_depeg_stablecoin,indonesia,USDC
426,1.1298460877859064,2929847942450.4575,918,S1_depeg_stablecoin,indonesia,USDC
427,1.113458461892697,2929847942450.4575,918,S1_depeg_stablecoin,indonesia,USDC
428,1.081322700699363,2929847942450.4575,918,S1_depeg_stablecoin,indonesia,USDC
429,1.072211095838008,2929847942450.4575,918,S1_depeg_stablecoin,indonesia,USDC
430,1.0901862336689025,2929847942450.4575,918,S1_depeg_stablecoin,indonesia,USDC
431,1.0574663560071338,2929847942450.4575,918,S1_depeg_stablecoin,indonesia,USDC
432,1.061046081129861,2929847942450.4575,918,S1_depeg_stablecoin,indonesia,USDC
433,1.06155198160665,2929847942450.4575,918,S1_depeg_stablecoin,indonesia,USDC
434,1.0433062472521355,2929847942450.4575,918,S1_depeg_stablecoin,indonesia,USDC
435,1.0591275436343714,2929847942450.4575,918,S1_depeg_stablecoin,indonesia,USDC
436,1.0845549708967306,2929847942450.4575,918,S1_depeg_stablecoin,indonesia,USDC
437,1.0653203686133519,2929847942450.4575,918,S1_depeg_stablecoin,indonesia,USDC
438,1.0803854100299832,2929847942450.4575,918,S1_depeg_stablecoin,indonesia,USDC
439,1.0797563371267425,2929847942450.4575,918,S1_depeg_stablecoin,indonesia,USDC
440,1.0436216380385113,2929847942450.4575,918,S1_depeg_stablecoin,indonesia,USDC
441,1.0262744130667383,2929847942450.4575,918,S1_depeg_stablecoin,indonesia,USDC
442,1.0531060887417998,2929847942450.4575,918,S1_depeg_stablecoin,indonesia,USDC
443,1.024480272237948,2929847942450.4575,918,S1_depeg_stablecoin,indonesia,USDC
444,1.028544496038893,2929847942450.4575,918,S1_depeg_stablecoin,indonesia,USDC
445,1.0149104653070629,2929847942450.4575,918,S1_depeg_stablecoin,indonesia,USDC
446,0.9973720102436756,2929847942450.4575,918,S1_depeg_stablecoin,indonesia,USDC
447,1.0063265133444312,2929847942450.4575,918,S1_depeg_stablecoin,indonesia,USDC
448,0.9290778889775474,2929847942450.4575,918,S1_depeg_stablecoin,indonesia,USDC
449,0.936981453003937,2929846310731.34,918,S1_depeg_stablecoin,indonesia,USDC
450,0.9400398166754094,2929845134099.9473,918,S1_depeg_stablecoin,indonesia,USDC
451,0.9602753890537988,2929844065840.159,918,S1_depeg_stablecoin,indonesia,USDC
452,0.9564456766301099,2929843705246.1147,918,S1_depeg_stablecoin,indonesia,USDC
453,0.9229533798102395,2929843287624.332,918,S1_depeg_stablecoin,indonesia,USDC
454,0.9407540236055727,2929841720609.8916,918,S1_depeg_stablecoin,indonesia,USDC
455,0.9516308638827682,2929840706862.4785,918,S1_depeg_stablecoin,indonesia,USDC
456,0.9228252924346299,2929840089334.3896,918,S1_depeg_stablecoin,indonesia,USDC
457,0.9415063979720686,2929838660727.188,918,S1_depeg_stablecoin,indonesia,USDC
458,0.9517773177035519,2929837791934.4,918,S1_depeg_stablecoin,indonesia,USDC
459,0.9358137045043546,2929837234090.3784,918,S1_depeg_stablecoin,indonesia,USDC
460,0.9801045325883121,2929836303618.6523,918,S1_depeg_stablecoin,indonesia,USDC
461,0.9885853596945848,2929836303618.6523,918,S1_depeg_stablecoin,indonesia,USDC
462,0.9626960503070991,2929836303618.6523,918,S1_depeg_stablecoin,indonesia,USDC
463,0.991166399778752,2929836126656.2783,918,S1_depeg_stablecoin,indonesia,USDC
464,1.0075304754630605,2929836126656.2783,918,S1_depeg_stablecoin,indonesia,USDC
465,0.9972761863646427,2929836126656.2783,918,S1_depeg_stablecoin,indonesia,USDC
466,0.9852289714394519,2929836126656.2783,918,S1_depeg_stablecoin,indonesia,USDC
467,0.9945013571004384,2929836126656.2783,918,S1_depeg_stablecoin,indonesia,USDC
468,1.0062536648104583,2929836126656.2783,918,S1_depeg_stablecoin,indonesia,USDC
469,0.9875450138280316,2929836126656.2783,918,S1_depeg_stablecoin,indonesia,USDC
470,1.0472897049510574,2929836126656.2783,918,S1_depeg_stablecoin,indonesia,USDC
471,1.0319810276104928,2929836126656.2783,918,S1_depeg_stablecoin,indonesia,USDC
472,1.0177239283947732,2929836126656.2783,918,S1_depeg_stablecoin,indonesia,USDC
473,0.9956792893325609,2929836126656.2783,918,S1_depeg_stablecoin,indonesia,USDC
474,1.0151860010997866,2929836126656.2783,918,S1_depeg_stablecoin,indonesia,USDC
475,0.9878497495315094,2929836126656.2783,918,S1_depeg_stablecoin,indonesia,USDC
476,0.9619404524515508,2929836126656.2783,918,S1_depeg_stablecoin,indonesia,USDC
477,0.9183308656334596,2929835912818.2925,918,S1_depeg_stablecoin,indonesia,USDC
478,0.9556969470294007,2929834431185.9517,918,S1_depeg_stablecoin,indonesia,USDC
479,0.9540581653932766,2929834063205.0503,918,S1_depeg_stablecoin,indonesia,USDC
480,0.9774816634090973,2929833657271.332,918,S1_depeg_stablecoin,indonesia,USDC
481,0.9762780902372402,2929833657271.332,918,S1_depeg_stablecoin,indonesia,USDC
482,1.0387637796986455,2929833657271.332,918,S1_depeg_stablecoin,indonesia,USDC
483,1.0066115218621048,2929833657271.332,918,S1_depeg_stablecoin,indonesia,USDC
484,1.0133290237085721,2929833657271.332,918,S1_depeg_stablecoin,indonesia,USDC
485,1.0188351614034707,2929833657271.332,918,S1_depeg_stablecoin,indonesia,USDC
486,0.9950143532811547,2929833657271.332,918,S1_depeg_stablecoin,indonesia,USDC
487,1.0282277387547412,2929833657271.332,918,S1_depeg_stablecoin,indonesia,USDC
488,1.0487848948859981,2929833657271.332,918,S1_depeg_stablecoin,indonesia,USDC
489,1.025854380716791,2929833657271.332,918,S1_depeg_stablecoin,indonesia,USDC
490,1.0527315180702732,2929833657271.332,918,S1_depeg_stablecoin,indonesia,USDC
491,1.0258653626121332,2929833657271.332,918,S1_depeg_stablecoin,indonesia,USDC
492,1.0065750633187274,2929833657271.332,918,S1_depeg_stablecoin,indonesia,USDC
493,1.021221562348163,2929833657271.332,918,S1_depeg_stablecoin,indonesia,USDC
494,1.0389914211780222,2929833657271.332,918,S1_depeg_stablecoin,indonesia,USDC
495,1.0387267919669763,2929833657271.332,918,S1_depeg_stablecoin,indonesia,USDC
496,1.0312592800680311,2929833657271.332,918,S1_depeg_stablecoin,indonesia,USDC
497,1.0559127657233467,2929833657271.332,918,S1_depeg_stablecoin,indonesia,USDC
498,1.068533187296958,2929833657271.332,918,S1_depeg_stablecoin,indonesia,USDC
499,1.0559893796703905,2929833657271.332,918,S1_depeg_stablecoin,indonesia,USDC
500,1.058287116840421,2929833657271.332,918,S1_depeg_stablecoin,indonesia,USDC
501,1.0303192209768282,2929833657271.332,918,S1_depeg_stablecoin,indonesia,USDC
502,1.0399136453276698,2929833657271.332,918,S1_depeg_stablecoin,indonesia,USDC
503,1.0279072854886584,2929833657271.332,918,S1_depeg_stablecoin,indonesia,USDC
504,1.0247630258105997,2929833657271.332,918,S1_depeg_stablecoin,indonesia,USDC
505,1.0117538870848666,2929833657271.332,918,S1_depeg_stablecoin,indonesia,USDC
506,1.0117455220093585,2929833657271.332,918,S1_depeg_stablecoin,indonesia,USDC
507,1.0148404142449234,2929833657271.332,918,S1_depeg_stablecoin,indonesia,USDC
508,1.0401621489421455,2929833657271.332,918,S1_depeg_stablecoin,indonesia,USDC
509,1.0315333861082228,2929833657271.332,918,S1_depeg_stablecoin,indonesia,USDC
510,1.0361730376811027,2929833657271.332,918,S1_depeg_stablecoin,indonesia,USDC
511,1.040239893789826,2929833657271.332,918,S1_depeg_stablecoin,indonesia,USDC
512,1.0684927669373914,2929833657271.332,918,S1_depeg_stablecoin,indonesia,USDC
513,1.051601575930804,2929833657271.332,918,S1_depeg_stablecoin,indonesia,USDC
514,1.0386013843691866,2929833657271.332,918,S1_depeg_stablecoin,indonesia,USDC
515,1.0804138705155082,2929833657271.332,918,S1_depeg_stablecoin,indonesia,USDC
516,1.0807167061616454,2929833657271.332,918,S1_depeg_stablecoin,indonesia,USDC
517,1.0913391760340185,2929833657271.332,918,S1_depeg_stablecoin,indonesia,USDC
518,1.0728088244176799,2929833657271.332,918,S1_depeg_stablecoin,indonesia,USDC
519,1.094417577704267,2929833657271.332,918,S1_depeg_stablecoin,indonesia,USDC
520,1.0661917084252834,2929833657271.332,918,S1_depeg_stablecoin,indonesia,USDC
521,1.0932432669574508,2929833657271.332,918,S1_depeg_stablecoin,indonesia,USDC
522,1.0873242087634838,2929833657271.332,918,S1_depeg_stablecoin,indonesia,USDC
523,1.0739911883910518,2929833657271.332,918,S1_depeg_stablecoin,indonesia,USDC
524,1.0670644649597638,2929833657271.332,918,S1_depeg_stablecoin,indonesia,USDC
525,1.0794598746478101,2929833657271.332,918,S1_depeg_stablecoin,indonesia,USDC
526,1.1040465347214565,2929833657271.332,918,S1_depeg_stablecoin,indonesia,USDC
527,1.109640398041963,2929833657271.332,918,S1_depeg_stablecoin,indonesia,USDC
528,1.0837242214394298,2929833657271.332,918,S1_depeg_stablecoin,indonesia,USDC
529,1.059498963560151,2929833657271.332,918,S1_depeg_stablecoin,indonesia,USDC
530,1.097464241876736,2929833657271.332,918,S1_depeg_stablecoin,indonesia,USDC
531,1.0919220135721175,2929833657271.332,918,S1_depeg_stablecoin,indonesia,USDC
532,1.0808953265174792,2929833657271.332,918,S1_depeg_stablecoin,indonesia,USDC
533,1.0676958226352,2929833657271.332,918,S1_depeg_stablecoin,indonesia,USDC
534,1.0690714832473578,2929833657271.332,918,S1_depeg_stablecoin,indonesia,USDC
535,1.0575694784700782,2929833657271.332,918,S1_depeg_stablecoin,indonesia,USDC
536,1.0563839269140969,2929833657271.332,918,S1_depeg_stablecoin,indonesia,USDC
537,1.046749681440352,2929833657271.332,918,S1_depeg_stablecoin,indonesia,USDC
538,1.066494658420368,2929833657271.332,918,S1_depeg_stablecoin,indonesia,USDC
539,1.0900190376987193,2929833657271.332,918,S1_depeg_stablecoin,indonesia,USDC
540,1.0680423669053545,2929833657271.332,918,S1_depeg_stablecoin,indonesia,USDC
541,1.067479229843098,2929833657271.332,918,S1_depeg_stablecoin,indonesia,USDC
542,1.0501325777851929,2929833657271.332,918,S1_depeg_stablecoin,indonesia,USDC
543,1.0206125265598742,2929833657271.332,918,S1_depeg_stablecoin,indonesia,USDC
544,0.9931251093933687,2929833657271.332,918,S1_depeg_stablecoin,indonesia,USDC
545,0.9831473462075457,2929833657271.332,918,S1_depeg_stablecoin,indonesia,USDC
546,0.9869284013566415,2929833657271.332,918,S1_depeg_stablecoin,indonesia,USDC
547,0.9801180166286714,2929833657271.332,918,S1_depeg_stablecoin,indonesia,USDC
548,1.0158308995758107,2929833657271.332,918,S1_depeg_stablecoin,indonesia,USDC
549,0.977931778460818,2929833657271.332,918,S1_depeg_stablecoin,indonesia,USDC
550,0.9807567398149554,2929833657271.332,918,S1_depeg_stablecoin,indonesia,USDC
551,0.9670944578308861,2929833657271.332,918,S1_depeg_stablecoin,indonesia,USDC
552,0.9818583840429417,2929833594356.325,918,S1_depeg_stablecoin,indonesia,USDC
553,0.9682561398689722,2929833594356.325,918,S1_depeg_stablecoin,indonesia,USDC
554,0.9796988721960271,2929833548518.58,918,S1_depeg_stablecoin,indonesia,USDC
555,0.992675714013228,2929833548518.58,918,S1_depeg_stablecoin,indonesia,USDC
556,0.9605262045367802,2929833548518.58,918,S1_depeg_stablecoin,indonesia,USDC
557,0.9869709024367527,2929833299945.4854,918,S1_depeg_stablecoin,indonesia,USDC
558,0.9799883989983508,2929833299945.4854,918,S1_depeg_stablecoin,indonesia,USDC
559,0.978031564269332,2929833299945.4854,918,S1_depeg_stablecoin,indonesia,USDC
560,0.985595369219491,2929833299945.4854,918,S1_depeg_stablecoin,indonesia,USDC
561,1.020166977665125,2929833299945.4854,918,S1_depeg_stablecoin,indonesia,USDC
562,1.0555891242885735,2929833299945.4854,918,S1_depeg_stablecoin,indonesia,USDC
563,1.0534196763317683,2929833299945.4854,918,S1_depeg_stablecoin,indonesia,USDC
564,1.03413218759763,2929833299945.4854,918,S1_depeg_stablecoin,indonesia,USDC
565,1.015916152548862,2929833299945.4854,918,S1_depeg_stablecoin,indonesia,USDC
566,1.044095269865251,2929833299945.4854,918,S1_depeg_stablecoin,indonesia,USDC
567,1.048522907911045,2929833299945.4854,918,S1_depeg_stablecoin,indonesia,USDC
568,1.0506883872108332,2929833299945.4854,918,S1_depeg_stablecoin,indonesia,USDC
569,1.0160362651009658,2929833299945.4854,918,S1_depeg_stablecoin,indonesia,USDC
570,1.0068350061601583,2929833299945.4854,918,S1_depeg_stablecoin,indonesia,USDC
571,0.9840136034073913,2929833299945.4854,918,S1_depeg_stablecoin,indonesia,USDC
572,1.0005384222113187,2929833299945.4854,918,S1_depeg_stablecoin,indonesia,USDC
573,0.998793868951953,2929833299945.4854,918,S1_depeg_stablecoin,indonesia,USDC
574,0.9745532863728094,2929833299945.4854,918,S1_depeg_stablecoin,indonesia,USDC
575,1.0228547299675403,2929833299945.4854,918,S1_depeg_stablecoin,indonesia,USDC
576,1.0565502593112743,2929833299945.4854,918,S1_depeg_stablecoin,indonesia,USDC
577,1.0528104890806897,2929833299945.4854,918,S1_depeg_stablecoin,indonesia,USDC
578,1.0635609763268568,2929833299945.4854,918,S1_depeg_stablecoin,indonesia,USDC
579,1.0651881374182048,2929833299945.4854,918,S1_depeg_stablecoin,indonesia,USDC
580,1.0753865527707387,2929833299945.4854,918,S1_depeg_stablecoin,indonesia,USDC
581,1.0871895411649446,2929833299945.4854,918,S1_depeg_stablecoin,indonesia,USDC
582,1.0868296988069728,2929833299945.4854,918,S1_depeg_stablecoin,indonesia,USDC
583,1.0528199117114332,2929833299945.4854,918,S1_depeg_stablecoin,indonesia,USDC
584,1.1062673254005075,2929833299945.4854,918,S1_depeg_stablecoin,indonesia,USDC
585,1.0734767241416965,2929833299945.4854,918,S1_depeg_stablecoin,indonesia,USDC
586,1.0750534825048514,2929833299945.4854,918,S1_depeg_stablecoin,indonesia,USDC
587,1.0682785490672106,2929833299945.4854,918,S1_depeg_stablecoin,indonesia,USDC
588,1.045268321721417,2929833299945.4854,918,S1_depeg_stablecoin,indonesia,USDC
589,1.0158094966222704,2929833299945.4854,918,S1_depeg_stablecoin,indonesia,USDC
590,1.0043280817375146,2929833299945.4854,918,S1_depeg_stablecoin,indonesia,USDC
591,1.0022321192041288,2929833299945.4854,918,S1_depeg_stablecoin,indonesia,USDC
592,1.037777794295012,2929833299945.4854,918,S1_depeg_stablecoin,indonesia,USDC
593,1.035188829783033,2929833299945.4854,918,S1_depeg_stablecoin,indonesia,USDC
594,1.0550840124220318,2929833299945.4854,918,S1_depeg_stablecoin,indonesia,USDC
595,1.031009313299144,2929833299945.4854,918,S1_depeg_stablecoin,indonesia,USDC
596,1.035855072732131,2929833299945.4854,918,S1_depeg_stablecoin,indonesia,USDC
597,1.032463827349342,2929833299945.4854,918,S1_depeg_stablecoin,indonesia,USDC
598,1.0374390153258035,2929833299945.4854,918,S1_depeg_stablecoin,indonesia,USDC
599,1.057649702829012,2929833299945.4854,918,S1_depeg_stablecoin,indonesia,USDC
600,1.0383753020001882,2929833299945.4854,918,S1_depeg_stablecoin,indonesia,USDC
601,1.0065629198803898,2929833299945.4854,918,S1_depeg_stablecoin,indonesia,USDC
602,0.981880347998131,2929833299945.4854,918,S1_depeg_stablecoin,indonesia,USDC
603,1.0138266870592605,2929833299945.4854,918,S1_depeg_stablecoin,indonesia,USDC
604,1.006389824309104,2929833299945.4854,918,S1_depeg_stablecoin,indonesia,USDC
605,0.9931634479237512,2929833299945.4854,918,S1_depeg_stablecoin,indonesia,USDC
606,1.0250852786186238,2929833299945.4854,918,S1_depeg_stablecoin,indonesia,USDC
607,1.035585800929557,2929833299945.4854,918,S1_depeg_stablecoin,indonesia,USDC
608,1.0427628267680529,2929833299945.4854,918,S1_depeg_stablecoin,indonesia,USDC
609,1.023595973999702,2929833299945.4854,918,S1_depeg_stablecoin,indonesia,USDC
610,1.036541884991334,2929833299945.4854,918,S1_depeg_stablecoin,indonesia,USDC
611,1.034914299597706,2929833299945.4854,918,S1_depeg_stablecoin,indonesia,USDC
612,1.0031594416117104,2929833299945.4854,918,S1_depeg_stablecoin,indonesia,USDC
613,0.9906361509165109,2929833299945.4854,918,S1_depeg_stablecoin,indonesia,USDC
614,1.014620319588177,2929833299945.4854,918,S1_depeg_stablecoin,indonesia,USDC
615,1.0094793855016466,2929833299945.4854,918,S1_depeg_stablecoin,indonesia,USDC
616,0.9789116849658448,2929833299945.4854,918,S1_depeg_stablecoin,indonesia,USDC
617,0.9947742719362164,2929833299945.4854,918,S1_depeg_stablecoin,indonesia,USDC
618,0.9923549304069994,2929833299945.4854,918,S1_depeg_stablecoin,indonesia,USDC
619,1.0175125832329641,2929833299945.4854,918,S1_depeg_stablecoin,indonesia,USDC
620,1.0645501145718645,2929833299945.4854,918,S1_depeg_stablecoin,indonesia,USDC
621,1.053540958571398,2929833299945.4854,918,S1_depeg_stablecoin,indonesia,USDC
622,1.0459571113482935,2929833299945.4854,918,S1_depeg_stablecoin,indonesia,USDC
623,1.063295775485505,2929833299945.4854,918,S1_depeg_stablecoin,indonesia,USDC
624,1.0656103979182425,2929833299945.4854,918,S1_depeg_stablecoin,indonesia,USDC
625,1.0823218383606572,2929833299945.4854,918,S1_depeg_stablecoin,indonesia,USDC
626,1.0589258609392054,2929833299945.4854,918,S1_depeg_stablecoin,indonesia,USDC
627,1.0505023689071284,2929833299945.4854,918,S1_depeg_stablecoin,indonesia,USDC
628,1.0362579146468944,2929833299945.4854,918,S1_depeg_stablecoin,indonesia,USDC
629,1.0752850827554445,2929833299945.4854,918,S1_depeg_stablecoin,indonesia,USDC
630,1.0825926982059286,2929833299945.4854,918,S1_depeg_stablecoin,indonesia,USDC
631,1.065075600340846,2929833299945.4854,918,S1_depeg_stablecoin,indonesia,USDC
632,1.104648439263703,2929833299945.4854,918,S1_depeg_stablecoin,indonesia,USDC
633,1.0718262354144956,2929833299945.4854,918,S1_depeg_stablecoin,indonesia,USDC
634,1.0447878265333612,2929833299945.4854,918,S1_depeg_stablecoin,indonesia,USDC
635,1.0593165313071018,2929833299945.4854,918,S1_depeg_stablecoin,indonesia,USDC
636,1.0592628564748972,2929833299945.4854,918,S1_depeg_stablecoin,indonesia,USDC
637,1.076950677239527,2929833299945.4854,918,S1_depeg_stablecoin,indonesia,USDC
638,1.0576321690398702,2929833299945.4854,918,S1_depeg_stablecoin,indonesia,USDC
639,1.0704657799130335,2929833299945.4854,918,S1_depeg_stablecoin,indonesia,USDC
640,1.0432936569948466,2929833299945.4854,918,S1_depeg_stablecoin,indonesia,USDC
641,1.0301920849512458,2929833299945.4854,918,S1_depeg_stablecoin,indonesia,USDC
642,1.0321872484548682,2929833299945.4854,918,S1_depeg_stablecoin,indonesia,USDC
643,1.033746217484832,2929833299945.4854,918,S1_depeg_stablecoin,indonesia,USDC
644,0.9927387883895721,2929833299945.4854,918,S1_depeg_stablecoin,indonesia,USDC
645,0.985226200938745,2929833299945.4854,918,S1_depeg_stablecoin,indonesia,USDC
646,1.0144487492398637,2929833299945.4854,918,S1_depeg_stablecoin,indonesia,USDC
647,1.027777728021682,2929833299945.4854,918,S1_depeg_stablecoin,indonesia,USDC
648,1.041073153682533,2929833299945.4854,918,S1_depeg_stablecoin,indonesia,USDC
649,1.0203764050271595,2929833299945.4854,918,S1_depeg_stablecoin,indonesia,USDC
650,1.0030872025345585,2929833299945.4854,918,S1_depeg_stablecoin,indonesia,USDC
651,1.020603320544114,2929833299945.4854,918,S1_depeg_stablecoin,indonesia,USDC
652,1.0288384658290854,2929833299945.4854,918,S1_depeg_stablecoin,indonesia,USDC
653,1.0516983519363365,2929833299945.4854,918,S1_depeg_stablecoin,indonesia,USDC
654,1.0724816042833574,2929833299945.4854,918,S1_depeg_stablecoin,indonesia,USDC
655,1.0937200548587862,2929833299945.4854,918,S1_depeg_stablecoin,indonesia,USDC
656,1.0870267887700755,2929833299945.4854,918,S1_depeg_stablecoin,indonesia,USDC
657,1.0363997994770684,2929833299945.4854,918,S1_depeg_stablecoin,indonesia,USDC
658,1.0030173955494068,2929833299945.4854,918,S1_depeg_stablecoin,indonesia,USDC
659,1.0132615853865008,2929833299945.4854,918,S1_depeg_stablecoin,indonesia,USDC
660,1.001252823794409,2929833299945.4854,918,S1_depeg_stablecoin,indonesia,USDC
661,1.005131721085353,2929833299945.4854,918,S1_depeg_stablecoin,indonesia,USDC
662,1.003915812704772,2929833299945.4854,918,S1_depeg_stablecoin,indonesia,USDC
663,0.9930526995069824,2929833299945.4854,918,S1_depeg_stablecoin,indonesia,USDC
664,0.9790397780517559,2929833299945.4854,918,S1_depeg_stablecoin,indonesia,USDC
665,0.971050250082334,2929833299945.4854,918,S1_depeg_stablecoin,indonesia,USDC
666,0.9826362448812308,2929833299945.4854,918,S1_depeg_stablecoin,indonesia,USDC
667,0.9647321354860653,2929833299945.4854,918,S1_depeg_stablecoin,indonesia,USDC
668,0.9926890313165765,2929833178596.5376,918,S1_depeg_stablecoin,indonesia,USDC
669,0.9820750512234689,2929833178596.5376,918,S1_depeg_stablecoin,indonesia,USDC
670,0.9906035436855976,2929833178596.5376,918,S1_depeg_stablecoin,indonesia,USDC
671,0.9810811145919462,2929833178596.5376,918,S1_depeg_stablecoin,indonesia,USDC
672,0.9836450123785232,2929833178596.5376,918,S1_depeg_stablecoin,indonesia,USDC
673,0.9933870761852236,2929833178596.5376,918,S1_depeg_stablecoin,indonesia,USDC
674,0.9540064887645918,2929833178596.5376,918,S1_depeg_stablecoin,indonesia,USDC
675,0.9618546566209951,2929832765058.714,918,S1_depeg_stablecoin,indonesia,USDC
676,0.995220383876907,2929832606422.7363,918,S1_depeg_stablecoin,indonesia,USDC
677,1.000406300435957,2929832606422.7363,918,S1_depeg_stablecoin,indonesia,USDC
678,1.0214888112131162,2929832606422.7363,918,S1_depeg_stablecoin,indonesia,USDC
679,1.0269837713205288,2929832606422.7363,918,S1_depeg_stablecoin,indonesia,USDC
680,1.0296441439212414,2929832606422.7363,918,S1_depeg_stablecoin,indonesia,USDC
681,1.04031680548019,2929832606422.7363,918,S1_depeg_stablecoin,indonesia,USDC
682,1.0245723218561305,2929832606422.7363,918,S1_depeg_stablecoin,indonesia,USDC
683,1.0598599476544124,2929832606422.7363,918,S1_depeg_stablecoin,indonesia,USDC
684,1.0159090964493869,2929832606422.7363,918,S1_depeg_stablecoin,indonesia,USDC
685,1.0496515993087852,2929832606422.7363,918,S1_depeg_stablecoin,indonesia,USDC
686,1.0360693607524092,2929832606422.7363,918,S1_depeg_stablecoin,indonesia,USDC
687,1.003085313125722,2929832606422.7363,918,S1_depeg_stablecoin,indonesia,USDC
688,1.0006682780139116,2929832606422.7363,918,S1_depeg_stablecoin,indonesia,USDC
689,1.029264789432158,2929832606422.7363,918,S1_depeg_stablecoin,indonesia,USDC
690,1.0143213736066712,2929832606422.7363,918,S1_depeg_stablecoin,indonesia,USDC
691,1.0277981397238234,2929832606422.7363,918,S1_depeg_stablecoin,indonesia,USDC
692,1.025063991528761,2929832606422.7363,918,S1_depeg_stablecoin,indonesia,USDC
693,1.0142935987135422,2929832606422.7363,918,S1_depeg_stablecoin,indonesia,USDC
694,1.0204913302480916,2929832606422.7363,918,S1_depeg_stablecoin,indonesia,USDC
695,1.0491731056343359,2929832606422.7363,918,S1_depeg_stablecoin,indonesia,USDC
696,1.0132185115510752,2929832606422.7363,918,S1_depeg_stablecoin,indonesia,USDC
697,1.0233788192758952,2929832606422.7363,918,S1_depeg_stablecoin,indonesia,USDC
698,1.0299413009657699,2929832606422.7363,918,S1_depeg_stablecoin,indonesia,USDC
699,1.0193968323858331,2929832606422.7363,918,S1_depeg_stablecoin,indonesia,USDC
700,1.058901831141721,2929832606422.7363,918,S1_depeg_stablecoin,indonesia,USDC
701,1.049279280438232,2929832606422.7363,918,S1_depeg_stablecoin,indonesia,USDC
702,1.0857068946888107,2929832606422.7363,918,S1_depeg_stablecoin,indonesia,USDC
703,1.069308411575072,2929832606422.7363,918,S1_depeg_stablecoin,indonesia,USDC
704,1.0580087153157745,2929832606422.7363,918,S1_depeg_stablecoin,indonesia,USDC
705,1.058796973572543,2929832606422.7363,918,S1_depeg_stablecoin,indonesia,USDC
706,1.060316107525319,2929832606422.7363,918,S1_depeg_stablecoin,indonesia,USDC
707,1.0353764451604077,2929832606422.7363,918,S1_depeg_stablecoin,indonesia,USDC
708,1.0115645831770754,2929832606422.7363,918,S1_depeg_stablecoin,indonesia,USDC
709,1.0002028753064653,2929832606422.7363,918,S1_depeg_stablecoin,indonesia,USDC
710,0.9918739832500119,2929832606422.7363,918,S1_depeg_stablecoin,indonesia,USDC
711,0.9919740415167161,2929832606422.7363,918,S1_depeg_stablecoin,indonesia,USDC
712,1.021717971329422,2929832606422.7363,918,S1_depeg_stablecoin,indonesia,USDC
713,1.0356972317239561,2929832606422.7363,918,S1_depeg_stablecoin,indonesia,USDC
714,1.0457755484131706,2929832606422.7363,918,S1_depeg_stablecoin,indonesia,USDC
715,1.0302594427822545,2929832606422.7363,918,S1_depeg_stablecoin,indonesia,USDC
716,1.0103493396275756,2929832606422.7363,918,S1_depeg_stablecoin,indonesia,USDC
717,1.0191108365543862,2929832606422.7363,918,S1_depeg_stablecoin,indonesia,USDC
718,1.0588827298728558,2929832606422.7363,918,S1_depeg_stablecoin,indonesia,USDC
719,1.0513262041790035,2929832606422.7363,918,S1_depeg_stablecoin,indonesia,USDC
720,1.0503240064516535,2929832606422.7363,918,S1_depeg_stablecoin,indonesia,USDC
721,1.0734781009308538,2929832606422.7363,918,S1_depeg_stablecoin,indonesia,USDC
722,1.0664846860892123,2929832606422.7363,918,S1_depeg_stablecoin,indonesia,USDC
723,1.0855714872722193,2929832606422.7363,918,S1_depeg_stablecoin,indonesia,USDC
724,1.1126723537420755,2929832606422.7363,918,S1_depeg_stablecoin,indonesia,USDC
725,1.1136578703542521,2929832606422.7363,918,S1_depeg_stablecoin,indonesia,USDC
726,1.1502827550262802,2929832606422.7363,918,S1_depeg_stablecoin,indonesia,USDC
727,1.1519049426744077,2929832606422.7363,918,S1_depeg_stablecoin,indonesia,USDC
728,1.101727695223952,2929832606422.7363,918,S1_depeg_stablecoin,indonesia,USDC
729,1.0771966322772875,2929832606422.7363,918,S1_depeg_stablecoin,indonesia,USDC
730,1.090767124095225,2929832606422.7363,918,S1_depeg_stablecoin,indonesia,USDC
731,1.0930059878959595,2929832606422.7363,918,S1_depeg_stablecoin,indonesia,USDC
732,1.1038420047553958,2929832606422.7363,918,S1_depeg_stablecoin,indonesia,USDC
733,1.0960454411124578,2929832606422.7363,918,S1_depeg_stablecoin,indonesia,USDC
734,1.103694703258716,2929832606422.7363,918,S1_depeg_stablecoin,indonesia,USDC
735,1.0870812638391036,2929832606422.7363,918,S1_depeg_stablecoin,indonesia,USDC
736,1.075798537958532,2929832606422.7363,918,S1_depeg_stablecoin,indonesia,USDC
737,1.0658503925909157,2929832606422.7363,918,S1_depeg_stablecoin,indonesia,USDC
738,1.089250498410922,2929832606422.7363,918,S1_depeg_stablecoin,indonesia,USDC
739,1.0616434581985017,2929832606422.7363,918,S1_depeg_stablecoin,indonesia,USDC
740,1.0683997993518561,2929832606422.7363,918,S1_depeg_stablecoin,indonesia,USDC
741,1.04496967555112,2929832606422.7363,918,S1_depeg_stablecoin,indonesia,USDC
742,1.044658308239159,2929832606422.7363,918,S1_depeg_stablecoin,indonesia,USDC
743,1.0328871163625621,2929832606422.7363,918,S1_depeg_stablecoin,indonesia,USDC
744,1.0253357243733476,2929832606422.7363,918,S1_depeg_stablecoin,indonesia,USDC
745,0.99686187316237,2929832606422.7363,918,S1_depeg_stablecoin,indonesia,USDC
746,0.9842655745179388,2929832606422.7363,918,S1_depeg_stablecoin,indonesia,USDC
747,0.9831178018068247,2929832606422.7363,918,S1_depeg_stablecoin,indonesia,USDC
748,0.9924241786449551,2929832606422.7363,918,S1_depeg_stablecoin,indonesia,USDC
749,0.9975486119475206,2929832606422.7363,918,S1_depeg_stablecoin,indonesia,USDC
750,0.9911215966286637,2929832606422.7363,918,S1_depeg_stablecoin,indonesia,USDC
751,0.9619158107007886,2929832606422.7363,918,S1_depeg_stablecoin,indonesia,USDC
752,1.0117700016868152,2929832450274.8535,918,S1_depeg_stablecoin,indonesia,USDC
753,1.024152745005135,2929832450274.8535,918,S1_depeg_stablecoin,indonesia,USDC
754,1.04659304666161,2929832450274.8535,918,S1_depeg_stablecoin,indonesia,USDC
755,1.0913078919365742,2929832450274.8535,918,S1_depeg_stablecoin,indonesia,USDC
756,1.111771598963371,2929832450274.8535,918,S1_depeg_stablecoin,indonesia,USDC
757,1.0968904888211013,2929832450274.8535,918,S1_depeg_stablecoin,indonesia,USDC
758,1.1287052881143969,2929832450274.8535,918,S1_depeg_stablecoin,indonesia,USDC
759,1.1288149105917327,2929832450274.8535,918,S1_depeg_stablecoin,indonesia,USDC
760,1.1492330276564597,2929832450274.8535,918,S1_depeg_stablecoin,indonesia,USDC
761,1.128696406056296,2929832450274.8535,918,S1_depeg_stablecoin,indonesia,USDC
762,1.1049175768607409,2929832450274.8535,918,S1_depeg_stablecoin,indonesia,USDC
763,1.0989026884958575,2929832450274.8535,918,S1_depeg_stablecoin,indonesia,USDC
764,1.096151861805984,2929832450274.8535,918,S1_depeg_stablecoin,indonesia,USDC
765,1.0781981747952678,2929832450274.8535,918,S1_depeg_stablecoin,indonesia,USDC
766,1.0310655271157698,2929832450274.8535,918,S1_depeg_stablecoin,indonesia,USDC
767,1.0171829215549182,2929832450274.8535,918,S1_depeg_stablecoin,indonesia,USDC
768,1.0219832825660808,2929832450274.8535,918,S1_depeg_stablecoin,indonesia,USDC
769,1.024066104947905,2929832450274.8535,918,S1_depeg_stablecoin,indonesia,USDC
770,1.0183991199554385,2929832450274.8535,918,S1_depeg_stablecoin,indonesia,USDC
771,1.0064742391028538,2929832450274.8535,918,S1_depeg_stablecoin,indonesia,USDC
772,1.0084971677332581,2929832450274.8535,918,S1_depeg_stablecoin,indonesia,USDC
773,1.0531020564544287,2929832450274.8535,918,S1_depeg_stablecoin,indonesia,USDC
774,1.0422497766070422,2929832450274.8535,918,S1_depeg_stablecoin,indonesia,USDC
775,1.0138805938186537,2929832450274.8535,918,S1_depeg_stablecoin,indonesia,USDC
776,1.0126309112149745,2929832450274.8535,918,S1_depeg_stablecoin,indonesia,USDC
777,1.0411962790503688,2929832450274.8535,918,S1_depeg_stablecoin,indonesia,USDC
778,1.0228346863348978,2929832450274.8535,918,S1_depeg_stablecoin,indonesia,USDC
779,1.0155183435782178,2929832450274.8535,918,S1_depeg_stablecoin,indonesia,USDC
780,1.0149188371296536,2929832450274.8535,918,S1_depeg_stablecoin,indonesia,USDC
781,1.0260337156625905,2929832450274.8535,918,S1_depeg_stablecoin,indonesia,USDC
782,1.0516343872537057,2929832450274.8535,918,S1_depeg_stablecoin,indonesia,USDC
783,1.0458785268207118,2929832450274.8535,918,S1_depeg_stablecoin,indonesia,USDC
784,1.0556014192870526,2929832450274.8535,918,S1_depeg_stablecoin,indonesia,USDC
785,1.0965199743918734,2929832450274.8535,918,S1_depeg_stablecoin,indonesia,USDC
786,1.0520595404280404,2929832450274.8535,918,S1_depeg_stablecoin,indonesia,USDC
787,1.0676977777407795,2929832450274.8535,918,S1_depeg_stablecoin,indonesia,USDC
788,1.0600339165474442,2929832450274.8535,918,S1_depeg_stablecoin,indonesia,USDC
789,1.0450280723033545,2929832450274.8535,918,S1_depeg_stablecoin,indonesia,USDC
790,1.0233444242272542,2929832450274.8535,918,S1_depeg_stablecoin,indonesia,USDC
791,1.028118772084579,2929832450274.8535,918,S1_depeg_stablecoin,indonesia,USDC
792,1.0110415691329788,2929832450274.8535,918,S1_depeg_stablecoin,indonesia,USDC
793,1.0200862420140737,2929832450274.8535,918,S1_depeg_stablecoin,indonesia,USDC
794,0.9946585391550802,2929832450274.8535,918,S1_depeg_stablecoin,indonesia,USDC
795,0.975782207093518,2929832450274.8535,918,S1_depeg_stablecoin,indonesia,USDC
796,1.010785809076487,2929832450274.8535,918,S1_depeg_stablecoin,indonesia,USDC
797,1.043646175330809,2929832450274.8535,918,S1_depeg_stablecoin,indonesia,USDC
798,1.060179654808823,2929832450274.8535,918,S1_depeg_stablecoin,indonesia,USDC
799,1.0320748453600659,2929832450274.8535,918,S1_depeg_stablecoin,indonesia,USDC
800,1.048591443587068,2929832450274.8535,918,S1_depeg_stablecoin,indonesia,USDC
801,1.0528812834905992,2929832450274.8535,918,S1_depeg_stablecoin,indonesia,USDC
802,1.0718392502012313,2929832450274.8535,918,S1_depeg_stablecoin,indonesia,USDC
803,1.0800344058821802,2929832450274.8535,918,S1_depeg_stablecoin,indonesia,USDC
804,1.0448936745558162,2929832450274.8535,918,S1_depeg_stablecoin,indonesia,USDC
805,1.0415231857411669,2929832450274.8535,918,S1_depeg_stablecoin,indonesia,USDC
806,1.0455064756003747,2929832450274.8535,918,S1_depeg_stablecoin,indonesia,USDC
807,1.0528816695159477,2929832450274.8535,918,S1_depeg_stablecoin,indonesia,USDC
808,1.0529314599104629,2929832450274.8535,918,S1_depeg_stablecoin,indonesia,USDC
809,1.0148145027733038,2929832450274.8535,918,S1_depeg_stablecoin,indonesia,USDC
810,1.0088143374255711,2929832450274.8535,918,S1_depeg_stablecoin,indonesia,USDC
811,1.0307668124862799,2929832450274.8535,918,S1_depeg_stablecoin,indonesia,USDC
812,1.0770770343330287,2929832450274.8535,918,S1_depeg_stablecoin,indonesia,USDC
813,1.065295107459035,2929832450274.8535,918,S1_depeg_stablecoin,indonesia,USDC
814,1.114656839680455,2929832450274.8535,918,S1_depeg_stablecoin,indonesia,USDC
815,1.0826498311347215,2929832450274.8535,918,S1_depeg_stablecoin,indonesia,USDC
816,1.0775578158020394,2929832450274.8535,918,S1_depeg_stablecoin,indonesia,USDC
817,1.0935886488201836,2929832450274.8535,918,S1_depeg_stablecoin,indonesia,USDC
818,1.0895553508126146,2929832450274.8535,918,S1_depeg_stablecoin,indonesia,USDC
819,1.045748827568764,2929832450274.8535,918,S1_depeg_stablecoin,indonesia,USDC
820,1.0402961069441847,2929832450274.8535,918,S1_depeg_stablecoin,indonesia,USDC
821,0.9941011359032765,2929832450274.8535,918,S1_depeg_stablecoin,indonesia,USDC
822,1.0163850636273386,2929832450274.8535,918,S1_depeg_stablecoin,indonesia,USDC
823,0.922374813973654,2929832450274.8535,918,S1_depeg_stablecoin,indonesia,USDC
824,0.8996515305988912,2929831352050.6343,918,S1_depeg_stablecoin,indonesia,USDC
825,0.881061340410541,2929829703430.0376,918,S1_depeg_stablecoin,indonesia,USDC
826,0.8973342941688411,2929827764291.172,918,S1_depeg_stablecoin,indonesia,USDC
827,0.9386865995997808,2929826359219.325,918,S1_depeg_stablecoin,indonesia,USDC
828,0.9420604514477948,2929825769703.4077,918,S1_depeg_stablecoin,indonesia,USDC
829,0.9376663493032544,2929825278549.7188,918,S1_depeg_stablecoin,indonesia,USDC
830,0.9323321291188577,2929824723397.599,918,S1_depeg_stablecoin,indonesia,USDC
831,0.948463812279249,2929824116116.8657,918,S1_depeg_stablecoin,indonesia,USDC
832,0.9183577391495543,2929823803024.7725,918,S1_depeg_stablecoin,indonesia,USDC
833,0.9453376222301738,2929822966881.716,918,S1_depeg_stablecoin,indonesia,USDC
834,0.9356711351194932,2929822588830.671,918,S1_depeg_stablecoin,indonesia,USDC
835,0.9398123672983211,2929822092462.288,918,S1_depeg_stablecoin,indonesia,USDC
836,0.969122537212807,2929821700345.4697,918,S1_depeg_stablecoin,indonesia,USDC
837,0.9835871451338348,2929821696115.4175,918,S1_depeg_stablecoin,indonesia,USDC
838,1.0078692568717493,2929821696115.4175,918,S1_depeg_stablecoin,indonesia,USDC
839,1.008223707976704,2929821696115.4175,918,S1_depeg_stablecoin,indonesia,USDC
840,1.0139692298118406,2929821696115.4175,918,S1_depeg_stablecoin,indonesia,USDC
841,1.0046485004558914,2929821696115.4175,918,S1_depeg_stablecoin,indonesia,USDC
842,0.9735149642069401,2929821696115.4175,918,S1_depeg_stablecoin,indonesia,USDC
843,0.9566488966564491,2929821696115.4175,918,S1_depeg_stablecoin,indonesia,USDC
844,0.9611734566076504,2929821508946.424,918,S1_depeg_stablecoin,indonesia,USDC
845,0.9519104563232281,2929821404686.7544,918,S1_depeg_stablecoin,indonesia,USDC
846,0.9440354981432773,2929821156524.4673,918,S1_depeg_stablecoin,indonesia,USDC
847,0.9240653406455054,2929820844643.57,918,S1_depeg_stablecoin,indonesia,USDC
848,0.9349714742836381,2929820290901.299,918,S1_depeg_stablecoin,indonesia,USDC
849,0.954314143607977,2929819850581.65,918,S1_depeg_stablecoin,indonesia,USDC
850,0.9608308597615564,2929819688203.2324,918,S1_depeg_stablecoin,indonesia,USDC
851,0.9839847038129443,2929819578641.3765,918,S1_depeg_stablecoin,indonesia,USDC
852,0.9601130182439823,2929819578641.3765,918,S1_depeg_stablecoin,indonesia,USDC
853,0.9365428631783177,2929819485223.957,918,S1_depeg_stablecoin,indonesia,USDC
854,0.9419516353734452,2929819116889.0215,918,S1_depeg_stablecoin,indonesia,USDC
855,0.9442278672005813,2929818820702.985,918,S1_depeg_stablecoin,indonesia,USDC
856,0.9515172173977369,2929818546386.2773,918,S1_depeg_stablecoin,indonesia,USDC
857,0.9623216937175808,2929818356109.1934,918,S1_depeg_stablecoin,indonesia,USDC
858,0.9387846078347719,2929818288091.147,918,S1_depeg_stablecoin,indonesia,USDC
859,0.9523335987592869,2929817981250.616,918,S1_depeg_stablecoin,indonesia,USDC
860,0.950722509777801,2929817809455.2456,918,S1_depeg_stablecoin,indonesia,USDC
861,0.9570613004355788,2929817641115.2314,918,S1_depeg_stablecoin,indonesia,USDC
862,0.9438279442094073,2929817521060.766,918,S1_depeg_stablecoin,indonesia,USDC
863,0.9457142323818827,2929817275483.6006,918,S1_depeg_stablecoin,indonesia,USDC
864,0.9696973268111403,2929817071382.0664,918,S1_depeg_stablecoin,indonesia,USDC
865,0.9329304204004308,2929817070421.284,918,S1_depeg_stablecoin,indonesia,USDC
866,0.9681161131094395,2929816727519.004,918,S1_depeg_stablecoin,indonesia,USDC
867,0.9992839292174776,2929816710758.578,918,S1_depeg_stablecoin,indonesia,USDC
868,1.0145048555494351,2929816710758.578,918,S1_depeg_stablecoin,indonesia,USDC
869,1.005411752146129,2929816710758.578,918,S1_depeg_stablecoin,indonesia,USDC
870,1.0361367631285536,2929816710758.578,918,S1_depeg_stablecoin,indonesia,USDC
871,0.9999069136902878,2929816710758.578,918,S1_depeg_stablecoin,indonesia,USDC
872,0.9965260739675901,2929816710758.578,918,S1_depeg_stablecoin,indonesia,USDC
873,0.9958236153550704,2929816710758.578,918,S1_depeg_stablecoin,indonesia,USDC
874,0.9753658038262948,2929816710758.578,918,S1_depeg_stablecoin,indonesia,USDC
875,0.9731465620027138,2929816710758.578,918,S1_depeg_stablecoin,indonesia,USDC
876,0.942526492192498,2929816710758.578,918,S1_depeg_stablecoin,indonesia,USDC
877,0.9361920841418442,2929816484191.4585,918,S1_depeg_stablecoin,indonesia,USDC
878,0.9391631641637745,2929816201364.4106,918,S1_depeg_stablecoin,indonesia,USDC
879,0.9423444548111461,2929815952336.167,918,S1_depeg_stablecoin,indonesia,USDC
880,0.9443737138300697,2929815743711.9956,918,S1_depeg_stablecoin,indonesia,USDC
881,0.9464862154814495,2929815549234.7754,918,S1_depeg_stablecoin,indonesia,USDC
882,0.9536205148722972,2929815382632.224,918,S1_depeg_stablecoin,indonesia,USDC
883,0.9524393258114501,2929815265135.702,918,S1_depeg_stablecoin,indonesia,USDC
884,0.9350481115419038,2929815141418.89,918,S1_depeg_stablecoin,indonesia,USDC
885,0.9612669392950731,2929814887613.2505,918,S1_depeg_stablecoin,indonesia,USDC
886,0.9877608811463748,2929814826482.5566,918,S1_depeg_stablecoin,indonesia,USDC
887,0.9930390701084817,2929814826482.5566,918,S1_depeg_stablecoin,indonesia,USDC
888,1.0090908109678247,2929814826482.5566,918,S1_depeg_stablecoin,indonesia,USDC
889,0.8585353946489807,2929814826482.5566,918,S1_depeg_stablecoin,indonesia,USDC
890,0.8831414555545061,2929814085717.3564,918,S1_depeg_stablecoin,indonesia,USDC
891,0.8801354132509968,2929813561975.847,918,S1_depeg_stablecoin,indonesia,USDC
892,0.854751197664778,2929813067452.189,918,S1_depeg_stablecoin,indonesia,USDC
893,0.8697895618828162,2929812514188.211,918,S1_depeg_stablecoin,indonesia,USDC
894,0.8579793020477164,2929812067857.5444,918,S1_depeg_stablecoin,indonesia,USDC
895,0.8938912590253772,2929811618536.948,918,S1_depeg_stablecoin,indonesia,USDC
896,0.8920926262706281,2929811342282.4233,918,S1_depeg_stablecoin,indonesia,USDC
897,0.9114090863640231,2929811099734.404,918,S1_depeg_stablecoin,indonesia,USDC
898,0.9295856454251251,2929810932111.115,918,S1_depeg_stablecoin,indonesia,USDC
899,0.9089455252473817,2929810817582.6006,918,S1_depeg_stablecoin,indonesia,USDC
900,0.8809128430969754,2929810654716.043,918,S1_depeg_stablecoin,indonesia,USDC
901,0.8867042358688394,2929810430584.329,918,S1_depeg_stablecoin,indonesia,USDC
902,0.923654759990794,2929810243878.641,918,S1_depeg_stablecoin,indonesia,USDC
903,0.9446788595742122,2929810149782.895,918,S1_depeg_stablecoin,indonesia,USDC
904,0.9555867418962225,2929810102066.3735,918,S1_depeg_stablecoin,indonesia,USDC
905,0.9867932509083859,2929810072283.353,918,S1_depeg_stablecoin,indonesia,USDC
906,0.9811793917072732,2929810072283.353,918,S1_depeg_stablecoin,indonesia,USDC
907,0.9869526380045389,2929810072283.353,918,S1_depeg_stablecoin,indonesia,USDC
908,0.9353817197675377,2929810072283.353,918,S1_depeg_stablecoin,indonesia,USDC
909,0.9357960492488432,2929810008389.3896,918,S1_depeg_stablecoin,indonesia,USDC
910,0.9336490267389594,2929809943013.852,918,S1_depeg_stablecoin,indonesia,USDC
911,0.9764140126197158,2929809873860.083,918,S1_depeg_stablecoin,indonesia,USDC
912,0.9724564309621793,2929809873860.083,918,S1_depeg_stablecoin,indonesia,USDC
913,0.9677551971438846,2929809873860.083,918,S1_depeg_stablecoin,indonesia,USDC
914,0.9865380917301892,2929809871766.3438,918,S1_depeg_stablecoin,indonesia,USDC
915,0.9833977692303983,2929809871766.3438,918,S1_depeg_stablecoin,indonesia,USDC
916,0.972206325212242,2929809871766.3438,918,S1_depeg_stablecoin,indonesia,USDC
917,0.9897515394925195,2929809871766.3438,918,S1_depeg_stablecoin,indonesia,USDC
918,0.9618701483562212,2929809871766.3438,918,S1_depeg_stablecoin,indonesia,USDC
919,0.9804818970923391,2929809856897.3325,918,S1_depeg_stablecoin,indonesia,USDC
920,0.9556079167794767,2929809856897.3325,918,S1_depeg_stablecoin,indonesia,USDC
921,0.965910773910902,2929809830795.689,918,S1_depeg_stablecoin,indonesia,USDC
922,0.9449013138399557,2929809824514.685,918,S1_depeg_stablecoin,indonesia,USDC
923,0.9612474088684299,2929809779833.325,918,S1_depeg_stablecoin,indonesia,USDC
924,0.9560704013101592,2929809768015.066,918,S1_depeg_stablecoin,indonesia,USDC
925,0.9133084468075341,2929809744028.575,918,S1_depeg_stablecoin,indonesia,USDC
926,0.9174799865914472,2929809652686.0156,918,S1_depeg_stablecoin,indonesia,USDC
927,0.958580840020897,2929809575106.3438,918,S1_depeg_stablecoin,indonesia,USDC
928,0.9714777765625329,2929809557713.7637,918,S1_depeg_stablecoin,indonesia,USDC
929,0.9523191501831194,2929809557713.7637,918,S1_depeg_stablecoin,indonesia,USDC
930,0.9605283976127517,2929809531100.999,918,S1_depeg_stablecoin,indonesia,USDC
931,0.966303257025269,2929809520020.8813,918,S1_depeg_stablecoin,indonesia,USDC
932,0.955477985009811,2929809514600.288,918,S1_depeg_stablecoin,indonesia,USDC
933,0.9694592935085743,2929809493387.579,918,S1_depeg_stablecoin,indonesia,USDC
934,0.9723742226309812,2929809493387.579,918,S1_depeg_stablecoin,indonesia,USDC
935,0.970606365229206,2929809493387.579,918,S1_depeg_stablecoin,indonesia,USDC
936,0.9750456114827768,2929809493387.579,918,S1_depeg_stablecoin,indonesia,USDC
937,0.9673150304456518,2929809493387.579,918,S1_depeg_stablecoin,indonesia,USDC
938,0.9814057382002381,2929809490340.678,918,S1_depeg_stablecoin,indonesia,USDC
939,0.9941440162665877,2929809490340.678,918,S1_depeg_stablecoin,indonesia,USDC
940,1.003431250550765,2929809490340.678,918,S1_depeg_stablecoin,indonesia,USDC
941,1.0059255159713985,2929809490340.678,918,S1_depeg_stablecoin,indonesia,USDC
942,1.0229325353859968,2929809490340.678,918,S1_depeg_stablecoin,indonesia,USDC
943,1.0296263575238582,2929809490340.678,918,S1_depeg_stablecoin,indonesia,USDC
944,1.027601655797312,2929809490340.678,918,S1_depeg_stablecoin,indonesia,USDC
945,1.04522197148328,2929809490340.678,918,S1_depeg_stablecoin,indonesia,USDC
946,1.0501062304072202,2929809490340.678,918,S1_depeg_stablecoin,indonesia,USDC
947,1.0383866981622358,2929809490340.678,918,S1_depeg_stablecoin,indonesia,USDC
948,1.0459535576475927,2929809490340.678,918,S1_depeg_stablecoin,indonesia,USDC
949,1.0393066455298356,2929809490340.678,918,S1_depeg_stablecoin,indonesia,USDC
950,1.0455175738644311,2929809490340.678,918,S1_depeg_stablecoin,indonesia,USDC
951,1.04189228236845,2929809490340.678,918,S1_depeg_stablecoin,indonesia,USDC
952,1.0201418603227657,2929809490340.678,918,S1_depeg_stablecoin,indonesia,USDC
953,1.0218770753908366,2929809490340.678,918,S1_depeg_stablecoin,indonesia,USDC
954,1.0228585531485332,2929809490340.678,918,S1_depeg_stablecoin,indonesia,USDC
955,1.0202564635800586,2929809490340.678,918,S1_depeg_stablecoin,indonesia,USDC
956,1.0042708923861303,2929809490340.678,918,S1_depeg_stablecoin,indonesia,USDC
957,1.0103796986935725,2929809490340.678,918,S1_depeg_stablecoin,indonesia,USDC
958,1.0188633936056988,2929809490340.678,918,S1_depeg_stablecoin,indonesia,USDC
959,0.9433835777191273,2929809490340.678,918,S1_depeg_stablecoin,indonesia,USDC
960,0.8961002737589159,2929809454826.527,918,S1_depeg_stablecoin,indonesia,USDC
961,0.9242377709919058,2929809358701.366,918,S1_depeg_stablecoin,indonesia,USDC
962,0.9379175346059568,2929809304134.7144,918,S1_depeg_stablecoin,indonesia,USDC
963,0.9443826480908156,2929809266798.989,918,S1_depeg_stablecoin,indonesia,USDC
964,0.9573112026696923,2929809237090.757,918,S1_depeg_stablecoin,indonesia,USDC
965,0.9521867598426378,2929809223898.495,918,S1_depeg_stablecoin,indonesia,USDC
966,0.9517181676114563,2929809203216.698,918,S1_depeg_stablecoin,indonesia,USDC
967,0.9607174548061412,2929809182380.6445,918,S1_depeg_stablecoin,indonesia,USDC
968,1.0031671738004124,2929809173462.749,918,S1_depeg_stablecoin,indonesia,USDC
969,1.007982956334736,2929809173462.749,918,S1_depeg_stablecoin,indonesia,USDC
970,1.0202580204650804,2929809173462.749,918,S1_depeg_stablecoin,indonesia,USDC
971,0.9730451288819288,2929809173462.749,918,S1_depeg_stablecoin,indonesia,USDC
972,0.950575885705911,2929809173462.749,918,S1_depeg_stablecoin,indonesia,USDC
973,0.9420159444621131,2929809154661.304,918,S1_depeg_stablecoin,indonesia,USDC
974,0.9394144306635752,2929809126223.453,918,S1_depeg_stablecoin,indonesia,USDC
975,0.9405626008934085,2929809094912.6064,918,S1_depeg_stablecoin,indonesia,USDC
976,0.9508942152825011,2929809067704.4556,918,S1_depeg_stablecoin,indonesia,USDC
977,0.9816155184185574,2929809051053.7886,918,S1_depeg_stablecoin,indonesia,USDC
978,0.9942134336730821,2929809051053.7886,918,S1_depeg_stablecoin,indonesia,USDC
979,0.9938833920450222,2929809051053.7886,918,S1_depeg_stablecoin,indonesia,USDC
980,0.997123725411273,2929809051053.7886,918,S1_depeg_stablecoin,indonesia,USDC
981,1.0073016517933755,2929809051053.7886,918,S1_depeg_stablecoin,indonesia,USDC
982,1.0022878939481252,2929809051053.7886,918,S1_depeg_stablecoin,indonesia,USDC
983,1.0332316336995875,2929809051053.7886,918,S1_depeg_stablecoin,indonesia,USDC
984,1.0224139660116704,2929809051053.7886,918,S1_depeg_stablecoin,indonesia,USDC
985,1.0107048319569405,2929809051053.7886,918,S1_depeg_stablecoin,indonesia,USDC
986,1.034515595086572,2929809051053.7886,918,S1_depeg_stablecoin,indonesia,USDC
987,1.0309804835769232,2929809051053.7886,918,S1_depeg_stablecoin,indonesia,USDC
988,1.036750891960339,2929809051053.7886,918,S1_depeg_stablecoin,indonesia,USDC
989,1.0619694465122023,2929809051053.7886,918,S1_depeg_stablecoin,indonesia,USDC
990,1.066367061841991,2929809051053.7886,918,S1_depeg_stablecoin,indonesia,USDC
991,1.0975879151425456,2929809051053.7886,918,S1_depeg_stablecoin,indonesia,USDC
992,1.1077254530083034,2929809051053.7886,918,S1_depeg_stablecoin,indonesia,USDC
993,1.0784225675927095,2929809051053.7886,918,S1_depeg_stablecoin,indonesia,USDC
994,1.0624087888010245,2929809051053.7886,918,S1_depeg_stablecoin,indonesia,USDC
995,1.0581165393501484,2929809051053.7886,918,S1_depeg_stablecoin,indonesia,USDC
996,1.0486451319711876,2929809051053.7886,918,S1_depeg_stablecoin,indonesia,USDC
997,1.005857395538113,2929809051053.7886,918,S1_depeg_stablecoin,indonesia,USDC
998,1.006258244931647,2929809051053.7886,918,S1_depeg_stablecoin,indonesia,USDC
999,1.021682834120697,2929809051053.7886,918,S1_depeg_stablecoin,indonesia,USDC
1000,1.0218762657007245,2929809051053.7886,918,S1_depeg_stablecoin,indonesia,USDC
