Step,price,liquidity,iteration,scenario,region,coin
1,0.9573020936473677,7193063124837.823,239,S3_twin_shock,united_states,USDC
2,0.9445462131777285,7191204485898.682,239,S3_twin_shock,united_states,USDC
3,0.9748315770503391,7187509146251.252,239,S3_twin_shock,united_states,USDC
4,0.9735748752919592,7187509146251.252,239,S3_twin_shock,united_states,USDC
5,0.9783299594396083,7187509146251.252,239,S3_twin_shock,united_states,USDC
6,0.9449863641041295,7187509146251.252,239,S3_twin_shock,united_states,USDC
7,0.9729010647247937,7184042028210.261,239,S3_twin_shock,united_states,USDC
8,0.9775113186732999,7184042028210.261,239,S3_twin_shock,united_states,USDC
9,0.9735801023756472,7184042028210.261,239,S3_twin_shock,united_states,USDC
10,1.0016868046009009,7184042028210.261,239,S3_twin_shock,united_states,USDC
11,1.0074690397248987,7184042028210.261,239,S3_twin_shock,united_states,USDC
12,1.005463139169219,7184042028210.261,239,S3_twin_shock,united_states,USDC
13,1.0208794339263592,7184042028210.261,239,S3_twin_shock,united_states,USDC
14,1.006923902586156,7184042028210.261,239,S3_twin_shock,united_states,USDC
15,1.0149047588439217,7184042028210.261,239,S3_twin_shock,united_states,USDC
16,1.0001071525776155,7184042028210.261,239,S3_twin_shock,united_states,USDC
17,0.9927607981168391,7184042028210.261,239,S3_twin_shock,united_states,USDC
18,1.0250713656652528,7184042028210.261,239,S3_twin_shock,united_states,USDC
19,1.0284364166812152,7184042028210.261,239,S3_twin_shock,united_states,USDC
20,1.0639624788916227,7184042028210.261,239,S3_twin_shock,united_states,USDC
21,1.0692841312425698,7184042028210.261,239,S3_twin_shock,united_states,USDC
22,1.0926987451701955,7184042028210.261,239,S3_twin_shock,united_states,USDC
23,1.0767506943556953,7184042028210.261,239,S3_twin_shock,united_states,USDC
24,1.065177483272281,7184042028210.261,239,S3_twin_shock,united_states,USDC
25,1.0812703767651808,7184042028210.261,239,S3_twin_shock,united_states,USDC
26,1.1050893226253644,7184042028210.261,239,S3_twin_shock,united_states,USDC
27,1.0967214263119538,7184042028210.261,239,S3_twin_shock,united_states,USDC
28,0.9629737873518787,7184042028210.261,239,S3_twin_shock,united_states,USDC
29,0.9701112541395205,7183064306067.885,239,S3_twin_shock,united_states,USDC
30,0.940603631351003,7183064306067.885,239,S3_twin_shock,united_states,USDC
31,0.9615377869244951,7179054966655.291,239,S3_twin_shock,united_states,USDC
32,0.9571999175854616,7177987786046.317,239,S3_twin_shock,united_states,USDC
33,0.93240783206754,7176399266358.682,239,S3_twin_shock,united_states,USDC
34,0.9377573278331657,7171644032642.842,239,S3_twin_shock,united_states,USDC
35,0.9404173151470138,7167569459421.945,239,S3_twin_shock,united_states,USDC
36,0.9487619377567081,7164060108024.858,239,S3_twin_shock,united_states,USDC
37,0.9605139621568665,7161587160776.876,239,S3_twin_shock,united_states,USDC
38,0.9494493404156186,7160591154976.1045,239,S3_twin_shock,united_states,USDC
39,0.9876188351296086,7158318334304.816,239,S3_twin_shock,united_states,USDC
40,0.9707245975617139,7158318334304.816,239,S3_twin_shock,united_states,USDC
41,0.9493295289802129,7158318334304.816,239,S3_twin_shock,united_states,USDC
42,0.945085366492868,7156035423517.131,239,S3_twin_shock,united_states,USDC
43,0.9305644177032373,7153337120808.691,239,S3_twin_shock,united_states,USDC
44,0.9385443466520167,7149285244966.557,239,S3_twin_shock,united_states,USDC
45,0.9284413825497643,7146035191081.434,239,S3_twin_shock,united_states,USDC
46,0.9527034006024301,7142072086444.566,239,S3_twin_shock,united_states,USDC
47,0.9636114886542644,7140539375004.877,239,S3_twin_shock,united_states,USDC
48,0.9558089364511112,7139936903806.879,239,S3_twin_shock,united_states,USDC
49,1.0071690926629613,7138607423835.459,239,S3_twin_shock,united_states,USDC
50,1.0150346961965988,7138607423835.459,239,S3_twin_shock,united_states,USDC
51,1.040658966386135,7138607423835.459,239,S3_twin_shock,united_states,USDC
52,1.075145197880342,7138607423835.459,239,S3_twin_shock,united_states,USDC
53,1.0719152087468031,7138607423835.459,239,S3_twin_shock,united_states,USDC
54,1.0344232629427905,7138607423835.459,239,S3_twin_shock,united_states,USDC
55,1.0454956519233367,7138607423835.459,239,S3_twin_shock,united_states,USDC
56,1.0193900388353243,7138607423835.459,239,S3_twin_shock,united_states,USDC
57,1.0244571288679278,7138607423835.459,239,S3_twin_shock,united_states,USDC
58,1.0312711575320177,7138607423835.459,239,S3_twin_shock,united_states,USDC
59,1.0332267264792805,7138607423835.459,239,S3_twin_shock,united_states,USDC
60,1.0355925307084128,7138607423835.459,239,S3_twin_shock,united_states,USDC
61,1.021920805988114,7138607423835.459,239,S3_twin_shock,united_states,USDC
62,1.051812060012529,7138607423835.459,239,S3_twin_shock,united_states,USDC
63,1.0014067288110766,7138607423835.459,239,S3_twin_shock,united_states,USDC
64,0.9840257399387551,7138607423835.459,239,S3_twin_shock,united_states,USDC
65,0.9985509096370184,7138607423835.459,239,S3_twin_shock,united_states,USDC
66,0.9933129159989725,7138607423835.459,239,S3_twin_shock,united_states,USDC
67,0.999228554991831,7138607423835.459,239,S3_twin_shock,united_states,USDC
68,0.9862779139129884,7138607423835.459,239,S3_twin_shock,united_states,USDC
69,1.0092721213244982,7138607423835.459,239,S3_twin_shock,united_states,USDC
70,1.00720892335128,7138607423835.459,239,S3_twin_shock,united_states,USDC
71,0.9769615625333351,7138607423835.459,239,S3_twin_shock,united_states,USDC
72,0.9789477811886391,7138607423835.459,239,S3_twin_shock,united_states,USDC
73,0.9966541366232203,7138607423835.459,239,S3_twin_shock,united_states,USDC
74,0.9899257054351258,7138607423835.459,239,S3_twin_shock,united_states,USDC
75,0.9773029120720185,7138607423835.459,239,S3_twin_shock,united_states,USDC
76,0.9827865082699289,7138607423835.459,239,S3_twin_shock,united_states,USDC
77,0.9224124531880593,7138607423835.459,239,S3_twin_shock,united_states,USDC
78,0.915467761074621,7134214440824.849,239,S3_twin_shock,united_states,USDC
79,0.9588957005151603,7129614081703.857,239,S3_twin_shock,united_states,USDC
80,0.9761009756554823,7128826277612.865,239,S3_twin_shock,united_states,USDC
81,0.9608144623592422,7128826277612.865,239,S3_twin_shock,united_states,USDC
82,0.9522487622645228,7128070950352.905,239,S3_twin_shock,united_states,USDC
83,0.9624105649390826,7126731234959.268,239,S3_twin_shock,united_states,USDC
84,0.9780082205676225,7126165571537.965,239,S3_twin_shock,united_states,USDC
85,0.9786007758358496,7126165571537.965,239,S3_twin_shock,united_states,USDC
86,0.9572120900088326,7126165571537.965,239,S3_twin_shock,united_states,USDC
87,0.963414821721619,7125197433579.1455,239,S3_twin_shock,united_states,USDC
88,0.9761588555650957,7124805844171.59,239,S3_twin_shock,united_states,USDC
89,0.9610801561711267,7124805844171.59,239,S3_twin_shock,united_states,USDC
90,0.9668693619915253,7124154319303.373,239,S3_twin_shock,united_states,USDC
91,0.9652219890717288,7124028120539.406,239,S3_twin_shock,united_states,USDC
92,0.9559383449830259,7123658859128.375,239,S3_twin_shock,united_states,USDC
93,0.9807512643593312,7122683247242.507,239,S3_twin_shock,united_states,USDC
94,0.982590231159934,7122683247242.507,239,S3_twin_shock,united_states,USDC
95,0.9826130611584993,7122683247242.507,239,S3_twin_shock,united_states,USDC
96,0.990904197064158,7122683247242.507,239,S3_twin_shock,united_states,USDC
97,0.9932936009140015,7122683247242.507,239,S3_twin_shock,united_states,USDC
98,1.028047472237754,7122683247242.507,239,S3_twin_shock,united_states,USDC
99,1.011617234638255,7122683247242.507,239,S3_twin_shock,united_states,USDC
100,0.9985313600420769,7122683247242.507,239,S3_twin_shock,united_states,USDC
101,0.8392736804319473,7122683247242.507,239,S3_twin_shock,united_states,USDC
102,0.8572264263852406,7113345476293.38,239,S3_twin_shock,united_states,USDC
103,0.8563025701272758,7105871919083.066,239,S3_twin_shock,united_states,USDC
104,0.8800986567215954,7099633929378.436,239,S3_twin_shock,united_states,USDC
105,0.8787385107759723,7095259488255.635,239,S3_twin_shock,united_states,USDC
106,0.8869454467050428,7090913149160.537,239,S3_twin_shock,united_states,USDC
107,0.893493482131706,7087329814031.149,239,S3_twin_shock,united_states,USDC
108,0.9265711702915219,7084381598595.28,239,S3_twin_shock,united_states,USDC
109,0.9000567241540951,7082934000376.084,239,S3_twin_shock,united_states,USDC
110,0.9120738342530167,7080491691107.1,239,S3_twin_shock,united_states,USDC
111,0.9193222184440663,7078757292475.599,239,S3_twin_shock,united_states,USDC
112,0.9407680098268139,7077205916660.102,239,S3_twin_shock,united_states,USDC
113,0.9209495455763614,7076357803449.797,239,S3_twin_shock,united_states,USDC
114,0.9284327546948268,7075051604439.963,239,S3_twin_shock,united_states,USDC
115,0.9296132550785173,7073937924536.118,239,S3_twin_shock,united_states,USDC
116,0.9362352038650348,7072992492184.24,239,S3_twin_shock,united_states,USDC
117,0.9631459230875333,7072185764558.119,239,S3_twin_shock,united_states,USDC
118,0.9663432228312027,7072066304584.996,239,S3_twin_shock,united_states,USDC
119,0.9549031640612873,7072019493391.426,239,S3_twin_shock,united_states,USDC
120,0.9738530823229076,7071697794563.291,239,S3_twin_shock,united_states,USDC
121,0.9240765729460858,6894905349699.207,239,S3_twin_shock,united_states,USDC
122,0.9097140891164331,6721516620356.918,239,S3_twin_shock,united_states,USDC
123,0.907205132660814,6552268247633.571,239,S3_twin_shock,united_states,USDC
124,0.8891980794539802,6387177014157.148,239,S3_twin_shock,united_states,USDC
125,0.8783638002436768,6226057704181.518,239,S3_twin_shock,united_states,USDC
126,0.8592753291454099,6068860606200.367,239,S3_twin_shock,united_states,USDC
127,0.8535418056215431,5915436740966.699,239,S3_twin_shock,united_states,USDC
128,0.8631691623451663,5765990319193.652,239,S3_twin_shock,united_states,USDC
129,0.8487998349201166,5620484874628.752,239,S3_twin_shock,united_states,USDC
130,0.8647933054396182,5478604110148.203,239,S3_twin_shock,united_states,USDC
131,0.8591347370943364,5340599413368.832,239,S3_twin_shock,united_states,USDC
132,0.8527699186047377,5206169787648.982,239,S3_twin_shock,united_states,USDC
133,0.8529163599402594,5075151232237.826,239,S3_twin_shock,united_states,USDC
134,0.8520592104192956,4947507008684.598,239,S3_twin_shock,united_states,USDC
135,0.8498339245677162,4823135442308.974,239,S3_twin_shock,united_states,USDC
136,0.8692573788293371,4701912081389.627,239,S3_twin_shock,united_states,USDC
137,0.8644595306747661,4583910524873.4795,239,S3_twin_shock,united_states,USDC
138,0.8727057812656409,4468853781268.115,239,S3_twin_shock,united_states,USDC
139,0.8652398798826262,4356763531787.1387,239,S3_twin_shock,united_states,USDC
140,0.845814550253544,4247493993286.807,239,S3_twin_shock,united_states,USDC
141,0.8266747943023616,4140917436481.83,239,S3_twin_shock,united_states,USDC
142,0.808750307106736,4037026499971.8447,239,S3_twin_shock,united_states,USDC
143,0.7997387593353512,3935743848857.704,239,S3_twin_shock,united_states,USDC
144,0.7927826807437905,3837012212080.6514,239,S3_twin_shock,united_states,USDC
145,0.8043056543501206,3740808167778.588,239,S3_twin_shock,united_states,USDC
146,0.8088523753098977,3647077552997.1284,239,S3_twin_shock,united_states,USDC
147,0.7998580495696158,3555725285154.076,239,S3_twin_shock,united_states,USDC
148,0.7996196607152528,3466670195254.838,239,S3_twin_shock,united_states,USDC
149,0.8084531873684014,3379869703536.759,239,S3_twin_shock,united_states,USDC
150,0.7805060670775734,3295268430770.0654,239,S3_twin_shock,united_states,USDC
151,0.8073128365462304,3212786528630.8296,239,S3_twin_shock,united_states,USDC
152,0.8279281207696564,3132397308586.585,239,S3_twin_shock,united_states,USDC
153,0.8291357682881242,3054038753787.2744,239,S3_twin_shock,united_states,USDC
154,0.8249581642374862,2977644442103.7817,239,S3_twin_shock,united_states,USDC
155,0.7984243488812791,2903165826814.5547,239,S3_twin_shock,united_states,USDC
156,0.7654625974807938,2830548636429.7686,239,S3_twin_shock,united_states,USDC
157,0.7770888667316098,2759747240704.529,239,S3_twin_shock,united_states,USDC
158,0.7733026455139923,2690725793717.2827,239,S3_twin_shock,united_states,USDC
159,0.7876031756456664,2623433720112.917,239,S3_twin_shock,united_states,USDC
160,0.7650901967562117,2557830450414.8745,239,S3_twin_shock,united_states,USDC
161,0.811763797194535,2493868325877.4346,239,S3_twin_shock,united_states,USDC
162,0.7862488715404509,2431511999437.73,239,S3_twin_shock,united_states,USDC
163,0.7758460903421144,2370714332077.217,239,S3_twin_shock,united_states,USDC
164,0.7613433455078379,2311438162927.619,239,S3_twin_shock,united_states,USDC
165,0.7548419845782459,2253644841550.598,239,S3_twin_shock,united_states,USDC
166,0.7593789705622275,2197297962792.9233,239,S3_twin_shock,united_states,USDC
167,0.7390221882610346,2142360787109.7075,239,S3_twin_shock,united_states,USDC
168,0.7300262765754735,2088797709493.6177,239,S3_twin_shock,united_states,USDC
169,0.7422237673669476,2036574676435.7778,239,S3_twin_shock,united_states,USDC
170,0.7523636154942096,1985658117849.1465,239,S3_twin_shock,united_states,USDC
171,0.7728962213273719,1936014968631.4492,239,S3_twin_shock,united_states,USDC
172,0.7689983794891956,1887613419597.6838,239,S3_twin_shock,united_states,USDC
173,0.7816385413143597,1840422103293.573,239,S3_twin_shock,united_states,USDC
174,0.7911304079655332,1794410818483.858,239,S3_twin_shock,united_states,USDC
175,0.7873968083887821,1749549973168.2695,239,S3_twin_shock,united_states,USDC
176,0.7909391803150762,1705810754242.032,239,S3_twin_shock,united_states,USDC
177,0.8002347218569056,1663165110656.7334,239,S3_twin_shock,united_states,USDC
178,0.780475018626227,1621585703162.0693,239,S3_twin_shock,united_states,USDC
179,0.7870930458844495,1581045799480.1653,239,S3_twin_shock,united_states,USDC
180,0.8204016207050763,1541519440801.4187,239,S3_twin_shock,united_states,USDC
181,0.8294915515359026,1502981312072.434,239,S3_twin_shock,united_states,USDC
182,0.835661685452647,1465406668078.3606,239,S3_twin_shock,united_states,USDC
183,0.8475680517324861,1428771409577.3857,239,S3_twin_shock,united_states,USDC
184,0.8614559602606309,1393052048859.7705,239,S3_twin_shock,united_states,USDC
185,0.850693857809609,1358225692899.4878,239,S3_twin_shock,united_states,USDC
186,0.8193581409638077,1324269995349.9976,239,S3_twin_shock,united_states,USDC
187,0.8415342875273247,1291163183866.9333,239,S3_twin_shock,united_states,USDC
188,0.8156155663780641,1258884059755.728,239,S3_twin_shock,united_states,USDC
189,0.8272519534161797,1227411909489.3503,239,S3_twin_shock,united_states,USDC
190,0.816584457822397,1196726575365.6099,239,S3_twin_shock,united_states,USDC
191,0.8050718917597273,1166808375983.8494,239,S3_twin_shock,united_states,USDC
192,0.8121428859321546,1137638135497.7607,239,S3_twin_shock,united_states,USDC
193,0.8125886105650301,1109197157862.9656,239,S3_twin_shock,united_states,USDC
194,0.7943408954680474,1081467208931.203,239,S3_twin_shock,united_states,USDC
195,0.8273716398157124,1054430508613.4812,239,S3_twin_shock,united_states,USDC
196,0.8326297745983621,1028069732536.9167,239,S3_twin_shock,united_states,USDC
197,0.8376974360432042,1002367978459.2102,239,S3_twin_shock,united_states,USDC
198,0.8394174524978792,977308770254.256,239,S3_twin_shock,united_states,USDC
199,0.8259218168036735,952876043670.0549,239,S3_twin_shock,united_states,USDC
200,0.8029940142006068,929054135051.863,239,S3_twin_shock,united_states,USDC
201,0.7964419234304716,905827774530.5813,239,S3_twin_shock,united_states,USDC
202,0.8194393273933823,883182074103.7222,239,S3_twin_shock,united_states,USDC
203,0.786423458467444,861102517793.4099,239,S3_twin_shock,united_states,USDC
204,0.7798659192336158,839574950026.6267,239,S3_twin_shock,united_states,USDC
205,0.7692510535221501,818585572384.293,239,S3_twin_shock,united_states,USDC
206,0.777848125736117,798120929740.4198,239,S3_twin_shock,united_states,USDC
207,0.7643400779232471,778167903935.5265,239,S3_twin_shock,united_states,USDC
208,0.7693150866566523,758713704164.6326,239,S3_twin_shock,united_states,USDC
209,0.7672587157025551,739745859761.1969,239,S3_twin_shock,united_states,USDC
210,0.8025169144359102,721252211908.2389,239,S3_twin_shock,united_states,USDC
211,0.8064781788303044,703220905654.2096,239,S3_twin_shock,united_states,USDC
212,0.82938264241998,685640382240.366,239,S3_twin_shock,united_states,USDC
213,0.8088143753753373,668499372142.7568,239,S3_twin_shock,united_states,USDC
214,0.8138577782813496,651786887296.0989,239,S3_twin_shock,united_states,USDC
215,0.8009898286904856,635492214701.17,239,S3_twin_shock,united_states,USDC
216,0.795516858228642,619604908954.4158,239,S3_twin_shock,united_states,USDC
217,0.7854197288365865,604114785903.152,239,S3_twin_shock,united_states,USDC
218,0.811548807430225,589011915949.9663,239,S3_twin_shock,united_states,USDC
219,0.8149390528213191,574286617847.2855,239,S3_twin_shock,united_states,USDC
220,0.741632464165014,559929452225.8243,239,S3_twin_shock,united_states,USDC
221,0.7393949640747046,545931215703.3008,239,S3_twin_shock,united_states,USDC
222,0.7178950182870872,532282935143.2754,239,S3_twin_shock,united_states,USDC
223,0.6687488896606983,518975861632.9651,239,S3_twin_shock,united_states,USDC
224,0.6908441063460636,506001464970.9995,239,S3_twin_shock,united_states,USDC
225,0.6905401947414423,493351428264.99036,239,S3_twin_shock,united_states,USDC
226,0.700087777735845,481017642503.3168,239,S3_twin_shock,united_states,USDC
227,0.7349078794966585,468992201402.04346,239,S3_twin_shock,united_states,USDC
228,0.7511759599815301,457267396341.214,239,S3_twin_shock,united_states,USDC
229,0.7693273554290591,445835711414.3497,239,S3_twin_shock,united_states,USDC
230,0.7825694340147914,434689818616.15607,239,S3_twin_shock,united_states,USDC
231,0.7788255458444487,423822573141.3624,239,S3_twin_shock,united_states,USDC
232,0.7750223198219643,413227008804.82294,239,S3_twin_shock,united_states,USDC
233,0.7775013231431214,402896333578.22626,239,S3_twin_shock,united_states,USDC
234,0.7977000852494109,392823925233.2705,239,S3_twin_shock,united_states,USDC
235,0.7725436786390906,383003327098.4928,239,S3_twin_shock,united_states,USDC
236,0.7784259733187562,373428243917.52576,239,S3_twin_shock,united_states,USDC
237,0.7887343230761955,364092537816.78516,239,S3_twin_shock,united_states,USDC
238,0.7896076353088611,354990224369.2146,239,S3_twin_shock,united_states,USDC
239,0.7719694161499587,346115468758.1597,239,S3_twin_shock,united_states,USDC
240,0.7528733433564345,337462582037.6386,239,S3_twin_shock,united_states,USDC
241,0.7563439959588296,329026017485.2608,239,S3_twin_shock,united_states,USDC
242,0.7476884685925825,320800367047.0945,239,S3_twin_shock,united_states,USDC
243,0.7527440310783692,312780357870.02893,239,S3_twin_shock,united_states,USDC
244,0.7452322505693257,304960848922.593,239,S3_twin_shock,united_states,USDC
245,0.7623057152868457,297336827698.9882,239,S3_twin_shock,united_states,USDC
246,0.7469668353898352,289903407006.1359,239,S3_twin_shock,united_states,USDC
247,0.7631916417011614,282655821830.64764,239,S3_twin_shock,united_states,USDC
248,0.7670084464257881,275589426284.6471,239,S3_twin_shock,united_states,USDC
249,0.7630205144826123,268699690627.35587,239,S3_twin_shock,united_states,USDC
250,0.7599430636060652,261982198361.52588,239,S3_twin_shock,united_states,USDC
251,0.7778819107618085,255432643402.37213,239,S3_twin_shock,united_states,USDC
252,0.7927296730224636,249046827317.22693,239,S3_twin_shock,united_states,USDC
253,0.7994471079893571,242820656634.23087,239,S3_twin_shock,united_states,USDC
254,0.8097482372409175,236750140218.32556,239,S3_twin_shock,united_states,USDC
255,0.8060569367150217,230831386712.82782,239,S3_twin_shock,united_states,USDC
256,0.8222833453185129,225060602044.9723,239,S3_twin_shock,united_states,USDC
257,0.8363049132967494,219434086993.82288,239,S3_twin_shock,united_states,USDC
258,0.8472322792148717,213948234818.95746,239,S3_twin_shock,united_states,USDC
259,0.8253617724020755,208599528948.46774,239,S3_twin_shock,united_states,USDC
260,0.8261900194183294,203384540724.74,239,S3_twin_shock,united_states,USDC
261,0.8561155921255916,198299927206.60748,239,S3_twin_shock,united_states,USDC
262,0.8260103555248324,193342429026.43237,239,S3_twin_shock,united_states,USDC
263,0.8092368973143496,188508868300.76093,239,S3_twin_shock,united_states,USDC
264,0.790728749999168,183796146593.2315,239,S3_twin_shock,united_states,USDC
265,0.7937048030087605,179201242928.3912,239,S3_twin_shock,united_states,USDC
266,0.7671538564204098,174721211855.1737,239,S3_twin_shock,united_states,USDC
267,0.7735654512701381,170353181558.78693,239,S3_twin_shock,united_states,USDC
268,0.7891591843849288,166094352019.81152,239,S3_twin_shock,united_states,USDC
269,0.7829220793593521,161941993219.31192,239,S3_twin_shock,united_states,USDC
270,0.7861568793072342,157893443388.82553,239,S3_twin_shock,united_states,USDC
271,0.7801242042776365,153946107304.1021,239,S3_twin_shock,united_states,USDC
272,0.7943145690850903,150097454621.49716,239,S3_twin_shock,united_states,USDC
273,0.8135839684505597,146345018255.9579,239,S3_twin_shock,united_states,USDC
274,0.8200221462991834,142686392799.55762,239,S3_twin_shock,united_states,USDC
275,0.8169934460341185,139119232979.56766,239,S3_twin_shock,united_states,USDC
276,0.8134944846027221,135641252155.07758,239,S3_twin_shock,united_states,USDC
277,0.7959168060316756,132250220851.19984,239,S3_twin_shock,united_states,USDC
278,0.8166280967148565,128943965329.91914,239,S3_twin_shock,united_states,USDC
279,0.799574719424111,125720366196.67062,239,S3_twin_shock,united_states,USDC
280,0.8044263254783088,122577357041.75336,239,S3_twin_shock,united_states,USDC
281,0.822032982313958,119512923115.70914,239,S3_twin_shock,united_states,USDC
282,0.8141675821092464,116525100037.8161,239,S3_twin_shock,united_states,USDC
283,0.8282143500311491,113611972536.87042,239,S3_twin_shock,united_states,USDC
284,0.8131809996451824,110771673223.44846,239,S3_twin_shock,united_states,USDC
285,0.8001094016374034,108002381392.86205,239,S3_twin_shock,united_states,USDC
286,0.8021017014354506,105302321858.04031,239,S3_twin_shock,united_states,USDC
287,0.7963335046627023,102669763811.58914,239,S3_twin_shock,united_states,USDC
288,0.7971789338587468,100103019716.29929,239,S3_twin_shock,united_states,USDC
289,0.7997094239361406,97600444223.3917,239,S3_twin_shock,united_states,USDC
290,0.7750695630237571,95160433117.80682,239,S3_twin_shock,united_states,USDC
291,0.7957250192241588,92781422289.86156,239,S3_twin_shock,united_states,USDC
292,0.8047230897040171,90461886732.61496,239,S3_twin_shock,united_states,USDC
293,0.8016011891878242,88200339564.29953,239,S3_twin_shock,united_states,USDC
294,0.7864360178712941,85995331075.192,239,S3_twin_shock,united_states,USDC
295,0.7964631693723667,83845447798.31216,239,S3_twin_shock,united_states,USDC
296,0.8032321618626204,81749311603.35434,239,S3_twin_shock,united_states,USDC
297,0.8112549945986276,79705578813.27046,239,S3_twin_shock,united_states,USDC
298,0.7937926830048696,77712939342.93867,239,S3_twin_shock,united_states,USDC
299,0.8033733274886301,75770115859.3652,239,S3_twin_shock,united_states,USDC
300,0.7709800140113915,73875862962.88104,239,S3_twin_shock,united_states,USDC
301,0.7618971082885246,72028966388.80902,239,S3_twin_shock,united_states,USDC
302,0.7635330445941413,70228242229.08878,239,S3_twin_shock,united_states,USDC
303,0.7814859136092023,68472536173.36155,239,S3_twin_shock,united_states,USDC
304,0.7995914384011464,66760722769.0275,239,S3_twin_shock,united_states,USDC
305,0.793784110781475,65091704699.80181,239,S3_twin_shock,united_states,USDC
306,0.8076423729047392,63464412082.30676,239,S3_twin_shock,united_states,USDC
307,0.7958253907552985,61877801780.24911,239,S3_twin_shock,united_states,USDC
308,0.7719074283081159,60330856735.742874,239,S3_twin_shock,united_states,USDC
309,0.7759609012276409,58822585317.349304,239,S3_twin_shock,united_states,USDC
310,0.7882733749865104,57352020684.41557,239,S3_twin_shock,united_states,USDC
311,0.7664112552980278,55918220167.30519,239,S3_twin_shock,united_states,USDC
312,0.7736427220929679,54520264663.12256,239,S3_twin_shock,united_states,USDC
313,0.7770848111778597,53157258046.544495,239,S3_twin_shock,united_states,USDC
314,0.78249700050568,51828326595.38089,239,S3_twin_shock,united_states,USDC
315,0.8144607104575711,50532618430.49637,239,S3_twin_shock,united_states,USDC
316,0.8129656587587116,49269302969.73396,239,S3_twin_shock,united_states,USDC
317,0.8341934741026729,48037570395.490616,239,S3_twin_shock,united_states,USDC
318,0.8105539971929341,46836631135.60335,239,S3_twin_shock,united_states,USDC
319,0.7976915503069042,45665715357.213264,239,S3_twin_shock,united_states,USDC
320,0.7799725166793307,44524072473.28293,239,S3_twin_shock,united_states,USDC
321,0.761077000304292,43410970661.45086,239,S3_twin_shock,united_states,USDC
322,0.7763233066902296,42325696394.91459,239,S3_twin_shock,united_states,USDC
323,0.7703758852008198,41267553985.04172,239,S3_twin_shock,united_states,USDC
324,0.7825196915481537,40235865135.41568,239,S3_twin_shock,united_states,USDC
325,0.8024284849612858,39229968507.03028,239,S3_twin_shock,united_states,USDC
326,0.8066798845763619,38249219294.35453,239,S3_twin_shock,united_states,USDC
327,0.7933023767874137,37292988811.99567,239,S3_twin_shock,united_states,USDC
328,0.7707639105811683,36360664091.69577,239,S3_twin_shock,united_states,USDC
329,0.7763263983068036,35451647489.40338,239,S3_twin_shock,united_states,USDC
330,0.7681883195332735,34565356302.16829,239,S3_twin_shock,united_states,USDC
331,0.7532831896080698,33701222394.614082,239,S3_twin_shock,united_states,USDC
332,0.754156681334032,32858691834.748734,239,S3_twin_shock,united_states,USDC
333,0.7203484133869282,32037224538.880013,239,S3_twin_shock,united_states,USDC
334,0.7242342526719872,31236293925.408012,239,S3_twin_shock,united_states,USDC
335,0.7483388361580684,30455386577.27281,239,S3_twin_shock,united_states,USDC
336,0.7483329581390767,29694001912.840996,239,S3_twin_shock,united_states,USDC
337,0.7681719906877768,28951651865.019966,239,S3_twin_shock,united_states,USDC
338,0.7626617606773405,28227860568.39447,239,S3_twin_shock,united_states,USDC
339,0.7422373467789334,27522164054.18461,239,S3_twin_shock,united_states,USDC
340,0.7318113478312642,26834109952.83,239,S3_twin_shock,united_states,USDC
341,0.7379677248241856,26163257204.00925,239,S3_twin_shock,united_states,USDC
342,0.7836905797818347,25509175773.909016,239,S3_twin_shock,united_states,USDC
343,0.7799519409816184,24871446379.56129,239,S3_twin_shock,united_states,USDC
344,0.7940660701977283,24249660220.072258,239,S3_twin_shock,united_states,USDC
345,0.8173080200788925,23643418714.570454,239,S3_twin_shock,united_states,USDC
346,0.8143562505801263,23052333246.706192,239,S3_twin_shock,united_states,USDC
347,0.835349399521963,22476024915.538536,239,S3_twin_shock,united_states,USDC
348,0.8017612991644505,21914124292.65007,239,S3_twin_shock,united_states,USDC
349,0.8045153223756474,21366271185.33382,239,S3_twin_shock,united_states,USDC
350,0.8063770406203348,20832114405.700474,239,S3_twin_shock,united_states,USDC
351,0.8015430781099623,20311311545.55796,239,S3_twin_shock,united_states,USDC
352,0.7838667957087004,19803528756.919014,239,S3_twin_shock,united_states,USDC
353,0.7683490054830536,19308440537.996037,239,S3_twin_shock,united_states,USDC
354,0.7874290950280305,18825729524.546135,239,S3_twin_shock,united_states,USDC
355,0.680872769664388,18355086286.432484,239,S3_twin_shock,united_states,USDC
356,0.712633385740626,17896209129.27167,239,S3_twin_shock,united_states,USDC
357,0.7068594830317395,17448803901.03988,239,S3_twin_shock,united_states,USDC
358,0.7015519725438027,17012583803.513882,239,S3_twin_shock,united_states,USDC
359,0.7063430434888485,16587269208.426037,239,S3_twin_shock,united_states,USDC
360,0.7133187370859714,16172587478.215385,239,S3_twin_shock,united_states,USDC
361,0.7245607006220371,15768272791.259998,239,S3_twin_shock,united_states,USDC
362,0.7346008469353132,15374065971.4785,239,S3_twin_shock,united_states,USDC
363,0.7458460637799437,14989714322.191538,239,S3_twin_shock,united_states,USDC
364,0.7559274814027724,14614971464.136747,239,S3_twin_shock,united_states,USDC
365,0.7639850169693512,14249597177.533329,239,S3_twin_shock,united_states,USDC
366,0.7751707860361898,13893357248.094995,239,S3_twin_shock,united_states,USDC
367,0.7701552901913875,13546023316.892624,239,S3_twin_shock,united_states,USDC
368,0.7719216027368596,13207372733.970306,239,S3_twin_shock,united_states,USDC
369,0.7447714798630206,12877188415.621048,239,S3_twin_shock,united_states,USDC
370,0.755698821867726,12555258705.230522,239,S3_twin_shock,united_states,USDC
371,0.7493567788171652,12241377237.59976,239,S3_twin_shock,united_states,USDC
372,0.7406501058878083,11935342806.659765,239,S3_twin_shock,united_states,USDC
373,0.7438321737815036,11636959236.49327,239,S3_twin_shock,united_states,USDC
374,0.7320561327900118,11346035255.580938,239,S3_twin_shock,united_states,USDC
375,0.7184391224242737,11062384374.191416,239,S3_twin_shock,united_states,USDC
376,0.7207491293625592,10785824764.83663,239,S3_twin_shock,united_states,USDC
377,0.7445664923300455,10516179145.715714,239,S3_twin_shock,united_states,USDC
378,0.7694408643187606,10253274667.07282,239,S3_twin_shock,united_states,USDC
379,0.7628705100892021,9996942800.396,239,S3_twin_shock,united_states,USDC
380,0.7589907573234781,9747019230.3861,239,S3_twin_shock,united_states,USDC
381,0.7620390311015596,9503343749.62645,239,S3_twin_shock,united_states,USDC
382,0.7695195834358226,9265760155.885788,239,S3_twin_shock,united_states,USDC
383,0.763168242441713,9034116151.988644,239,S3_twin_shock,united_states,USDC
384,0.7560936864277735,8808263248.188927,239,S3_twin_shock,united_states,USDC
385,0.7622627768627634,8588056666.984203,239,S3_twin_shock,united_states,USDC
386,0.769930950061767,8373355250.309598,239,S3_twin_shock,united_states,USDC
387,0.7425742467957721,8164021369.051859,239,S3_twin_shock,united_states,USDC
388,0.7614023495971747,7959920834.825562,239,S3_twin_shock,united_states,USDC
389,0.7713546883784499,7760922813.954923,239,S3_twin_shock,united_states,USDC
390,0.7924822429091906,7566899743.606049,239,S3_twin_shock,united_states,USDC
391,0.8018967655708111,7377727250.015898,239,S3_twin_shock,united_states,USDC
392,0.790697016746613,7193284068.765501,239,S3_twin_shock,united_states,USDC
393,0.7720026966612966,7013451967.046362,239,S3_twin_shock,united_states,USDC
394,0.7916140955190449,6838115667.870203,239,S3_twin_shock,united_states,USDC
395,0.7926766474450626,6667162776.173449,239,S3_twin_shock,united_states,USDC
396,0.8068500389453124,6500483706.769113,239,S3_twin_shock,united_states,USDC
397,0.810128760793309,6337971614.099885,239,S3_twin_shock,united_states,USDC
398,0.8204400054242209,6179522323.747388,239,S3_twin_shock,united_states,USDC
399,0.8405417203540859,6025034265.653704,239,S3_twin_shock,united_states,USDC
400,0.8163355374500222,5874408409.012361,239,S3_twin_shock,united_states,USDC
401,0.7990580854518066,5727548198.787051,239,S3_twin_shock,united_states,USDC
402,0.7972591158623172,5584359493.817375,239,S3_twin_shock,united_states,USDC
403,0.8175058197770346,5444750506.471941,239,S3_twin_shock,united_states,USDC
404,0.7909914379643599,5308631743.8101425,239,S3_twin_shock,united_states,USDC
405,0.7986930615701064,5175915950.214889,239,S3_twin_shock,united_states,USDC
406,0.7660295007462724,5046518051.459517,239,S3_twin_shock,united_states,USDC
407,0.7687819299106399,4920355100.173028,239,S3_twin_shock,united_states,USDC
408,0.7837801980255722,4797346222.668703,239,S3_twin_shock,united_states,USDC
409,0.7875756640345708,4677412567.101985,239,S3_twin_shock,united_states,USDC
410,0.7840564567101419,4560477252.924436,239,S3_twin_shock,united_states,USDC
411,0.7816298382353233,4446465321.601324,239,S3_twin_shock,united_states,USDC
412,0.8019399084456028,4335303688.561291,239,S3_twin_shock,united_states,USDC
413,0.8107161631228956,4226921096.3472586,239,S3_twin_shock,united_states,USDC
414,0.8407382903503692,4121248068.9385777,239,S3_twin_shock,united_states,USDC
415,0.8232225642791043,4018216867.2151127,239,S3_twin_shock,united_states,USDC
416,0.8013496895231604,3917761445.5347357,239,S3_twin_shock,united_states,USDC
417,0.8110630697726823,3819817409.3963666,239,S3_twin_shock,united_states,USDC
418,0.8023876719199898,3724321974.161457,239,S3_twin_shock,united_states,USDC
419,0.8092857891919674,3631213924.8074207,239,S3_twin_shock,united_states,USDC
420,0.8079862235743874,3540433576.687236,239,S3_twin_shock,united_states,USDC
421,0.8088993425069941,3451922737.270055,239,S3_twin_shock,united_states,USDC
422,0.7922565892614276,3365624668.838303,239,S3_twin_shock,united_states,USDC
423,0.8024179834926513,3281484052.117346,239,S3_twin_shock,united_states,USDC
424,0.8439037453593616,3199446950.814412,239,S3_twin_shock,united_states,USDC
425,0.8487782601802086,3119460777.044052,239,S3_twin_shock,united_states,USDC
426,0.8366869763665593,3041474257.6179504,239,S3_twin_shock,united_states,USDC
427,0.810080989735761,2965437401.1775017,239,S3_twin_shock,united_states,USDC
428,0.8096487751536269,2891301466.1480646,239,S3_twin_shock,united_states,USDC
429,0.81038770873348,2819018929.494363,239,S3_twin_shock,united_states,USDC
430,0.8258796435163916,2748543456.257004,239,S3_twin_shock,united_states,USDC
431,0.8229647273281105,2679829869.8505783,239,S3_twin_shock,united_states,USDC
432,0.8393938842066179,2612834123.1043143,239,S3_twin_shock,united_states,USDC
433,0.8543190982869305,2547513270.0267067,239,S3_twin_shock,united_states,USDC
434,0.824335426165284,2483825438.2760386,239,S3_twin_shock,united_states,USDC
435,0.8331939553405137,2421729802.3191376,239,S3_twin_shock,united_states,USDC
436,0.8172184924407281,2361186557.2611594,239,S3_twin_shock,united_states,USDC
437,0.8234031616164487,2302156893.32963,239,S3_twin_shock,united_states,USDC
438,0.8212287467527454,2244602970.9963894,239,S3_twin_shock,united_states,USDC
439,0.787592078147496,2188487896.7214794,239,S3_twin_shock,united_states,USDC
440,0.7768895327618155,2133775699.3034425,239,S3_twin_shock,united_states,USDC
441,0.7635664713576308,2080431306.8208568,239,S3_twin_shock,united_states,USDC
442,0.751892010875132,2028420524.1503353,239,S3_twin_shock,united_states,USDC
443,0.7539415286834487,1977710011.046577,239,S3_twin_shock,united_states,USDC
444,0.7390829813110834,1928267260.7704124,239,S3_twin_shock,united_states,USDC
445,0.7562309080392283,1880060579.251152,239,S3_twin_shock,united_states,USDC
446,0.754841658333729,1833059064.7698731,239,S3_twin_shock,united_states,USDC
447,0.7588265199628595,1787232588.1506267,239,S3_twin_shock,united_states,USDC
448,0.7910416750337584,1742551773.4468608,239,S3_twin_shock,united_states,USDC
449,0.8391187085486398,1698987979.1106892,239,S3_twin_shock,united_states,USDC
450,0.8323036485827701,1656513279.6329222,239,S3_twin_shock,united_states,USDC
451,0.8396590063061634,1615100447.6420991,239,S3_twin_shock,united_states,USDC
452,0.8245427974035754,1574722936.4510467,239,S3_twin_shock,united_states,USDC
453,0.8217542010391206,1535354863.0397706,239,S3_twin_shock,united_states,USDC
454,0.8086599792558589,1496970991.4637764,239,S3_twin_shock,united_states,USDC
455,0.8079811002110029,1459546716.6771817,239,S3_twin_shock,united_states,USDC
456,0.8080615377647618,1423058048.7602522,239,S3_twin_shock,united_states,USDC
457,0.7870575074743067,1387481597.541246,239,S3_twin_shock,united_states,USDC
458,0.7945649599593515,1352794557.6027148,239,S3_twin_shock,united_states,USDC
459,0.7923233387336107,1318974693.662647,239,S3_twin_shock,united_states,USDC
460,0.7982731315498885,1286000326.3210807,239,S3_twin_shock,united_states,USDC
461,0.7919286785671802,1253850318.1630538,239,S3_twin_shock,united_states,USDC
462,0.786062487580047,1222504060.2089775,239,S3_twin_shock,united_states,USDC
463,0.800040456667593,1191941458.703753,239,S3_twin_shock,united_states,USDC
464,0.8168323828390726,1162142922.236159,239,S3_twin_shock,united_states,USDC
465,0.807205393064211,1133089349.1802552,239,S3_twin_shock,united_states,USDC
466,0.8036925673492955,1104762115.4507487,239,S3_twin_shock,united_states,USDC
467,0.816755408138528,1077143062.56448,239,S3_twin_shock,united_states,USDC
468,0.8235249167637422,1050214486.000368,239,S3_twin_shock,united_states,USDC
469,0.8283563802699561,1023959123.8503587,239,S3_twin_shock,united_states,USDC
470,0.8194394870621932,998360145.7540998,239,S3_twin_shock,united_states,USDC
471,0.8096142958802648,973401142.1102473,239,S3_twin_shock,united_states,USDC
472,0.8014712239003432,949066113.5574911,239,S3_twin_shock,united_states,USDC
473,0.7975026066007149,925339460.7185538,239,S3_twin_shock,united_states,USDC
474,0.7977076342066176,902205974.2005899,239,S3_twin_shock,united_states,USDC
475,0.791000014449006,879650824.8455752,239,S3_twin_shock,united_states,USDC
476,0.7635740090800317,857659554.2244358,239,S3_twin_shock,united_states,USDC
477,0.7623689984056146,836218065.368825,239,S3_twin_shock,united_states,USDC
478,0.7915336919557528,815312613.7346044,239,S3_twin_shock,united_states,USDC
479,0.769730285322111,794929798.3912393,239,S3_twin_shock,united_states,USDC
480,0.7749227708908025,775056553.4314582,239,S3_twin_shock,united_states,USDC
481,0.7834703955922919,755680139.5956718,239,S3_twin_shock,united_states,USDC
482,0.7734502585914814,736788136.10578,239,S3_twin_shock,united_states,USDC
483,0.7744699459590048,718368432.7031355,239,S3_twin_shock,united_states,USDC
484,0.790990698221199,700409221.8855572,239,S3_twin_shock,united_states,USDC
485,0.8020182005726694,682898991.3384182,239,S3_twin_shock,united_states,USDC
486,0.8077270205538973,665826516.5549577,239,S3_twin_shock,united_states,USDC
487,0.7966123645952284,649180853.6410838,239,S3_twin_shock,united_states,USDC
488,0.7976015242994335,632951332.3000567,239,S3_twin_shock,united_states,USDC
489,0.766229678244903,617127548.9925553,239,S3_twin_shock,united_states,USDC
490,0.7592659718187994,601699360.2677414,239,S3_twin_shock,united_states,USDC
491,0.7832658923696106,586656876.261048,239,S3_twin_shock,united_states,USDC
492,0.7684951391374125,571990454.3545216,239,S3_twin_shock,united_states,USDC
493,0.7582684164690443,557690692.9956586,239,S3_twin_shock,united_states,USDC
494,0.7532612921695108,543748425.6707672,239,S3_twin_shock,united_states,USDC
495,0.7768873181172952,530154715.028998,239,S3_twin_shock,united_states,USDC
496,0.7732962925669205,516900847.15327305,239,S3_twin_shock,united_states,USDC
497,0.7685255185945261,503978325.97444123,239,S3_twin_shock,united_states,USDC
498,0.7783173724282383,491378867.82508016,239,S3_twin_shock,united_states,USDC
499,0.7990876826844855,479094396.1294532,239,S3_twin_shock,united_states,USDC
500,0.7911250495933616,467117036.2262168,239,S3_twin_shock,united_states,USDC
501,0.785629534409468,455439110.3205614,239,S3_twin_shock,united_states,USDC
502,0.8065353954595799,444053132.5625474,239,S3_twin_shock,united_states,USDC
503,0.7903426404328239,432951804.2484838,239,S3_twin_shock,united_states,USDC
504,0.7926864607755222,422128009.14227164,239,S3_twin_shock,united_states,USDC
505,0.7696979566867718,411574808.9137149,239,S3_twin_shock,united_states,USDC
506,0.7708200064339322,401285438.690872,239,S3_twin_shock,united_states,USDC
507,0.7886463931623606,391253302.72360015,239,S3_twin_shock,united_states,USDC
508,0.774629417704248,381471970.1555102,239,S3_twin_shock,united_states,USDC
509,0.7768643888746051,371935170.9016224,239,S3_twin_shock,united_states,USDC
510,0.7693900582500666,362636791.62908185,239,S3_twin_shock,united_states,USDC
511,0.7633601024205261,353570871.8383548,239,S3_twin_shock,united_states,USDC
512,0.7818635678589333,344731600.04239595,239,S3_twin_shock,united_states,USDC
513,0.7952996438348121,336113310.04133606,239,S3_twin_shock,united_states,USDC
514,0.7949461668717351,327710477.29030263,239,S3_twin_shock,united_states,USDC
515,0.8063790376654502,319517715.3580451,239,S3_twin_shock,united_states,USDC
516,0.816020319516725,311529772.4740939,239,S3_twin_shock,united_states,USDC
517,0.807311313274155,303741528.1622416,239,S3_twin_shock,united_states,USDC
518,0.7898538326467376,296147989.95818555,239,S3_twin_shock,united_states,USDC
519,0.7945707662530308,288744290.2092309,239,S3_twin_shock,united_states,USDC
520,0.7843238496036918,281525682.9540002,239,S3_twin_shock,united_states,USDC
521,0.7943689046220647,274487540.88015014,239,S3_twin_shock,united_states,USDC
522,0.7940267400357774,267625352.3581464,239,S3_twin_shock,united_states,USDC
523,0.7854678266059638,260934718.54919273,239,S3_twin_shock,united_states,USDC
524,0.7909773971980039,254411350.5854629,239,S3_twin_shock,united_states,USDC
525,0.8066287481315488,248051066.82082635,239,S3_twin_shock,united_states,USDC
526,0.7949105547116,241849790.1503057,239,S3_twin_shock,united_states,USDC
527,0.7891738233795305,235803545.3965481,239,S3_twin_shock,united_states,USDC
528,0.7900160853608507,229908456.76163435,239,S3_twin_shock,united_states,USDC
529,0.7827819443830462,224160745.3425935,239,S3_twin_shock,united_states,USDC
530,0.7815486915142338,218556726.70902866,239,S3_twin_shock,united_states,USDC
531,0.7648371897331465,213092808.54130295,239,S3_twin_shock,united_states,USDC
532,0.7548140381213582,207765488.32777035,239,S3_twin_shock,united_states,USDC
533,0.7563081829672516,202571351.1195761,239,S3_twin_shock,united_states,USDC
534,0.7692308948423124,197507067.3415867,239,S3_twin_shock,united_states,USDC
535,0.7627222107409617,192569390.65804702,239,S3_twin_shock,united_states,USDC
536,0.7489423383252515,187755155.89159584,239,S3_twin_shock,united_states,USDC
537,0.735643927241289,183061276.99430594,239,S3_twin_shock,united_states,USDC
538,0.7501647649263681,178484745.0694483,239,S3_twin_shock,united_states,USDC
539,0.7388308704911966,174022626.44271213,239,S3_twin_shock,united_states,USDC
540,0.7678035799022843,169672060.7816443,239,S3_twin_shock,united_states,USDC
541,0.7820778214682991,165430259.2621032,239,S3_twin_shock,united_states,USDC
542,0.8051791083668765,161294502.7805506,239,S3_twin_shock,united_states,USDC
543,0.8358324155689372,157262140.21103686,239,S3_twin_shock,united_states,USDC
544,0.8488375910900722,153330586.70576096,239,S3_twin_shock,united_states,USDC
545,0.8378150025000748,149497322.0381169,239,S3_twin_shock,united_states,USDC
546,0.8173839748645733,145759888.987164,239,S3_twin_shock,united_states,USDC
547,0.8106275297336497,142115891.7624849,239,S3_twin_shock,united_states,USDC
548,0.8237362898973525,138562994.46842277,239,S3_twin_shock,united_states,USDC
549,0.8115996273353397,135098919.60671222,239,S3_twin_shock,united_states,USDC
550,0.8139515545810517,131721446.6165444,239,S3_twin_shock,united_states,USDC
551,0.8309795723174703,128428410.4511308,239,S3_twin_shock,united_states,USDC
552,0.8261493374100395,125217700.18985252,239,S3_twin_shock,united_states,USDC
553,0.8412278288878076,122087257.68510622,239,S3_twin_shock,united_states,USDC
554,0.82496207071784,119035076.24297857,239,S3_twin_shock,united_states,USDC
555,0.8504402180407774,116059199.33690411,239,S3_twin_shock,united_states,USDC
556,0.8526193637099897,113157719.3534815,239,S3_twin_shock,united_states,USDC
557,0.8691097391767418,110328776.36964445,239,S3_twin_shock,united_states,USDC
558,0.8463502282261903,107570556.96040334,239,S3_twin_shock,united_states,USDC
559,0.8522850482957259,104881293.03639325,239,S3_twin_shock,united_states,USDC
560,0.8317993173523204,102259260.71048342,239,S3_twin_shock,united_states,USDC
561,0.8189580470849674,99702779.19272134,239,S3_twin_shock,united_states,USDC
562,0.8425544984461656,97210209.7129033,239,S3_twin_shock,united_states,USDC
563,0.8206398274099521,94779954.47008073,239,S3_twin_shock,united_states,USDC
564,0.77916696717214,92410455.6083287,239,S3_twin_shock,united_states,USDC
565,0.775428842805475,90100194.21812049,239,S3_twin_shock,united_states,USDC
566,0.761428963076526,87847689.36266747,239,S3_twin_shock,united_states,USDC
567,0.7665012723729696,85651497.12860079,239,S3_twin_shock,united_states,USDC
568,0.7840372699421229,83510209.70038576,239,S3_twin_shock,united_states,USDC
569,0.8213057803216322,81422454.45787612,239,S3_twin_shock,united_states,USDC
570,0.8268763337278411,79386893.09642921,239,S3_twin_shock,united_states,USDC
571,0.8166262411041454,77402220.76901849,239,S3_twin_shock,united_states,USDC
572,0.8123388374022261,75467165.24979302,239,S3_twin_shock,united_states,USDC
573,0.7810054097426938,73580486.11854818,239,S3_twin_shock,united_states,USDC
574,0.7712530510104276,71740973.96558449,239,S3_twin_shock,united_states,USDC
575,0.786387241403415,69947449.61644489,239,S3_twin_shock,united_states,USDC
576,0.781152413887754,68198763.37603375,239,S3_twin_shock,united_states,USDC
577,0.7945525579538176,66493794.291632906,239,S3_twin_shock,united_states,USDC
578,0.8167801411320101,64831449.43434209,239,S3_twin_shock,united_states,USDC
579,0.8200172786553687,63210663.198483534,239,S3_twin_shock,united_states,USDC
580,0.8438542511028578,61630396.618521444,239,S3_twin_shock,united_states,USDC
581,0.8259430459168632,60089636.70305841,239,S3_twin_shock,united_states,USDC
582,0.845624031787891,58587395.785481945,239,S3_twin_shock,united_states,USDC
583,0.833530182742836,57122710.89084491,239,S3_twin_shock,united_states,USDC
584,0.7876828148321399,55694643.118573785,239,S3_twin_shock,united_states,USDC
585,0.7903375971968369,54302277.040609434,239,S3_twin_shock,united_states,USDC
586,0.7698880680820984,52944720.1145942,239,S3_twin_shock,united_states,USDC
587,0.7986937526443731,51621102.111729346,239,S3_twin_shock,united_states,USDC
588,0.8184047381452089,50330574.558936104,239,S3_twin_shock,united_states,USDC
589,0.8268223364910319,49072310.1949627,239,S3_twin_shock,united_states,USDC
590,0.8192253247379164,47845502.44008864,239,S3_twin_shock,united_states,USDC
591,0.8123991425944594,46649364.87908642,239,S3_twin_shock,united_states,USDC
592,0.7699191507576036,45483130.757109255,239,S3_twin_shock,united_states,USDC
593,0.7970798391730842,44346052.48818153,239,S3_twin_shock,united_states,USDC
594,0.793036421871107,43237401.17597699,239,S3_twin_shock,united_states,USDC
595,0.7815632704125527,42156466.14657756,239,S3_twin_shock,united_states,USDC
596,0.7596562845634592,41102554.49291313,239,S3_twin_shock,united_states,USDC
597,0.7725383957936222,40074990.63059029,239,S3_twin_shock,united_states,USDC
598,0.7896808977154646,39073115.86482553,239,S3_twin_shock,united_states,USDC
599,0.7809171528110805,38096287.9682049,239,S3_twin_shock,united_states,USDC
600,0.785313190052176,37143880.76899978,239,S3_twin_shock,united_states,USDC
601,0.7938151273956351,36215283.749774784,239,S3_twin_shock,united_states,USDC
602,0.7976901868715995,35309901.65603042,239,S3_twin_shock,united_states,USDC
603,0.8096227490810413,34427154.114629656,239,S3_twin_shock,united_states,USDC
604,0.8191958385310629,33566475.261763915,239,S3_twin_shock,united_states,USDC
605,0.860013006045671,32727313.380219817,239,S3_twin_shock,united_states,USDC
606,0.8548659751933344,31909130.545714322,239,S3_twin_shock,united_states,USDC
607,0.8633760884478696,31111402.282071464,239,S3_twin_shock,united_states,USDC
608,0.877083321117813,30333617.22501968,239,S3_twin_shock,united_states,USDC
609,0.8752798219539384,29575276.794394188,239,S3_twin_shock,united_states,USDC
610,0.8575893408521028,28835894.87453433,239,S3_twin_shock,united_states,USDC
611,0.8436856126332388,28114997.502670974,239,S3_twin_shock,united_states,USDC
612,0.8385249361160075,27412122.5651042,239,S3_twin_shock,united_states,USDC
613,0.8228631262728888,26726819.500976592,239,S3_twin_shock,united_states,USDC
614,0.8104821339604116,26058649.013452183,239,S3_twin_shock,united_states,USDC
615,0.809325469633713,25407182.788115874,239,S3_twin_shock,united_states,USDC
616,0.8206684301800177,24772003.21841298,239,S3_twin_shock,united_states,USDC
617,0.8156302097067096,24152703.137952656,239,S3_twin_shock,united_states,USDC
618,0.8111118125155018,23548885.55950384,239,S3_twin_shock,united_states,USDC
619,0.8440496152430523,22960163.42051624,239,S3_twin_shock,united_states,USDC
620,0.8485249982330842,22386159.33500334,239,S3_twin_shock,united_states,USDC
621,0.822028124774144,21826505.35162825,239,S3_twin_shock,united_states,USDC
622,0.8362044756386489,21280842.717837546,239,S3_twin_shock,united_states,USDC
623,0.7990399712206726,20748821.649891607,239,S3_twin_shock,united_states,USDC
624,0.8165113214842766,20230101.108644314,239,S3_twin_shock,united_states,USDC
625,0.8213379857097058,19724348.58092821,239,S3_twin_shock,united_states,USDC
626,0.8361792483009827,19231239.866405003,239,S3_twin_shock,united_states,USDC
627,0.8346877149817236,18750458.86974488,239,S3_twin_shock,united_states,USDC
628,0.8242570920565127,18281697.398001257,239,S3_twin_shock,united_states,USDC
629,0.797777100253547,17824654.963051226,239,S3_twin_shock,united_states,USDC
630,0.8107878046486265,17379038.588974945,239,S3_twin_shock,united_states,USDC
631,0.826107046808157,16944562.62425057,239,S3_twin_shock,united_states,USDC
632,0.8207534078994144,16520948.558644306,239,S3_twin_shock,united_states,USDC
633,0.8550757214556658,16107924.844678199,239,S3_twin_shock,united_states,USDC
634,0.8152757529307034,15705226.723561244,239,S3_twin_shock,united_states,USDC
635,0.8198923067858541,15312596.055472214,239,S3_twin_shock,united_states,USDC
636,0.8155992459139116,14929781.154085409,239,S3_twin_shock,united_states,USDC
637,0.8243065323832123,14556536.625233274,239,S3_twin_shock,united_states,USDC
638,0.8021125046430465,14192623.20960244,239,S3_twin_shock,united_states,USDC
639,0.8109788622862877,13837807.62936238,239,S3_twin_shock,united_states,USDC
640,0.8088942194436983,13491862.43862832,239,S3_twin_shock,united_states,USDC
641,0.8185994224972781,13154565.877662612,239,S3_twin_shock,united_states,USDC
642,0.8325329618814775,12825701.730721047,239,S3_twin_shock,united_states,USDC
643,0.8120316896269306,12505059.18745302,239,S3_twin_shock,united_states,USDC
644,0.7913954877517875,12192432.707766695,239,S3_twin_shock,united_states,USDC
645,0.8096584488889771,11887621.890072528,239,S3_twin_shock,united_states,USDC
646,0.8166478484685554,11590431.342820715,239,S3_twin_shock,united_states,USDC
647,0.8203711558528949,11300670.559250196,239,S3_twin_shock,united_states,USDC
648,0.8330397799743103,11018153.795268942,239,S3_twin_shock,united_states,USDC
649,0.8192233279922525,10742699.950387219,239,S3_twin_shock,united_states,USDC
650,0.8006235596807476,10474132.451627538,239,S3_twin_shock,united_states,USDC
651,0.7606537473063212,10212279.14033685,239,S3_twin_shock,united_states,USDC
652,0.7448224160002791,9956972.161828429,239,S3_twin_shock,united_states,USDC
653,0.7512102054108226,9708047.857782718,239,S3_twin_shock,united_states,USDC
654,0.769251333798033,9465346.66133815,239,S3_twin_shock,united_states,USDC
655,0.7821634174529077,9228712.994804695,239,S3_twin_shock,united_states,USDC
656,0.7918557850786264,8997995.169934578,239,S3_twin_shock,united_states,USDC
657,0.8003812705271608,8773045.290686214,239,S3_twin_shock,united_states,USDC
658,0.721086789293641,8553719.158419058,239,S3_twin_shock,united_states,USDC
659,0.7587585435283991,8339876.179458583,239,S3_twin_shock,united_states,USDC
660,0.7629024028540671,8131379.2749721175,239,S3_twin_shock,united_states,USDC
661,0.7461552164802766,7928094.793097815,239,S3_twin_shock,united_states,USDC
662,0.7487314077107672,7729892.423270369,239,S3_twin_shock,united_states,USDC
663,0.7333732525261987,7536645.112688609,239,S3_twin_shock,united_states,USDC
664,0.7329619184568077,7348228.984871395,239,S3_twin_shock,united_states,USDC
665,0.7196955319412177,7164523.26024961,239,S3_twin_shock,united_states,USDC
666,0.7199587518540456,6985410.17874337,239,S3_twin_shock,united_states,USDC
667,0.7209892474608701,6810774.924274785,239,S3_twin_shock,united_states,USDC
668,0.7465211956836055,6640505.551167916,239,S3_twin_shock,united_states,USDC
669,0.7544732187002108,6474492.912388718,239,S3_twin_shock,united_states,USDC
670,0.7571632583277478,6312630.589579,239,S3_twin_shock,united_states,USDC
671,0.7707349177965338,6154814.824839525,239,S3_twin_shock,united_states,USDC
672,0.7563043829922185,6000944.454218537,239,S3_twin_shock,united_states,USDC
673,0.7442336753391471,5850920.842863073,239,S3_twin_shock,united_states,USDC
674,0.7458677867376373,5704647.821791496,239,S3_twin_shock,united_states,USDC
675,0.7588299116556148,5562031.626246708,239,S3_twin_shock,united_states,USDC
676,0.7700986543797246,5422980.83559054,239,S3_twin_shock,united_states,USDC
677,0.773122988469734,5287406.314700777,239,S3_twin_shock,united_states,USDC
678,0.7663180747273832,5155221.1568332575,239,S3_twin_shock,united_states,USDC
679,0.7744983718604898,5026340.627912426,239,S3_twin_shock,united_states,USDC
680,0.7745555658875847,4900682.112214616,239,S3_twin_shock,united_states,USDC
681,0.7707574455477575,4778165.05940925,239,S3_twin_shock,united_states,USDC
682,0.7693165987339139,4658710.932924019,239,S3_twin_shock,united_states,USDC
683,0.7718296003803079,4542243.159600918,239,S3_twin_shock,united_states,USDC
684,0.7893504465494632,4428687.0806108955,239,S3_twin_shock,united_states,USDC
685,0.8114693859858136,4317969.903595623,239,S3_twin_shock,united_states,USDC
686,0.8289776618019636,4210020.656005732,239,S3_twin_shock,united_states,USDC
687,0.805409667359121,4104770.139605589,239,S3_twin_shock,united_states,USDC
688,0.7954919265504614,4002150.886115449,239,S3_twin_shock,united_states,USDC
689,0.8185264706780305,3902097.1139625628,239,S3_twin_shock,united_states,USDC
690,0.8115321967466509,3804544.686113499,239,S3_twin_shock,united_states,USDC
691,0.7835538834564034,3709431.0689606615,239,S3_twin_shock,united_states,USDC
692,0.7601532921773988,3616695.2922366452,239,S3_twin_shock,united_states,USDC
693,0.7714638116269255,3526277.909930729,239,S3_twin_shock,united_states,USDC
694,0.7614436716667923,3438120.962182461,239,S3_twin_shock,united_states,USDC
695,0.7515414800276876,3352167.9381278995,239,S3_twin_shock,united_states,USDC
696,0.7485647610704526,3268363.7396747023,239,S3_twin_shock,united_states,USDC
697,0.7546649639448826,3186654.6461828346,239,S3_twin_shock,united_states,USDC
698,0.7752734944399172,3106988.280028264,239,S3_twin_shock,united_states,USDC
699,0.7722080093046622,3029313.5730275577,239,S3_twin_shock,united_states,USDC
700,0.7761670772450364,2953580.7337018684,239,S3_twin_shock,united_states,USDC
701,0.803313475125533,2879741.215359322,239,S3_twin_shock,united_states,USDC
702,0.7684192777492106,2807747.6849753386,239,S3_twin_shock,united_states,USDC
703,0.8012269107437064,2737553.992850955,239,S3_twin_shock,united_states,USDC
704,0.8279321690919881,2669115.1430296814,239,S3_twin_shock,united_states,USDC
705,0.8476622393570726,2602387.2644539396,239,S3_twin_shock,united_states,USDC
706,0.8085015946254123,2537327.582842591,239,S3_twin_shock,united_states,USDC
707,0.8094851000973483,2473894.3932715263,239,S3_twin_shock,united_states,USDC
708,0.8076505108252997,2412047.0334397377,239,S3_twin_shock,united_states,USDC
709,0.7849935277574823,2351745.8576037446,239,S3_twin_shock,united_states,USDC
710,0.7524569950091985,2292952.211163651,239,S3_twin_shock,united_states,USDC
711,0.7551475759228072,2235628.40588456,239,S3_twin_shock,united_states,USDC
712,0.754824931020215,2179737.6957374457,239,S3_twin_shock,united_states,USDC
713,0.7329533480269915,2125244.2533440096,239,S3_twin_shock,united_states,USDC
714,0.7489127411581102,2072113.1470104095,239,S3_twin_shock,united_states,USDC
715,0.7346351082130655,2020310.3183351492,239,S3_twin_shock,united_states,USDC
716,0.7181430639449572,1969802.5603767703,239,S3_twin_shock,united_states,USDC
717,0.7342256991745476,1920557.4963673512,239,S3_twin_shock,united_states,USDC
718,0.7594062826404823,1872543.5589581677,239,S3_twin_shock,united_states,USDC
719,0.7843402591247725,1825729.9699842131,239,S3_twin_shock,united_states,USDC
720,0.771563547589773,1780086.720734608,239,S3_twin_shock,united_states,USDC
721,0.7802597033664892,1735584.5527162426,239,S3_twin_shock,united_states,USDC
722,0.7485611553268019,1692194.9388983366,239,S3_twin_shock,united_states,USDC
723,0.7621514075182098,1649890.0654258784,239,S3_twin_shock,united_states,USDC
724,0.7733940760201492,1608642.8137902312,239,S3_twin_shock,united_states,USDC
725,0.7903142453403277,1568426.7434454754,239,S3_twin_shock,united_states,USDC
726,0.8022573660798832,1529216.0748593386,239,S3_twin_shock,united_states,USDC
727,0.809161636096434,1490985.672987855,239,S3_twin_shock,united_states,USDC
728,0.801713749350672,1453711.0311631588,239,S3_twin_shock,united_states,USDC
729,0.8098094715144374,1417368.2553840796,239,S3_twin_shock,united_states,USDC
730,0.782188823487382,1381934.0489994779,239,S3_twin_shock,united_states,USDC
731,0.8213658297040072,1347385.6977744908,239,S3_twin_shock,united_states,USDC
732,0.8439071749855137,1313701.0553301286,239,S3_twin_shock,united_states,USDC
733,0.8158929254140946,1280858.5289468754,239,S3_twin_shock,united_states,USDC
734,0.8147226567944259,1248837.0657232036,239,S3_twin_shock,united_states,USDC
735,0.7955332829254605,1217616.1390801233,239,S3_twin_shock,united_states,USDC
736,0.8183625698049145,1187175.7356031202,239,S3_twin_shock,united_states,USDC
737,0.8081298500155192,1157496.3422130423,239,S3_twin_shock,united_states,USDC
738,0.8019574789703223,1128558.933657716,239,S3_twin_shock,united_states,USDC
739,0.815738774995589,1100344.9603162734,239,S3_twin_shock,united_states,USDC
740,0.8099618192705332,1072836.3363083666,239,S3_twin_shock,united_states,USDC
741,0.7953033777392626,1046015.4279006573,239,S3_twin_shock,united_states,USDC
742,0.7770803811182053,1019865.0422031409,239,S3_twin_shock,united_states,USDC
743,0.7385732728343557,994368.4161480623,239,S3_twin_shock,united_states,USDC
744,0.7502333938926147,969509.2057443608,239,S3_twin_shock,united_states,USDC
745,0.7669714817705023,945271.4756007518,239,S3_twin_shock,united_states,USDC
746,0.7312954656509242,921639.6887107331,239,S3_twin_shock,united_states,USDC
747,0.7361327999065109,898598.6964929646,239,S3_twin_shock,united_states,USDC
748,0.727847611528497,876133.7290806405,239,S3_twin_shock,united_states,USDC
749,0.7310315563777304,854230.3858536246,239,S3_twin_shock,united_states,USDC
750,0.7337600079441463,832874.6262072838,239,S3_twin_shock,united_states,USDC
751,0.7358647837015695,812052.7605521018,239,S3_twin_shock,united_states,USDC
752,0.7521731917913487,791751.4415382992,239,S3_twin_shock,united_states,USDC
753,0.7844277120271748,771957.6554998418,239,S3_twin_shock,united_states,USDC
754,0.778916073653431,752658.7141123457,239,S3_twin_shock,united_states,USDC
755,0.8179553960891212,733842.2462595371,239,S3_twin_shock,united_states,USDC
756,0.8207655858338238,715496.1901030487,239,S3_twin_shock,united_states,USDC
757,0.8209673111596041,697608.7853504724,239,S3_twin_shock,united_states,USDC
758,0.820631811872281,680168.5657167106,239,S3_twin_shock,united_states,USDC
759,0.8024882891635096,663164.3515737929,239,S3_twin_shock,united_states,USDC
760,0.800614304851241,646585.242784448,239,S3_twin_shock,united_states,USDC
761,0.796349613294155,630420.6117148368,239,S3_twin_shock,united_states,USDC
762,0.8020860671377574,614660.0964219659,239,S3_twin_shock,united_states,USDC
763,0.7757852688842845,599293.5940114167,239,S3_twin_shock,united_states,USDC
764,0.7604720817772098,584311.2541611313,239,S3_twin_shock,united_states,USDC
765,0.7570139221548369,569703.472807103,239,S3_twin_shock,united_states,USDC
766,0.7572857065737957,555460.8859869255,239,S3_twin_shock,united_states,USDC
767,0.7712216334723041,541574.3638372524,239,S3_twin_shock,united_states,USDC
768,0.7790425049490843,528035.004741321,239,S3_twin_shock,united_states,USDC
769,0.792570440583212,514834.12962278794,239,S3_twin_shock,united_states,USDC
770,0.8086786922671425,501963.27638221823,239,S3_twin_shock,united_states,USDC
771,0.8027275381379617,489414.19447266276,239,S3_twin_shock,united_states,USDC
772,0.821151701708467,477178.83961084625,239,S3_twin_shock,united_states,USDC
773,0.8161182389667648,465249.36862057506,239,S3_twin_shock,united_states,USDC
774,0.8229038390727229,453618.1344050607,239,S3_twin_shock,united_states,USDC
775,0.7876942298317654,442277.68104493414,239,S3_twin_shock,united_states,USDC
776,0.785790255943982,431220.7390188108,239,S3_twin_shock,united_states,USDC
777,0.7938893854046692,420440.22054334055,239,S3_twin_shock,united_states,USDC
778,0.791446837444864,409929.215029757,239,S3_twin_shock,united_states,USDC
779,0.78532501452291,399680.98465401307,239,S3_twin_shock,united_states,USDC
780,0.7923177692445522,389688.96003766276,239,S3_twin_shock,united_states,USDC
781,0.8003267948008036,379946.7360367212,239,S3_twin_shock,united_states,USDC
782,0.7618361519430192,370448.0676358032,239,S3_twin_shock,united_states,USDC
783,0.7703681293686662,361186.8659449081,239,S3_twin_shock,united_states,USDC
784,0.7727432272806898,352157.1942962854,239,S3_twin_shock,united_states,USDC
785,0.7598777554762091,343353.2644388783,239,S3_twin_shock,united_states,USDC
786,0.7506976896723756,334769.4328279063,239,S3_twin_shock,united_states,USDC
787,0.7540835776949814,326400.19700720866,239,S3_twin_shock,united_states,USDC
788,0.7349102602463359,318240.1920820285,239,S3_twin_shock,united_states,USDC
789,0.7467463157376519,310284.1872799777,239,S3_twin_shock,united_states,USDC
790,0.7551731456513747,302527.0825979783,239,S3_twin_shock,united_states,USDC
791,0.7505168724663971,294963.9055330288,239,S3_twin_shock,united_states,USDC
792,0.7662205317184904,287589.8078947031,239,S3_twin_shock,united_states,USDC
793,0.793393583636162,280400.0626973355,239,S3_twin_shock,united_states,USDC
794,0.7719593903764773,273390.06112990214,239,S3_twin_shock,united_states,USDC
795,0.7818756574351733,266555.30960165465,239,S3_twin_shock,united_states,USDC
796,0.7645816314440548,259891.42686161323,239,S3_twin_shock,united_states,USDC
797,0.7665506398567234,253394.14119007287,239,S3_twin_shock,united_states,USDC
798,0.7749019749530472,247059.28766032105,239,S3_twin_shock,united_states,USDC
799,0.7534501762435256,240882.80546881305,239,S3_twin_shock,united_states,USDC
800,0.7793220981518941,234860.73533209274,239,S3_twin_shock,united_states,USDC
801,0.8011818872390845,228989.21694879042,239,S3_twin_shock,united_states,USDC
802,0.8043066857194292,223264.48652507062,239,S3_twin_shock,united_states,USDC
803,0.7780233960496873,217682.87436194386,239,S3_twin_shock,united_states,USDC
804,0.7847607081484043,212240.8025028953,239,S3_twin_shock,united_states,USDC
805,0.7508095405993822,206934.78244032292,239,S3_twin_shock,united_states,USDC
806,0.7501323297855904,201761.41287931483,239,S3_twin_shock,united_states,USDC
807,0.7497875279661056,196717.37755733196,239,S3_twin_shock,united_states,USDC
808,0.7751045965624304,191799.44311839866,239,S3_twin_shock,united_states,USDC
809,0.791356370462198,187004.4570404387,239,S3_twin_shock,united_states,USDC
810,0.7790944547351205,182329.3456144277,239,S3_twin_shock,united_states,USDC
811,0.7960991176375342,177771.11197406703,239,S3_twin_shock,united_states,USDC
812,0.8043238572153718,173326.83417471536,239,S3_twin_shock,united_states,USDC
813,0.8041892116907559,168993.66332034746,239,S3_twin_shock,united_states,USDC
814,0.8094483651580965,164768.8217373388,239,S3_twin_shock,united_states,USDC
815,0.800333805983155,160649.6011939053,239,S3_twin_shock,united_states,USDC
816,0.798266518306256,156633.36116405766,239,S3_twin_shock,united_states,USDC
817,0.8067911567563892,152717.52713495624,239,S3_twin_shock,united_states,USDC
818,0.8201219847477913,148899.58895658233,239,S3_twin_shock,united_states,USDC
819,0.8142672902109526,145177.09923266777,239,S3_twin_shock,united_states,USDC
820,0.8174002530230509,141547.6717518511,239,S3_twin_shock,united_states,USDC
821,0.8094240025392836,138008.9799580548,239,S3_twin_shock,united_states,USDC
822,0.8287021871658267,134558.75545910344,239,S3_twin_shock,united_states,USDC
823,0.8321544042991564,131194.78657262586,239,S3_twin_shock,united_states,USDC
824,0.8228663369431584,127914.9169083102,239,S3_twin_shock,united_states,USDC
825,0.8555674090785501,124717.04398560245,239,S3_twin_shock,united_states,USDC
826,0.8311471836839346,121599.11788596238,239,S3_twin_shock,united_states,USDC
827,0.8339910757086617,118559.13993881331,239,S3_twin_shock,united_states,USDC
828,0.8217775870072509,115595.16144034298,239,S3_twin_shock,united_states,USDC
829,0.8491185664664446,112705.28240433442,239,S3_twin_shock,united_states,USDC
830,0.8539155698118487,109887.65034422604,239,S3_twin_shock,united_states,USDC
831,0.8665708032510189,107140.45908562039,239,S3_twin_shock,united_states,USDC
832,0.8633879402082173,104461.94760847988,239,S3_twin_shock,united_states,USDC
833,0.8931395477880704,101850.39891826789,239,S3_twin_shock,united_states,USDC
834,0.8775065658348516,99304.13894531119,239,S3_twin_shock,united_states,USDC
835,0.8854257545322736,96821.53547167842,239,S3_twin_shock,united_states,USDC
836,0.8591291614813351,94400.99708488646,239,S3_twin_shock,united_states,USDC
837,0.8575136552390176,92040.97215776429,239,S3_twin_shock,united_states,USDC
838,0.8529487577919321,89739.94785382018,239,S3_twin_shock,united_states,USDC
839,0.8447764416097989,87496.44915747468,239,S3_twin_shock,united_states,USDC
840,0.8341128792997855,85309.03792853781,239,S3_twin_shock,united_states,USDC
841,0.8397403074316548,83176.31198032436,239,S3_twin_shock,united_states,USDC
842,0.8405940340232014,81096.90418081626,239,S3_twin_shock,united_states,USDC
843,0.84640295340865,79069.48157629585,239,S3_twin_shock,united_states,USDC
844,0.8466357287894039,77092.74453688845,239,S3_twin_shock,united_states,USDC
845,0.849013351449503,75165.42592346625,239,S3_twin_shock,united_states,USDC
846,0.8628834697185375,73286.29027537958,239,S3_twin_shock,united_states,USDC
847,0.8558610385342977,71454.1330184951,239,S3_twin_shock,united_states,USDC
848,0.82945789101672,69667.77969303272,239,S3_twin_shock,united_states,USDC
849,0.8541191024815311,67926.0852007069,239,S3_twin_shock,united_states,USDC
850,0.8418922926681167,66227.93307068924,239,S3_twin_shock,united_states,USDC
851,0.8285085570210434,64572.234743921996,239,S3_twin_shock,united_states,USDC
852,0.8309538861331204,62957.928875323945,239,S3_twin_shock,united_states,USDC
853,0.8277004739574562,61383.98065344084,239,S3_twin_shock,united_states,USDC
854,0.7863468247332112,59849.38113710482,239,S3_twin_shock,united_states,USDC
855,0.7991721491159932,58353.146608677205,239,S3_twin_shock,united_states,USDC
856,0.8060262130816899,56894.31794346027,239,S3_twin_shock,united_states,USDC
857,0.797010279295776,55471.95999487377,239,S3_twin_shock,united_states,USDC
858,0.8040518090561607,54085.16099500192,239,S3_twin_shock,united_states,USDC
859,0.8127100573074955,52733.031970126875,239,S3_twin_shock,united_states,USDC
860,0.8000925874161893,51414.7061708737,239,S3_twin_shock,united_states,USDC
861,0.7908510751412623,50129.33851660186,239,S3_twin_shock,united_states,USDC
862,0.7985496839593997,48876.10505368681,239,S3_twin_shock,united_states,USDC
863,0.7931580376897032,47654.202427344644,239,S3_twin_shock,united_states,USDC
864,0.7867046673046735,46462.84736666103,239,S3_twin_shock,united_states,USDC
865,0.8019903779712766,45301.276182494505,239,S3_twin_shock,united_states,USDC
866,0.7915618171282237,44168.74427793214,239,S3_twin_shock,united_states,USDC
867,0.7679831102109616,43064.52567098384,239,S3_twin_shock,united_states,USDC
868,0.784285477700696,41987.91252920924,239,S3_twin_shock,united_states,USDC
869,0.7937112634512706,40938.21471597902,239,S3_twin_shock,united_states,USDC
870,0.8214680797966121,39914.75934807954,239,S3_twin_shock,united_states,USDC
871,0.7220038877570083,38916.890364377556,239,S3_twin_shock,united_states,USDC
872,0.7601333132653593,37943.96810526811,239,S3_twin_shock,united_states,USDC
873,0.7799100506272597,36995.36890263641,239,S3_twin_shock,united_states,USDC
874,0.7908651590781625,36070.4846800705,239,S3_twin_shock,united_states,USDC
875,0.8052565685240748,35168.72256306874,239,S3_twin_shock,united_states,USDC
876,0.7809118293541165,34289.50449899202,239,S3_twin_shock,united_states,USDC
877,0.8012192403719868,33432.266886517216,239,S3_twin_shock,united_states,USDC
878,0.7898220367886326,32596.460214354287,239,S3_twin_shock,united_states,USDC
879,0.7872730722910988,31781.54870899543,239,S3_twin_shock,united_states,USDC
880,0.7847782136877083,30987.00999127055,239,S3_twin_shock,united_states,USDC
881,0.7645351677404993,30212.334741488783,239,S3_twin_shock,united_states,USDC
882,0.7709119532550532,29457.02637295156,239,S3_twin_shock,united_states,USDC
883,0.762500582824012,28720.600713627777,239,S3_twin_shock,united_states,USDC
884,0.7566292099242532,28002.585695787082,239,S3_twin_shock,united_states,USDC
885,0.75347804709614,27302.521053392404,239,S3_twin_shock,united_states,USDC
886,0.7708728743703223,26619.958027057593,239,S3_twin_shock,united_states,USDC
887,0.7573693050961428,25954.45907638115,239,S3_twin_shock,united_states,USDC
888,0.7702974895430369,25305.597599471625,239,S3_twin_shock,united_states,USDC
889,0.8061078588515929,24672.957659484833,239,S3_twin_shock,united_states,USDC
890,0.7906110584546729,24056.133717997713,239,S3_twin_shock,united_states,USDC
891,0.8018987309330651,23454.730375047773,239,S3_twin_shock,united_states,USDC
892,0.847903429423639,22868.362115671578,239,S3_twin_shock,united_states,USDC
893,0.8101062325977583,22296.653062779787,239,S3_twin_shock,united_states,USDC
894,0.798279174534696,21739.236736210292,239,S3_twin_shock,united_states,USDC
895,0.7860847920056007,21195.755817805035,239,S3_twin_shock,united_states,USDC
896,0.7973433385714587,20665.86192235991,239,S3_twin_shock,united_states,USDC
897,0.7932919858796305,20149.21537430091,239,S3_twin_shock,united_states,USDC
898,0.8049836544308853,19645.48498994339,239,S3_twin_shock,united_states,USDC
899,0.8250190650616903,19154.347865194803,239,S3_twin_shock,united_states,USDC
900,0.823091667524921,18675.489168564935,239,S3_twin_shock,united_states,USDC
901,0.8427138753035298,18208.60193935081,239,S3_twin_shock,united_states,USDC
902,0.8222288185734278,17753.386890867037,239,S3_twin_shock,united_states,USDC
903,0.8057688419131649,17309.552218595363,239,S3_twin_shock,united_states,USDC
904,0.8149615665181238,16876.81341313048,239,S3_twin_shock,united_states,USDC
905,0.8119240935117099,16454.893077802215,239,S3_twin_shock,united_states,USDC
906,0.8009297172780754,16043.520750857162,239,S3_twin_shock,united_states,USDC
907,0.8105346048397296,15642.432732085732,239,S3_twin_shock,united_states,USDC
908,0.7211789480136169,15251.37191378359,239,S3_twin_shock,united_states,USDC
909,0.7194858847108337,14870.087615938999,239,S3_twin_shock,united_states,USDC
910,0.7241198840594869,14498.335425540525,239,S3_twin_shock,united_states,USDC
911,0.7458724237173144,14135.877039902012,239,S3_twin_shock,united_states,USDC
912,0.7479835727492219,13782.480113904461,239,S3_twin_shock,united_states,USDC
913,0.7547037220556182,13437.91811105685,239,S3_twin_shock,united_states,USDC
914,0.7227634940604671,13101.97015828043,239,S3_twin_shock,united_states,USDC
915,0.7417531595118232,12774.420904323419,239,S3_twin_shock,united_states,USDC
916,0.7386497244746943,12455.060381715335,239,S3_twin_shock,united_states,USDC
917,0.7594618873490672,12143.68387217245,239,S3_twin_shock,united_states,USDC
918,0.7629636781583942,11840.091775368139,239,S3_twin_shock,united_states,USDC
919,0.7790128683431945,11544.089480983936,239,S3_twin_shock,united_states,USDC
920,0.804357553224464,11255.487243959338,239,S3_twin_shock,united_states,USDC
921,0.8096344045173035,10974.100062860354,239,S3_twin_shock,united_states,USDC
922,0.816619817507509,10699.747561288845,239,S3_twin_shock,united_states,USDC
923,0.8503076952585864,10432.253872256624,239,S3_twin_shock,united_states,USDC
924,0.8460645431665799,10171.447525450209,239,S3_twin_shock,united_states,USDC
925,0.8484848996726655,9917.161337313953,239,S3_twin_shock,united_states,USDC
926,0.8659084151619152,9669.232303881105,239,S3_twin_shock,united_states,USDC
927,0.8662185448079607,9427.501496284076,239,S3_twin_shock,united_states,USDC
928,0.8412301256045419,9191.813958876974,239,S3_twin_shock,united_states,USDC
929,0.8368926988467364,8962.01860990505,239,S3_twin_shock,united_states,USDC
930,0.8033319589001378,8737.968144657425,239,S3_twin_shock,united_states,USDC
931,0.7983297402841476,8519.51894104099,239,S3_twin_shock,united_states,USDC
932,0.7854633722840801,8306.530967514966,239,S3_twin_shock,united_states,USDC
933,0.783391768257885,8098.867693327091,239,S3_twin_shock,united_states,USDC
934,0.797785013958402,7896.396000993913,239,S3_twin_shock,united_states,USDC
935,0.7854926035702079,7698.986100969065,239,S3_twin_shock,united_states,USDC
936,0.7898865926558949,7506.511448444839,239,S3_twin_shock,united_states,USDC
937,0.808034221220853,7318.848662233717,239,S3_twin_shock,united_states,USDC
938,0.8146734425362908,7135.877445677874,239,S3_twin_shock,united_states,USDC
939,0.8107676961715785,6957.480509535926,239,S3_twin_shock,united_states,USDC
940,0.814776809130914,6783.543496797529,239,S3_twin_shock,united_states,USDC
941,0.8218016043910469,6613.954909377591,239,S3_twin_shock,united_states,USDC
942,0.8061249032663311,6448.606036643152,239,S3_twin_shock,united_states,USDC
943,0.787939420257992,6287.390885727073,239,S3_twin_shock,united_states,USDC
944,0.7754009933714984,6130.206113583896,239,S3_twin_shock,united_states,USDC
945,0.7662482252902464,5976.950960744298,239,S3_twin_shock,united_states,USDC
946,0.765031574231041,5827.527186725691,239,S3_twin_shock,united_states,USDC
947,0.7573570091901635,5681.839007057549,239,S3_twin_shock,united_states,USDC
948,0.7561802721118983,5539.79303188111,239,S3_twin_shock,united_states,USDC
949,0.7776628342515408,5401.298206084082,239,S3_twin_shock,united_states,USDC
950,0.7889985981014626,5266.26575093198,239,S3_twin_shock,united_states,USDC
951,0.8051462138756149,5134.609107158681,239,S3_twin_shock,united_states,USDC
952,0.8037833341719578,5006.2438794797135,239,S3_twin_shock,united_states,USDC
953,0.8078671222187092,4881.08778249272,239,S3_twin_shock,united_states,USDC
954,0.7720621149254748,4759.060587930403,239,S3_twin_shock,united_states,USDC
955,0.7687716931709667,4640.084073232142,239,S3_twin_shock,united_states,USDC
956,0.773848740150464,4524.08197140134,239,S3_twin_shock,united_states,USDC
957,0.7861705685633449,4410.979922116306,239,S3_twin_shock,united_states,USDC
958,0.764251774978382,4300.705424063398,239,S3_twin_shock,united_states,USDC
959,0.7493375405795479,4193.187788461813,239,S3_twin_shock,united_states,USDC
960,0.7474755967707569,4088.358093750268,239,S3_twin_shock,united_states,USDC
961,0.7556319477466112,3986.1491414065113,239,S3_twin_shock,united_states,USDC
962,0.7423982645669476,3886.495412871349,239,S3_twin_shock,united_states,USDC
963,0.7686458828451731,3789.333027549565,239,S3_twin_shock,united_states,USDC
964,0.774438205606262,3694.599701860826,239,S3_twin_shock,united_states,USDC
965,0.7945485328114876,3602.2347093143053,239,S3_twin_shock,united_states,USDC
966,0.775358865544333,3512.178841581447,239,S3_twin_shock,united_states,USDC
967,0.7701220607852292,3424.3743705419115,239,S3_twin_shock,united_states,USDC
968,0.7615301542845342,3338.765011278364,239,S3_twin_shock,united_states,USDC
969,0.7585599277595286,3255.2958859964046,239,S3_twin_shock,united_states,USDC
970,0.7479404503174765,3173.913488846494,239,S3_twin_shock,united_states,USDC
971,0.7747610114795651,3094.565651625332,239,S3_twin_shock,united_states,USDC
972,0.7790995550654238,3017.201510334699,239,S3_twin_shock,united_states,USDC
973,0.7829685436883337,2941.7714725763312,239,S3_twin_shock,united_states,USDC
974,0.7597966528844926,2868.227185761923,239,S3_twin_shock,united_states,USDC
975,0.7600280360831364,2796.521506117875,239,S3_twin_shock,united_states,USDC
976,0.7758552783451856,2726.608468464928,239,S3_twin_shock,united_states,USDC
977,0.7974360566278377,2658.443256753305,239,S3_twin_shock,united_states,USDC
978,0.7917214054338434,2591.9821753344722,239,S3_twin_shock,united_states,USDC
979,0.80416525007921,2527.1826209511105,239,S3_twin_shock,united_states,USDC
980,0.7781638635009314,2464.0030554273326,239,S3_twin_shock,united_states,USDC
981,0.8019569364442103,2402.4029790416494,239,S3_twin_shock,united_states,USDC
982,0.7834075533430697,2342.342904565608,239,S3_twin_shock,united_states,USDC
983,0.7827268543416545,2283.784331951468,239,S3_twin_shock,united_states,USDC
984,0.7935736726860233,2226.689723652681,239,S3_twin_shock,united_states,USDC
985,0.8252904463033616,2171.0224805613643,239,S3_twin_shock,united_states,USDC
986,0.8004725694160301,2116.74691854733,239,S3_twin_shock,united_states,USDC
987,0.7585613323667941,2063.828245583647,239,S3_twin_shock,united_states,USDC
988,0.7644097943627289,2012.2325394440559,239,S3_twin_shock,united_states,USDC
989,0.7839477504985556,1961.9267259579542,239,S3_twin_shock,united_states,USDC
990,0.7911286973297186,1912.8785578090053,239,S3_twin_shock,united_states,USDC
991,0.7734277960759983,1865.0565938637803,239,S3_twin_shock,united_states,USDC
992,0.7869649904140908,1818.4301790171858,239,S3_twin_shock,united_states,USDC
993,0.767834882694668,1772.9694245417563,239,S3_twin_shock,united_states,USDC
994,0.6653741964401426,1728.6451889282125,239,S3_twin_shock,united_states,USDC
995,0.6905726338263588,1685.429059205007,239,S3_twin_shock,united_states,USDC
996,0.7011749744213809,1643.293332724882,239,S3_twin_shock,united_states,USDC
997,0.7142155829112197,1602.21099940676,239,S3_twin_shock,united_states,USDC
998,0.7475440041674822,1562.155724421591,239,S3_twin_shock,united_states,USDC
999,0.7532395262064866,1523.101831311051,239,S3_twin_shock,united_states,USDC
1000,0.7532244563616413,1485.0242855282747,239,S3_twin_shock,united_states,USDC
