Step,price,liquidity,iteration,scenario,region,coin
1,1.0101944055678533,6300000000000.0,622,S6_worst_case_no_intervention,eurozone,USDC
2,1.0327995379717791,6300000000000.0,622,S6_worst_case_no_intervention,eurozone,USDC
3,1.0502695928403132,6300000000000.0,622,S6_worst_case_no_intervention,eurozone,USDC
4,1.0587635029044782,6300000000000.0,622,S6_worst_case_no_intervention,eurozone,USDC
5,1.065065910093702,6300000000000.0,622,S6_worst_case_no_intervention,eurozone,USDC
6,1.0183450447553437,6300000000000.0,622,S6_worst_case_no_intervention,eurozone,USDC
7,1.013377350141497,6300000000000.0,622,S6_worst_case_no_intervention,eurozone,USDC
8,1.0131973367352307,6300000000000.0,622,S6_worst_case_no_intervention,eurozone,USDC
9,0.9977032803284975,6300000000000.0,622,S6_worst_case_no_intervention,eurozone,USDC
10,0.9952500528187725,6300000000000.0,622,S6_worst_case_no_intervention,eurozone,USDC
11,1.0172336600471208,6300000000000.0,622,S6_worst_case_no_intervention,eurozone,USDC
12,1.030801129724906,6300000000000.0,622,S6_worst_case_no_intervention,eurozone,USDC
13,1.0499212728162712,6300000000000.0,622,S6_worst_case_no_intervention,eurozone,USDC
14,1.034026824770199,6300000000000.0,622,S6_worst_case_no_intervention,eurozone,USDC
15,1.0447902374321065,6300000000000.0,622,S6_worst_case_no_intervention,eurozone,USDC
16,1.0580541561800745,6300000000000.0,622,S6_worst_case_no_intervention,eurozone,USDC
17,1.0324361326399571,6300000000000.0,622,S6_worst_case_no_intervention,eurozone,USDC
18,1.058873010349949,6300000000000.0,622,S6_worst_case_no_intervention,eurozone,USDC
19,1.0393777047682102,6300000000000.0,622,S6_worst_case_no_intervention,eurozone,USDC
20,1.0126685767702528,6300000000000.0,622,S6_worst_case_no_intervention,eurozone,USDC
21,1.014301848919031,6300000000000.0,622,S6_worst_case_no_intervention,eurozone,USDC
22,1.0284299552678857,6300000000000.0,622,S6_worst_case_no_intervention,eurozone,USDC
23,1.0342840804091424,6300000000000.0,622,S6_worst_case_no_intervention,eurozone,USDC
24,1.0442852495029302,6300000000000.0,622,S6_worst_case_no_intervention,eurozone,USDC
25,1.0726733679286469,6300000000000.0,622,S6_worst_case_no_intervention,eurozone,USDC
26,1.110232013317752,6300000000000.0,622,S6_worst_case_no_intervention,eurozone,USDC
27,1.122677916470187,6300000000000.0,622,S6_worst_case_no_intervention,eurozone,USDC
28,1.096799639756702,6300000000000.0,622,S6_worst_case_no_intervention,eurozone,USDC
29,1.1023614364340393,6300000000000.0,622,S6_worst_case_no_intervention,eurozone,USDC
30,1.0932105907397556,6300000000000.0,622,S6_worst_case_no_intervention,eurozone,USDC
31,1.0568061682277783,6300000000000.0,622,S6_worst_case_no_intervention,eurozone,USDC
32,1.021402389963631,6300000000000.0,622,S6_worst_case_no_intervention,eurozone,USDC
33,1.0450653835117236,6300000000000.0,622,S6_worst_case_no_intervention,eurozone,USDC
34,1.0552445644410022,6300000000000.0,622,S6_worst_case_no_intervention,eurozone,USDC
35,1.0305663598981885,6300000000000.0,622,S6_worst_case_no_intervention,eurozone,USDC
36,1.0696328819734853,6300000000000.0,622,S6_worst_case_no_intervention,eurozone,USDC
37,1.0921876395322452,6300000000000.0,622,S6_worst_case_no_intervention,eurozone,USDC
38,1.1163273487806644,6300000000000.0,622,S6_worst_case_no_intervention,eurozone,USDC
39,1.1002905632670794,6300000000000.0,622,S6_worst_case_no_intervention,eurozone,USDC
40,1.0857539104638794,6300000000000.0,622,S6_worst_case_no_intervention,eurozone,USDC
41,1.0883957814011365,6300000000000.0,622,S6_worst_case_no_intervention,eurozone,USDC
42,1.0925388807885832,6300000000000.0,622,S6_worst_case_no_intervention,eurozone,USDC
43,1.1169071532051358,6300000000000.0,622,S6_worst_case_no_intervention,eurozone,USDC
44,1.1161983186399727,6300000000000.0,622,S6_worst_case_no_intervention,eurozone,USDC
45,1.0811299865526656,6300000000000.0,622,S6_worst_case_no_intervention,eurozone,USDC
46,1.0903693825719674,6300000000000.0,622,S6_worst_case_no_intervention,eurozone,USDC
47,1.0965098190004632,6300000000000.0,622,S6_worst_case_no_intervention,eurozone,USDC
48,1.0963989788820492,6300000000000.0,622,S6_worst_case_no_intervention,eurozone,USDC
49,1.1293203343459022,6300000000000.0,622,S6_worst_case_no_intervention,eurozone,USDC
50,1.1260369031565356,6300000000000.0,622,S6_worst_case_no_intervention,eurozone,USDC
51,1.1044489480920743,6300000000000.0,622,S6_worst_case_no_intervention,eurozone,USDC
52,1.1019369005993649,6300000000000.0,622,S6_worst_case_no_intervention,eurozone,USDC
53,1.0982183015116906,6300000000000.0,622,S6_worst_case_no_intervention,eurozone,USDC
54,1.095366582159802,6300000000000.0,622,S6_worst_case_no_intervention,eurozone,USDC
55,1.069845858526712,6300000000000.0,622,S6_worst_case_no_intervention,eurozone,USDC
56,1.0515907401291642,6300000000000.0,622,S6_worst_case_no_intervention,eurozone,USDC
57,1.0379699795462756,6300000000000.0,622,S6_worst_case_no_intervention,eurozone,USDC
58,1.051201794184844,6300000000000.0,622,S6_worst_case_no_intervention,eurozone,USDC
59,1.0897016549974228,6300000000000.0,622,S6_worst_case_no_intervention,eurozone,USDC
60,1.0557258706486368,6300000000000.0,622,S6_worst_case_no_intervention,eurozone,USDC
61,1.0688223916987936,6300000000000.0,622,S6_worst_case_no_intervention,eurozone,USDC
62,1.0681321820699843,6300000000000.0,622,S6_worst_case_no_intervention,eurozone,USDC
63,1.0345865735793947,6300000000000.0,622,S6_worst_case_no_intervention,eurozone,USDC
64,1.035716299402275,6300000000000.0,622,S6_worst_case_no_intervention,eurozone,USDC
65,1.0203709345578038,6300000000000.0,622,S6_worst_case_no_intervention,eurozone,USDC
66,1.0120336124601694,6300000000000.0,622,S6_worst_case_no_intervention,eurozone,USDC
67,0.9504909160535224,6300000000000.0,622,S6_worst_case_no_intervention,eurozone,USDC
68,0.9584847815040451,6297680199562.185,622,S6_worst_case_no_intervention,eurozone,USDC
69,0.984806472930893,6296476618122.845,622,S6_worst_case_no_intervention,eurozone,USDC
70,0.9537287932913514,6296476618122.845,622,S6_worst_case_no_intervention,eurozone,USDC
71,0.9662925441432211,6294616804176.162,622,S6_worst_case_no_intervention,eurozone,USDC
72,0.9495399989511307,6294155792344.133,622,S6_worst_case_no_intervention,eurozone,USDC
73,0.9860791629182292,6291621372099.402,622,S6_worst_case_no_intervention,eurozone,USDC
74,0.9856508602495281,6291621372099.402,622,S6_worst_case_no_intervention,eurozone,USDC
75,0.9820073923303766,6291621372099.402,622,S6_worst_case_no_intervention,eurozone,USDC
76,0.9626945142869253,6291621372099.402,622,S6_worst_case_no_intervention,eurozone,USDC
77,0.9875144926200433,6290961696704.965,622,S6_worst_case_no_intervention,eurozone,USDC
78,0.9995259861889702,6290961696704.965,622,S6_worst_case_no_intervention,eurozone,USDC
79,0.9695241294839343,6290961696704.965,622,S6_worst_case_no_intervention,eurozone,USDC
80,0.9656462477341009,6290904316681.283,622,S6_worst_case_no_intervention,eurozone,USDC
81,0.9689151004116096,6290517664869.705,622,S6_worst_case_no_intervention,eurozone,USDC
82,0.9574140526970184,6290517664869.705,622,S6_worst_case_no_intervention,eurozone,USDC
83,0.9546359442499905,6289091053862.465,622,S6_worst_case_no_intervention,eurozone,USDC
84,0.9667056601251667,6287447412782.167,622,S6_worst_case_no_intervention,eurozone,USDC
85,0.9600595546698463,6287256818452.609,622,S6_worst_case_no_intervention,eurozone,USDC
86,0.9733129936073823,6286096175965.913,622,S6_worst_case_no_intervention,eurozone,USDC
87,0.994929167992843,6286096175965.913,622,S6_worst_case_no_intervention,eurozone,USDC
88,1.0040915800399541,6286096175965.913,622,S6_worst_case_no_intervention,eurozone,USDC
89,0.9947059836730339,6286096175965.913,622,S6_worst_case_no_intervention,eurozone,USDC
90,0.9965645349061217,6286096175965.913,622,S6_worst_case_no_intervention,eurozone,USDC
91,1.0297090208634962,6286096175965.913,622,S6_worst_case_no_intervention,eurozone,USDC
92,1.083474812394941,6286096175965.913,622,S6_worst_case_no_intervention,eurozone,USDC
93,1.0878239661086317,6286096175965.913,622,S6_worst_case_no_intervention,eurozone,USDC
94,1.0618741572775237,6286096175965.913,622,S6_worst_case_no_intervention,eurozone,USDC
95,1.0520852561130785,6286096175965.913,622,S6_worst_case_no_intervention,eurozone,USDC
96,1.038348936915074,6286096175965.913,622,S6_worst_case_no_intervention,eurozone,USDC
97,1.0580358143320245,6286096175965.913,622,S6_worst_case_no_intervention,eurozone,USDC
98,1.0764920111201242,6286096175965.913,622,S6_worst_case_no_intervention,eurozone,USDC
99,1.0623729889618814,6286096175965.913,622,S6_worst_case_no_intervention,eurozone,USDC
100,1.035957578918286,6286096175965.913,622,S6_worst_case_no_intervention,eurozone,USDC
101,0.8740102950876247,6286096175965.913,622,S6_worst_case_no_intervention,eurozone,USDC
102,0.8632504513882389,6275489093149.621,622,S6_worst_case_no_intervention,eurozone,USDC
103,0.8728206712990286,6264320108734.426,622,S6_worst_case_no_intervention,eurozone,USDC
104,0.9019924481588192,6255665207313.253,622,S6_worst_case_no_intervention,eurozone,USDC
105,0.91809878403114,6250077091921.915,622,S6_worst_case_no_intervention,eurozone,USDC
106,0.8952687007534851,6246220322269.703,622,S6_worst_case_no_intervention,eurozone,USDC
107,0.8818968529298398,6240656282563.294,622,S6_worst_case_no_intervention,eurozone,USDC
108,0.9138173794488044,6234873171163.689,622,S6_worst_case_no_intervention,eurozone,USDC
109,0.9130901310410074,6231528477008.956,622,S6_worst_case_no_intervention,eurozone,USDC
110,0.9141997200436146,6228153283103.812,622,S6_worst_case_no_intervention,eurozone,USDC
111,0.9569247516979018,6225038057992.7295,622,S6_worst_case_no_intervention,eurozone,USDC
112,0.9833201611133842,6224463407033.897,622,S6_worst_case_no_intervention,eurozone,USDC
113,0.9926416506297977,6224463407033.897,622,S6_worst_case_no_intervention,eurozone,USDC
114,0.9901869465108041,6224463407033.897,622,S6_worst_case_no_intervention,eurozone,USDC
115,0.9719003219331872,6224463407033.897,622,S6_worst_case_no_intervention,eurozone,USDC
116,0.9758250338317802,6224463407033.897,622,S6_worst_case_no_intervention,eurozone,USDC
117,0.9899844104118912,6224463407033.897,622,S6_worst_case_no_intervention,eurozone,USDC
118,1.0059875894470585,6224463407033.897,622,S6_worst_case_no_intervention,eurozone,USDC
119,1.0102954128540644,6224463407033.897,622,S6_worst_case_no_intervention,eurozone,USDC
120,1.0394440455945588,6224463407033.897,622,S6_worst_case_no_intervention,eurozone,USDC
121,1.003946597408585,6068851821858.049,622,S6_worst_case_no_intervention,eurozone,USDC
122,0.9660767727742373,5917130526311.598,622,S6_worst_case_no_intervention,eurozone,USDC
123,0.9523687580299939,5769003263228.994,622,S6_worst_case_no_intervention,eurozone,USDC
124,0.9238029594729927,5623887479987.734,622,S6_worst_case_no_intervention,eurozone,USDC
125,0.9452452721227458,5480998914049.816,622,S6_worst_case_no_intervention,eurozone,USDC
126,0.949270856026786,5342804580391.49,622,S6_worst_case_no_intervention,eurozone,USDC
127,0.9151299141931586,5208319305294.04,622,S6_worst_case_no_intervention,eurozone,USDC
128,0.9093510190024314,5075701571084.242,622,S6_worst_case_no_intervention,eurozone,USDC
129,0.9091063046202725,4946290178852.377,622,S6_worst_case_no_intervention,eurozone,USDC
130,0.9255158015289873,4820317798653.467,622,S6_worst_case_no_intervention,eurozone,USDC
131,0.9284868508616545,4698276417128.963,622,S6_worst_case_no_intervention,eurozone,USDC
132,0.9210935842994903,4579367004287.967,622,S6_worst_case_no_intervention,eurozone,USDC
133,0.8808037196013861,4463193462894.516,622,S6_worst_case_no_intervention,eurozone,USDC
134,0.8670824172119301,4348818383057.56,622,S6_worst_case_no_intervention,eurozone,USDC
135,0.8754923032524782,4237018678087.499,622,S6_worst_case_no_intervention,eurozone,USDC
136,0.8543363411259525,4128675440247.0537,622,S6_worst_case_no_intervention,eurozone,USDC
137,0.8593837388155536,4022771461965.1636,622,S6_worst_case_no_intervention,eurozone,USDC
138,0.8480516443822083,3919976921572.8525,622,S6_worst_case_no_intervention,eurozone,USDC
139,0.8366262498745329,3819685707544.701,622,S6_worst_case_no_intervention,eurozone,USDC
140,0.8082841990253123,3722041718869.21,622,S6_worst_case_no_intervention,eurozone,USDC
141,0.8213141920258358,3626768489023.198,622,S6_worst_case_no_intervention,eurozone,USDC
142,0.8389586267287553,3534378063263.177,622,S6_worst_case_no_intervention,eurozone,USDC
143,0.8625828948053943,3444693246832.2866,622,S6_worst_case_no_intervention,eurozone,USDC
144,0.8567995498628027,3357653359606.6245,622,S6_worst_case_no_intervention,eurozone,USDC
145,0.8533236007194336,3272820609377.993,622,S6_worst_case_no_intervention,eurozone,USDC
146,0.8174326489613196,3190183842907.468,622,S6_worst_case_no_intervention,eurozone,USDC
147,0.821333701381951,3109482222733.024,622,S6_worst_case_no_intervention,eurozone,USDC
148,0.821770281865425,3030945299094.1553,622,S6_worst_case_no_intervention,eurozone,USDC
149,0.8448790611527551,2954494586922.541,622,S6_worst_case_no_intervention,eurozone,USDC
150,0.8577578775124429,2880156839149.759,622,S6_worst_case_no_intervention,eurozone,USDC
151,0.842128864906661,2807787607835.105,622,S6_worst_case_no_intervention,eurozone,USDC
152,0.85971233757257,2737204876574.1494,622,S6_worst_case_no_intervention,eurozone,USDC
153,0.8598653825858822,2668489981730.082,622,S6_worst_case_no_intervention,eurozone,USDC
154,0.8655524770559384,2601529749627.2266,622,S6_worst_case_no_intervention,eurozone,USDC
155,0.8437391560809347,2536271699356.58,622,S6_worst_case_no_intervention,eurozone,USDC
156,0.862059316730714,2472632351288.537,622,S6_worst_case_no_intervention,eurozone,USDC
157,0.8655958620176216,2410642796395.0703,622,S6_worst_case_no_intervention,eurozone,USDC
158,0.8900742939008356,2350226386003.003,622,S6_worst_case_no_intervention,eurozone,USDC
159,0.9012359355955162,2291362946750.0063,622,S6_worst_case_no_intervention,eurozone,USDC
160,0.8906869170919105,2233995847473.462,622,S6_worst_case_no_intervention,eurozone,USDC
161,0.8636978532731973,2178060894486.656,622,S6_worst_case_no_intervention,eurozone,USDC
162,0.8675749665945958,2123496255635.4233,622,S6_worst_case_no_intervention,eurozone,USDC
163,0.7926718168476202,2070315934148.665,622,S6_worst_case_no_intervention,eurozone,USDC
164,0.800620863411553,2018407005411.6157,622,S6_worst_case_no_intervention,eurozone,USDC
165,0.8262561485455773,1967833655857.019,622,S6_worst_case_no_intervention,eurozone,USDC
166,0.8411005058425511,1918559572931.295,622,S6_worst_case_no_intervention,eurozone,USDC
167,0.8628921681908581,1870531306280.2795,622,S6_worst_case_no_intervention,eurozone,USDC
168,0.8524243900582371,1823722653192.4707,622,S6_worst_case_no_intervention,eurozone,USDC
169,0.8340323938860718,1778085214499.0542,622,S6_worst_case_no_intervention,eurozone,USDC
170,0.8377244335949238,1733587836152.077,622,S6_worst_case_no_intervention,eurozone,USDC
171,0.8440780257802113,1690210913186.1433,622,S6_worst_case_no_intervention,eurozone,USDC
172,0.8044809143041315,1647925535632.0212,622,S6_worst_case_no_intervention,eurozone,USDC
173,0.8082328880480344,1606691093412.1543,622,S6_worst_case_no_intervention,eurozone,USDC
174,0.8186627729920454,1566493664224.764,622,S6_worst_case_no_intervention,eurozone,USDC
175,0.8064797630608704,1527309227161.873,622,S6_worst_case_no_intervention,eurozone,USDC
176,0.8022612089076653,1489106107924.6592,622,S6_worst_case_no_intervention,eurozone,USDC
177,0.7960166643800982,1451860126516.1616,622,S6_worst_case_no_intervention,eurozone,USDC
178,0.8015706801339079,1415548454878.8633,622,S6_worst_case_no_intervention,eurozone,USDC
179,0.7920262982913077,1380147020096.5762,622,S6_worst_case_no_intervention,eurozone,USDC
180,0.8228196833782434,1345632431883.4314,622,S6_worst_case_no_intervention,eurozone,USDC
181,0.7924394531183802,1311983878247.48,622,S6_worst_case_no_intervention,eurozone,USDC
182,0.7676871219458419,1279176357557.0625,622,S6_worst_case_no_intervention,eurozone,USDC
183,0.7949420073412957,1247189718397.3467,622,S6_worst_case_no_intervention,eurozone,USDC
184,0.8124528154849189,1216005094864.4429,622,S6_worst_case_no_intervention,eurozone,USDC
185,0.8042561098958978,1185601190869.1704,622,S6_worst_case_no_intervention,eurozone,USDC
186,0.7736271637728201,1155957901754.5146,622,S6_worst_case_no_intervention,eurozone,USDC
187,0.7813881236145107,1127055671287.3423,622,S6_worst_case_no_intervention,eurozone,USDC
188,0.7887718850182702,1098876910418.3125,622,S6_worst_case_no_intervention,eurozone,USDC
189,0.7808964654469189,1071403128927.9043,622,S6_worst_case_no_intervention,eurozone,USDC
190,0.768332489318136,1044616417341.5171,622,S6_worst_case_no_intervention,eurozone,USDC
191,0.7483084218010532,1018499621024.1158,622,S6_worst_case_no_intervention,eurozone,USDC
192,0.7549444934343101,993035881376.6958,622,S6_worst_case_no_intervention,eurozone,USDC
193,0.7613987550880932,968209037037.7844,622,S6_worst_case_no_intervention,eurozone,USDC
194,0.77668524786977,944003075463.698,622,S6_worst_case_no_intervention,eurozone,USDC
195,0.7850291406653069,920402449680.4265,622,S6_worst_case_no_intervention,eurozone,USDC
196,0.7792948728861582,897391967903.323,622,S6_worst_case_no_intervention,eurozone,USDC
197,0.6693613567130655,874956831774.2922,622,S6_worst_case_no_intervention,eurozone,USDC
198,0.673242521345989,853082478537.8684,622,S6_worst_case_no_intervention,eurozone,USDC
199,0.6969438708218935,831755111637.992,622,S6_worst_case_no_intervention,eurozone,USDC
200,0.7303883804770581,810961044947.4493,622,S6_worst_case_no_intervention,eurozone,USDC
201,0.7429803080194887,790686894990.0332,622,S6_worst_case_no_intervention,eurozone,USDC
202,0.7479438549033879,770919634797.9873,622,S6_worst_case_no_intervention,eurozone,USDC
203,0.7280759221358849,751646572980.0682,622,S6_worst_case_no_intervention,eurozone,USDC
204,0.7516683973123282,732855350077.898,622,S6_worst_case_no_intervention,eurozone,USDC
205,0.769984535781063,714533928031.3042,622,S6_worst_case_no_intervention,eurozone,USDC
206,0.7527505835746948,696670551050.8047,622,S6_worst_case_no_intervention,eurozone,USDC
207,0.7513198556492726,679253762382.3802,622,S6_worst_case_no_intervention,eurozone,USDC
208,0.747011827595213,662272399168.5566,622,S6_worst_case_no_intervention,eurozone,USDC
209,0.7361365564730258,645715573574.5321,622,S6_worst_case_no_intervention,eurozone,USDC
210,0.7373403152786668,629572671774.9482,622,S6_worst_case_no_intervention,eurozone,USDC
211,0.7283352077310387,613833345465.4917,622,S6_worst_case_no_intervention,eurozone,USDC
212,0.7414193630311521,598487504379.0594,622,S6_worst_case_no_intervention,eurozone,USDC
213,0.7301259244542114,583525311059.0317,622,S6_worst_case_no_intervention,eurozone,USDC
214,0.7250943134396786,568937173959.7122,622,S6_worst_case_no_intervention,eurozone,USDC
215,0.7352624476122565,554713741156.0149,622,S6_worst_case_no_intervention,eurozone,USDC
216,0.7337799497353483,540845895173.4635,622,S6_worst_case_no_intervention,eurozone,USDC
217,0.7333911806107121,527324745853.30115,622,S6_worst_case_no_intervention,eurozone,USDC
218,0.7696263950951295,514141625718.3218,622,S6_worst_case_no_intervention,eurozone,USDC
219,0.7670066931837239,501288084088.5625,622,S6_worst_case_no_intervention,eurozone,USDC
220,0.7660495283346981,488755881221.9304,622,S6_worst_case_no_intervention,eurozone,USDC
221,0.7754275370401132,476536983548.8369,622,S6_worst_case_no_intervention,eurozone,USDC
222,0.7239730830948274,464623558493.5934,622,S6_worst_case_no_intervention,eurozone,USDC
223,0.7451997242329385,453007969052.0393,622,S6_worst_case_no_intervention,eurozone,USDC
224,0.7432891742942078,441682769479.86523,622,S6_worst_case_no_intervention,eurozone,USDC
225,0.7368122584866252,430640699977.96643,622,S6_worst_case_no_intervention,eurozone,USDC
226,0.7480557565372483,419874682271.71875,622,S6_worst_case_no_intervention,eurozone,USDC
227,0.7447878542128574,409377815059.6685,622,S6_worst_case_no_intervention,eurozone,USDC
228,0.766234503461597,399143369560.5427,622,S6_worst_case_no_intervention,eurozone,USDC
229,0.7553092973673451,389164785233.5823,622,S6_worst_case_no_intervention,eurozone,USDC
230,0.7497522225373179,379435665531.97925,622,S6_worst_case_no_intervention,eurozone,USDC
231,0.7547941205773151,369949773836.2259,622,S6_worst_case_no_intervention,eurozone,USDC
232,0.7539111591809432,360701029444.4797,622,S6_worst_case_no_intervention,eurozone,USDC
233,0.7473029074205249,351683503673.70734,622,S6_worst_case_no_intervention,eurozone,USDC
234,0.7612970029499265,342891416053.0631,622,S6_worst_case_no_intervention,eurozone,USDC
235,0.7612342690275052,334319130629.8939,622,S6_worst_case_no_intervention,eurozone,USDC
236,0.7579628388996643,325961152347.979,622,S6_worst_case_no_intervention,eurozone,USDC
237,0.789387595281795,317812123525.90735,622,S6_worst_case_no_intervention,eurozone,USDC
238,0.8114669903262647,309866820428.9686,622,S6_worst_case_no_intervention,eurozone,USDC
239,0.7923747472097831,302120149911.48706,622,S6_worst_case_no_intervention,eurozone,USDC
240,0.7985333683525866,294567146157.73627,622,S6_worst_case_no_intervention,eurozone,USDC
241,0.8194136967166383,287202967498.92554,622,S6_worst_case_no_intervention,eurozone,USDC
242,0.8460811133045634,280022893307.7642,622,S6_worst_case_no_intervention,eurozone,USDC
243,0.8219408330373447,273022320972.50623,622,S6_worst_case_no_intervention,eurozone,USDC
244,0.8178371944165971,266196762945.68228,622,S6_worst_case_no_intervention,eurozone,USDC
245,0.8244584499091266,259541843869.82892,622,S6_worst_case_no_intervention,eurozone,USDC
246,0.8175291971166969,253053297771.24512,622,S6_worst_case_no_intervention,eurozone,USDC
247,0.8361323915558568,246726965325.24365,622,S6_worst_case_no_intervention,eurozone,USDC
248,0.8178409325177802,240558791190.8935,622,S6_worst_case_no_intervention,eurozone,USDC
249,0.8372021611864446,234544821409.91766,622,S6_worst_case_no_intervention,eurozone,USDC
250,0.8168936408248462,228681200873.73853,622,S6_worst_case_no_intervention,eurozone,USDC
251,0.8267248886108499,222964170851.02386,622,S6_worst_case_no_intervention,eurozone,USDC
252,0.8437431685437795,217390066579.02338,622,S6_worst_case_no_intervention,eurozone,USDC
253,0.824222985265491,211955314914.0141,622,S6_worst_case_no_intervention,eurozone,USDC
254,0.8029091921115887,206656432040.63544,622,S6_worst_case_no_intervention,eurozone,USDC
255,0.8196987566423413,201490021239.0877,622,S6_worst_case_no_intervention,eurozone,USDC
256,0.7943522918601238,196452770707.7036,622,S6_worst_case_no_intervention,eurozone,USDC
257,0.7989322303454214,191541451439.61603,622,S6_worst_case_no_intervention,eurozone,USDC
258,0.7986261343107449,186752915153.30096,622,S6_worst_case_no_intervention,eurozone,USDC
259,0.7952748280858699,182084092274.1988,622,S6_worst_case_no_intervention,eurozone,USDC
260,0.7785703896212056,177531989967.12128,622,S6_worst_case_no_intervention,eurozone,USDC
261,0.782586945745356,173093690217.74582,622,S6_worst_case_no_intervention,eurozone,USDC
262,0.7570531705373379,168766347962.13516,622,S6_worst_case_no_intervention,eurozone,USDC
263,0.7902947235800067,164547189262.93744,622,S6_worst_case_no_intervention,eurozone,USDC
264,0.7959446281246965,160433509531.26752,622,S6_worst_case_no_intervention,eurozone,USDC
265,0.8098304041926546,156422671792.90558,622,S6_worst_case_no_intervention,eurozone,USDC
266,0.8081572004096014,152512104998.02322,622,S6_worst_case_no_intervention,eurozone,USDC
267,0.7983250292101925,148699302373.02094,622,S6_worst_case_no_intervention,eurozone,USDC
268,0.7906335714143505,144981819813.64948,622,S6_worst_case_no_intervention,eurozone,USDC
269,0.7858214527360895,141357274318.26862,622,S6_worst_case_no_intervention,eurozone,USDC
270,0.7850992714388121,137823342460.27786,622,S6_worst_case_no_intervention,eurozone,USDC
271,0.787877149644693,134377758898.74377,622,S6_worst_case_no_intervention,eurozone,USDC
272,0.7625658517531894,131018314926.2543,622,S6_worst_case_no_intervention,eurozone,USDC
273,0.7639172314973892,127742857053.07835,622,S6_worst_case_no_intervention,eurozone,USDC
274,0.7681478355132115,124549285626.7355,622,S6_worst_case_no_intervention,eurozone,USDC
275,0.7623810540311208,121435553486.05453,622,S6_worst_case_no_intervention,eurozone,USDC
276,0.7619879958551178,118399664648.89325,622,S6_worst_case_no_intervention,eurozone,USDC
277,0.765674554425568,115439673032.66263,622,S6_worst_case_no_intervention,eurozone,USDC
278,0.78001179559893,112553681206.83981,622,S6_worst_case_no_intervention,eurozone,USDC
279,0.7864439589678739,109739839176.66408,622,S6_worst_case_no_intervention,eurozone,USDC
280,0.8053616648101077,106996343197.24385,622,S6_worst_case_no_intervention,eurozone,USDC
281,0.8159228750268555,104321434617.30998,622,S6_worst_case_no_intervention,eurozone,USDC
282,0.8265188250952442,101713398751.87521,622,S6_worst_case_no_intervention,eurozone,USDC
283,0.8257565958632903,99170563783.07666,622,S6_worst_case_no_intervention,eurozone,USDC
284,0.8501638827741398,96691299688.49826,622,S6_worst_case_no_intervention,eurozone,USDC
285,0.837795649592022,94274017196.28482,622,S6_worst_case_no_intervention,eurozone,USDC
286,0.8221420690707533,91917166766.37671,622,S6_worst_case_no_intervention,eurozone,USDC
287,0.8310459129153688,89619237597.21631,622,S6_worst_case_no_intervention,eurozone,USDC
288,0.8077267190957238,87378756657.28513,622,S6_worst_case_no_intervention,eurozone,USDC
289,0.8184994933013696,85194287740.85223,622,S6_worst_case_no_intervention,eurozone,USDC
290,0.7936663367317479,83064430547.33032,622,S6_worst_case_no_intervention,eurozone,USDC
291,0.7924803158428894,80987819783.64648,622,S6_worst_case_no_intervention,eurozone,USDC
292,0.8006514901979964,78963124289.05484,622,S6_worst_case_no_intervention,eurozone,USDC
293,0.7800961885734335,76989046181.82811,622,S6_worst_case_no_intervention,eurozone,USDC
294,0.7478037765466333,75064320027.28206,622,S6_worst_case_no_intervention,eurozone,USDC
295,0.7346172655690871,73187712026.59967,622,S6_worst_case_no_intervention,eurozone,USDC
296,0.7413650931178165,71358019225.93439,622,S6_worst_case_no_intervention,eurozone,USDC
297,0.7417809699392515,69574068745.28583,622,S6_worst_case_no_intervention,eurozone,USDC
298,0.7563149156295806,67834717026.65353,622,S6_worst_case_no_intervention,eurozone,USDC
299,0.7642576150344076,66138849100.987076,622,S6_worst_case_no_intervention,eurozone,USDC
300,0.7522594735065846,64485377873.46231,622,S6_worst_case_no_intervention,eurozone,USDC
301,0.7759898747488201,62873243426.62569,622,S6_worst_case_no_intervention,eurozone,USDC
302,0.7774906892153557,61301412340.95999,622,S6_worst_case_no_intervention,eurozone,USDC
303,0.7984093496783542,59768877032.43594,622,S6_worst_case_no_intervention,eurozone,USDC
304,0.8261556693951339,58274655106.62501,622,S6_worst_case_no_intervention,eurozone,USDC
305,0.8152690211570738,56817788728.95936,622,S6_worst_case_no_intervention,eurozone,USDC
306,0.8077612881995273,55397344010.73535,622,S6_worst_case_no_intervention,eurozone,USDC
307,0.8174634926393454,54012410410.46695,622,S6_worst_case_no_intervention,eurozone,USDC
308,0.788958329271157,52662100150.20526,622,S6_worst_case_no_intervention,eurozone,USDC
309,0.7779937057343399,51345547646.45012,622,S6_worst_case_no_intervention,eurozone,USDC
310,0.7776960400212747,50061908955.28885,622,S6_worst_case_no_intervention,eurozone,USDC
311,0.7765911170213904,48810361231.406624,622,S6_worst_case_no_intervention,eurozone,USDC
312,0.7688581725299939,47590102200.62145,622,S6_worst_case_no_intervention,eurozone,USDC
313,0.7997179757442162,46400349645.60591,622,S6_worst_case_no_intervention,eurozone,USDC
314,0.7979473121753836,45240340904.46576,622,S6_worst_case_no_intervention,eurozone,USDC
315,0.7937880329849195,44109332381.85411,622,S6_worst_case_no_intervention,eurozone,USDC
316,0.8016620000817849,43006599072.30775,622,S6_worst_case_no_intervention,eurozone,USDC
317,0.7859561770171266,41931434095.50005,622,S6_worst_case_no_intervention,eurozone,USDC
318,0.8078528855328786,40883148243.11255,622,S6_worst_case_no_intervention,eurozone,USDC
319,0.8204692140807206,39861069537.034744,622,S6_worst_case_no_intervention,eurozone,USDC
320,0.8001337283420418,38864542798.60887,622,S6_worst_case_no_intervention,eurozone,USDC
321,0.7930321090415259,37892929228.64365,622,S6_worst_case_no_intervention,eurozone,USDC
322,0.7210838615211884,36945605997.92756,622,S6_worst_case_no_intervention,eurozone,USDC
323,0.7422355265415947,36021965847.97937,622,S6_worst_case_no_intervention,eurozone,USDC
324,0.7457125943896344,35121416701.779884,622,S6_worst_case_no_intervention,eurozone,USDC
325,0.7661019621245142,34243381284.23539,622,S6_worst_case_no_intervention,eurozone,USDC
326,0.7797667004164442,33387296752.1295,622,S6_worst_case_no_intervention,eurozone,USDC
327,0.7926771478230275,32552614333.326263,622,S6_worst_case_no_intervention,eurozone,USDC
328,0.794462508548498,31738798974.99311,622,S6_worst_case_no_intervention,eurozone,USDC
329,0.8022092108048138,30945329000.618282,622,S6_worst_case_no_intervention,eurozone,USDC
330,0.8200787788307837,30171695775.60283,622,S6_worst_case_no_intervention,eurozone,USDC
331,0.8064880654822741,29417403381.212753,622,S6_worst_case_no_intervention,eurozone,USDC
332,0.8223869554582074,28681968296.682434,622,S6_worst_case_no_intervention,eurozone,USDC
333,0.8380534314433375,27964919089.265373,622,S6_worst_case_no_intervention,eurozone,USDC
334,0.8078698558402193,27265796112.03374,622,S6_worst_case_no_intervention,eurozone,USDC
335,0.8068746826604708,26584151209.232903,622,S6_worst_case_no_intervention,eurozone,USDC
336,0.7885470392784043,25919547429.002075,622,S6_worst_case_no_intervention,eurozone,USDC
337,0.7589071995612864,25271558743.277023,622,S6_worst_case_no_intervention,eurozone,USDC
338,0.768806512425795,24639769774.6951,622,S6_worst_case_no_intervention,eurozone,USDC
339,0.7934299514707576,24023775530.32772,622,S6_worst_case_no_intervention,eurozone,USDC
340,0.7725945745733654,23423181142.06953,622,S6_worst_case_no_intervention,eurozone,USDC
341,0.7858953705869306,22837601613.51779,622,S6_worst_case_no_intervention,eurozone,USDC
342,0.781108288518405,22266661573.179844,622,S6_worst_case_no_intervention,eurozone,USDC
343,0.7998356394551627,21709995033.85035,622,S6_worst_case_no_intervention,eurozone,USDC
344,0.8129186254937101,21167245158.00409,622,S6_worst_case_no_intervention,eurozone,USDC
345,0.8066452499466187,20638064029.053986,622,S6_worst_case_no_intervention,eurozone,USDC
346,0.837754077580939,20122112428.327637,622,S6_worst_case_no_intervention,eurozone,USDC
347,0.8199630550752205,19619059617.619446,622,S6_worst_case_no_intervention,eurozone,USDC
348,0.831126686612505,19128583127.17896,622,S6_worst_case_no_intervention,eurozone,USDC
349,0.8351340118794294,18650368548.99949,622,S6_worst_case_no_intervention,eurozone,USDC
350,0.8197692069003216,18184109335.274498,622,S6_worst_case_no_intervention,eurozone,USDC
351,0.8206332894266165,17729506601.89264,622,S6_worst_case_no_intervention,eurozone,USDC
352,0.8411746064146869,17286268936.84532,622,S6_worst_case_no_intervention,eurozone,USDC
353,0.8223673868916629,16854112213.424189,622,S6_worst_case_no_intervention,eurozone,USDC
354,0.786412978898919,16432759408.088585,622,S6_worst_case_no_intervention,eurozone,USDC
355,0.797201057514721,16021940422.886368,622,S6_worst_case_no_intervention,eurozone,USDC
356,0.7693148577107576,15621391912.314209,622,S6_worst_case_no_intervention,eurozone,USDC
357,0.7895208460571181,15230857114.506355,622,S6_worst_case_no_intervention,eurozone,USDC
358,0.7794678446804498,14850085686.643696,622,S6_worst_case_no_intervention,eurozone,USDC
359,0.8056663915490099,14478833544.477604,622,S6_worst_case_no_intervention,eurozone,USDC
360,0.8031451802364665,14116862705.865664,622,S6_worst_case_no_intervention,eurozone,USDC
361,0.804539071590818,13763941138.21902,622,S6_worst_case_no_intervention,eurozone,USDC
362,0.7977325808907954,13419842609.763546,622,S6_worst_case_no_intervention,eurozone,USDC
363,0.8070986952963537,13084346544.519457,622,S6_worst_case_no_intervention,eurozone,USDC
364,0.7807147727419924,12757237880.906471,622,S6_worst_case_no_intervention,eurozone,USDC
365,0.7668935361603622,12438306933.883808,622,S6_worst_case_no_intervention,eurozone,USDC
366,0.76672646966025,12127349260.536713,622,S6_worst_case_no_intervention,eurozone,USDC
367,0.7819628431222979,11824165529.023296,622,S6_worst_case_no_intervention,eurozone,USDC
368,0.7769683087620706,11528561390.797714,622,S6_worst_case_no_intervention,eurozone,USDC
369,0.7793538154671412,11240347356.027771,622,S6_worst_case_no_intervention,eurozone,USDC
370,0.7715687324948064,10959338672.127075,622,S6_worst_case_no_intervention,eurozone,USDC
371,0.7809580550399577,10685355205.323898,622,S6_worst_case_no_intervention,eurozone,USDC
372,0.784068974315583,10418221325.190802,622,S6_worst_case_no_intervention,eurozone,USDC
373,0.8011409366493675,10157765792.061031,622,S6_worst_case_no_intervention,eurozone,USDC
374,0.791230075113286,9903821647.259506,622,S6_worst_case_no_intervention,eurozone,USDC
375,0.8021487603164182,9656226106.078018,622,S6_worst_case_no_intervention,eurozone,USDC
376,0.795187138495122,9414820453.42607,622,S6_worst_case_no_intervention,eurozone,USDC
377,0.7946928064809975,9179449942.090418,622,S6_worst_case_no_intervention,eurozone,USDC
378,0.7928470328724004,8949963693.538157,622,S6_worst_case_no_intervention,eurozone,USDC
379,0.7897441951414632,8726214601.199703,622,S6_worst_case_no_intervention,eurozone,USDC
380,0.7910183083969219,8508059236.16971,622,S6_worst_case_no_intervention,eurozone,USDC
381,0.8146685645132823,8295357755.265469,622,S6_worst_case_no_intervention,eurozone,USDC
382,0.8137437515348847,8087973811.383832,622,S6_worst_case_no_intervention,eurozone,USDC
383,0.8179855397859701,7885774466.099236,622,S6_worst_case_no_intervention,eurozone,USDC
384,0.8206464828342039,7688630104.446754,622,S6_worst_case_no_intervention,eurozone,USDC
385,0.7935242430744358,7496414351.835587,622,S6_worst_case_no_intervention,eurozone,USDC
386,0.8152256506168292,7309003993.039698,622,S6_worst_case_no_intervention,eurozone,USDC
387,0.8194494987262063,7126278893.213704,622,S6_worst_case_no_intervention,eurozone,USDC
388,0.820789759309426,6948121920.883361,622,S6_worst_case_no_intervention,eurozone,USDC
389,0.823116536055206,6774418872.861277,622,S6_worst_case_no_intervention,eurozone,USDC
390,0.8073046025738213,6605058401.039747,622,S6_worst_case_no_intervention,eurozone,USDC
391,0.8017195685181335,6439931941.013752,622,S6_worst_case_no_intervention,eurozone,USDC
392,0.8096820751384862,6278933642.488408,622,S6_worst_case_no_intervention,eurozone,USDC
393,0.8083761501256695,6121960301.426199,622,S6_worst_case_no_intervention,eurozone,USDC
394,0.7797024269203734,5968911293.890543,622,S6_worst_case_no_intervention,eurozone,USDC
395,0.7880214282431609,5819688511.54328,622,S6_worst_case_no_intervention,eurozone,USDC
396,0.774448567470728,5674196298.754698,622,S6_worst_case_no_intervention,eurozone,USDC
397,0.765722317741545,5532341391.2858305,622,S6_worst_case_no_intervention,eurozone,USDC
398,0.7648747540550689,5394032856.503685,622,S6_worst_case_no_intervention,eurozone,USDC
399,0.7572959919583763,5259182035.091093,622,S6_worst_case_no_intervention,eurozone,USDC
400,0.7798725945836681,5127702484.213816,622,S6_worst_case_no_intervention,eurozone,USDC
401,0.7689892612639821,4999509922.10847,622,S6_worst_case_no_intervention,eurozone,USDC
402,0.76438788112559,4874522174.055758,622,S6_worst_case_no_intervention,eurozone,USDC
403,0.7828847529836255,4752659119.704364,622,S6_worst_case_no_intervention,eurozone,USDC
404,0.7814073415369157,4633842641.711755,622,S6_worst_case_no_intervention,eurozone,USDC
405,0.7610112616651334,4517996575.668961,622,S6_worst_case_no_intervention,eurozone,USDC
406,0.7776761133882436,4405046661.277237,622,S6_worst_case_no_intervention,eurozone,USDC
407,0.7726624997863385,4294920494.745306,622,S6_worst_case_no_intervention,eurozone,USDC
408,0.7612172475110418,4187547482.3766737,622,S6_worst_case_no_intervention,eurozone,USDC
409,0.7878526154617222,4082858795.317257,622,S6_worst_case_no_intervention,eurozone,USDC
410,0.7758288439681882,3980787325.434325,622,S6_worst_case_no_intervention,eurozone,USDC
411,0.7923254496355572,3881267642.2984676,622,S6_worst_case_no_intervention,eurozone,USDC
412,0.8335817222033843,3784235951.2410054,622,S6_worst_case_no_intervention,eurozone,USDC
413,0.8284607837174759,3689630052.4599805,622,S6_worst_case_no_intervention,eurozone,USDC
414,0.8239680563150427,3597389301.1484814,622,S6_worst_case_no_intervention,eurozone,USDC
415,0.8291116204755322,3507454568.619769,622,S6_worst_case_no_intervention,eurozone,USDC
416,0.8320652123950172,3419768204.404275,622,S6_worst_case_no_intervention,eurozone,USDC
417,0.8272483405921774,3334273999.294168,622,S6_worst_case_no_intervention,eurozone,USDC
418,0.8231684907887178,3250917149.311814,622,S6_worst_case_no_intervention,eurozone,USDC
419,0.8332004865454289,3169644220.5790186,622,S6_worst_case_no_intervention,eurozone,USDC
420,0.8210458976092914,3090403115.0645432,622,S6_worst_case_no_intervention,eurozone,USDC
421,0.8343122191408164,3013143037.1879296,622,S6_worst_case_no_intervention,eurozone,USDC
422,0.826616453445576,2937814461.2582316,622,S6_worst_case_no_intervention,eurozone,USDC
423,0.8040276066707522,2864369099.7267756,622,S6_worst_case_no_intervention,eurozone,USDC
424,0.7945264248260527,2792759872.2336063,622,S6_worst_case_no_intervention,eurozone,USDC
425,0.7871141395879414,2722940875.4277663,622,S6_worst_case_no_intervention,eurozone,USDC
426,0.793942131019383,2654867353.5420723,622,S6_worst_case_no_intervention,eurozone,USDC
427,0.8165609293759772,2588495669.7035203,622,S6_worst_case_no_intervention,eurozone,USDC
428,0.8181033522070014,2523783277.9609323,622,S6_worst_case_no_intervention,eurozone,USDC
429,0.8286322865218286,2460688696.011909,622,S6_worst_case_no_intervention,eurozone,USDC
430,0.8281429129065272,2399171478.6116114,622,S6_worst_case_no_intervention,eurozone,USDC
431,0.8328057842069329,2339192191.6463213,622,S6_worst_case_no_intervention,eurozone,USDC
432,0.8154350714374121,2280712386.855163,622,S6_worst_case_no_intervention,eurozone,USDC
433,0.8126494651928979,2223694577.183784,622,S6_worst_case_no_intervention,eurozone,USDC
434,0.8264803953615449,2168102212.754189,622,S6_worst_case_no_intervention,eurozone,USDC
435,0.8353731758581814,2113899657.4353342,622,S6_worst_case_no_intervention,eurozone,USDC
436,0.8191815606000614,2061052165.9994512,622,S6_worst_case_no_intervention,eurozone,USDC
437,0.8082360636411674,2009525861.849465,622,S6_worst_case_no_intervention,eurozone,USDC
438,0.8089961175502273,1959287715.3032281,622,S6_worst_case_no_intervention,eurozone,USDC
439,0.8352091523361809,1910305522.4206476,622,S6_worst_case_no_intervention,eurozone,USDC
440,0.8214998225586981,1862547884.3601313,622,S6_worst_case_no_intervention,eurozone,USDC
441,0.8189086336631204,1815984187.2511282,622,S6_worst_case_no_intervention,eurozone,USDC
442,0.8328645725112469,1770584582.56985,622,S6_worst_case_no_intervention,eurozone,USDC
443,0.8429949295137946,1726319968.0056036,622,S6_worst_case_no_intervention,eurozone,USDC
444,0.8292420532445814,1683161968.8054636,622,S6_worst_case_no_intervention,eurozone,USDC
445,0.8403489661452932,1641082919.585327,622,S6_worst_case_no_intervention,eurozone,USDC
446,0.8564470003090462,1600055846.5956938,622,S6_worst_case_no_intervention,eurozone,USDC
447,0.8522163464342166,1560054450.4308014,622,S6_worst_case_no_intervention,eurozone,USDC
448,0.8470392286202151,1521053089.1700313,622,S6_worst_case_no_intervention,eurozone,USDC
449,0.8560959867331032,1483026761.9407806,622,S6_worst_case_no_intervention,eurozone,USDC
450,0.8394297500434355,1445951092.892261,622,S6_worst_case_no_intervention,eurozone,USDC
451,0.8508750091917193,1409802315.5699544,622,S6_worst_case_no_intervention,eurozone,USDC
452,0.8513096272287038,1374557257.6807055,622,S6_worst_case_no_intervention,eurozone,USDC
453,0.8627274277780842,1340193326.238688,622,S6_worst_case_no_intervention,eurozone,USDC
454,0.8518809014761798,1306688493.0827208,622,S6_worst_case_no_intervention,eurozone,USDC
455,0.8295372435937306,1274021280.7556527,622,S6_worst_case_no_intervention,eurozone,USDC
456,0.8133554945410966,1242170748.7367613,622,S6_worst_case_no_intervention,eurozone,USDC
457,0.8206986452288758,1211116480.0183423,622,S6_worst_case_no_intervention,eurozone,USDC
458,0.8161857667512273,1180838568.0178838,622,S6_worst_case_no_intervention,eurozone,USDC
459,0.8045251291308317,1151317603.8174367,622,S6_worst_case_no_intervention,eurozone,USDC
460,0.8034545743911473,1122534663.7220008,622,S6_worst_case_no_intervention,eurozone,USDC
461,0.7902005781175154,1094471297.1289506,622,S6_worst_case_no_intervention,eurozone,USDC
462,0.7984044766413207,1067109514.700727,622,S6_worst_case_no_intervention,eurozone,USDC
463,0.8089365476659856,1040431776.8332088,622,S6_worst_case_no_intervention,eurozone,USDC
464,0.7968095223398796,1014420982.4123785,622,S6_worst_case_no_intervention,eurozone,USDC
465,0.7843584760670084,989060457.8520691,622,S6_worst_case_no_intervention,eurozone,USDC
466,0.7970959803890775,964333946.4057673,622,S6_worst_case_no_intervention,eurozone,USDC
467,0.825662339387389,940225597.7456231,622,S6_worst_case_no_intervention,eurozone,USDC
468,0.8061258605537064,916719957.8019825,622,S6_worst_case_no_intervention,eurozone,USDC
469,0.7786524860633851,893801958.8569331,622,S6_worst_case_no_intervention,eurozone,USDC
470,0.7658929928745835,871456909.8855097,622,S6_worst_case_no_intervention,eurozone,USDC
471,0.7767161599606314,849670487.1383721,622,S6_worst_case_no_intervention,eurozone,USDC
472,0.7669441427066511,828428724.9599128,622,S6_worst_case_no_intervention,eurozone,USDC
473,0.7608020570142067,807718006.8359149,622,S6_worst_case_no_intervention,eurozone,USDC
474,0.7651997884895773,787525056.665017,622,S6_worst_case_no_intervention,eurozone,USDC
475,0.7801868191298738,767836930.2483916,622,S6_worst_case_no_intervention,eurozone,USDC
476,0.7305408329358066,748641006.9921818,622,S6_worst_case_no_intervention,eurozone,USDC
477,0.7384887731007246,729924981.8173772,622,S6_worst_case_no_intervention,eurozone,USDC
478,0.7595920190547071,711676857.2719429,622,S6_worst_case_no_intervention,eurozone,USDC
479,0.7545180578957615,693884935.8401443,622,S6_worst_case_no_intervention,eurozone,USDC
480,0.7557493951230758,676537812.4441407,622,S6_worst_case_no_intervention,eurozone,USDC
481,0.7645117195549038,659624367.1330371,622,S6_worst_case_no_intervention,eurozone,USDC
482,0.7707633029450411,643133757.9547112,622,S6_worst_case_no_intervention,eurozone,USDC
483,0.7687214597482916,627055414.0058434,622,S6_worst_case_no_intervention,eurozone,USDC
484,0.7897455412509046,611379028.6556973,622,S6_worst_case_no_intervention,eurozone,USDC
485,0.8106783484836158,596094552.939305,622,S6_worst_case_no_intervention,eurozone,USDC
486,0.8128974506171482,581192189.1158223,622,S6_worst_case_no_intervention,eurozone,USDC
487,0.8151924442604662,566662384.3879268,622,S6_worst_case_no_intervention,eurozone,USDC
488,0.7977410621096586,552495824.7782285,622,S6_worst_case_no_intervention,eurozone,USDC
489,0.7828001936294956,538683429.158773,622,S6_worst_case_no_intervention,eurozone,USDC
490,0.7649907732457494,525216343.4298036,622,S6_worst_case_no_intervention,eurozone,USDC
491,0.7780692817795491,512085934.84405845,622,S6_worst_case_no_intervention,eurozone,USDC
492,0.7664440925896316,499283786.472957,622,S6_worst_case_no_intervention,eurozone,USDC
493,0.7876284056436447,486801691.81113315,622,S6_worst_case_no_intervention,eurozone,USDC
494,0.7761917663399375,474631649.5158547,622,S6_worst_case_no_intervention,eurozone,USDC
495,0.8012072846559313,462765858.2779584,622,S6_worst_case_no_intervention,eurozone,USDC
496,0.8286937245752171,451196711.82100946,622,S6_worst_case_no_intervention,eurozone,USDC
497,0.8152008844834628,439916794.0254842,622,S6_worst_case_no_intervention,eurozone,USDC
498,0.7808839923133437,428918874.1748471,622,S6_worst_case_no_intervention,eurozone,USDC
499,0.7782924850291757,418195902.32047594,622,S6_worst_case_no_intervention,eurozone,USDC
500,0.7734490320213744,407741004.7624639,622,S6_worst_case_no_intervention,eurozone,USDC
501,0.7905720799927504,397547479.6434024,622,S6_worst_case_no_intervention,eurozone,USDC
502,0.808344618375733,387608792.6523173,622,S6_worst_case_no_intervention,eurozone,USDC
503,0.7942586058287888,377918572.8360094,622,S6_worst_case_no_intervention,eurozone,USDC
504,0.8136299129420522,368470608.5151091,622,S6_worst_case_no_intervention,eurozone,USDC
505,0.7992131835416586,359258843.30223143,622,S6_worst_case_no_intervention,eurozone,USDC
506,0.8030648944572711,350277372.2196756,622,S6_worst_case_no_intervention,eurozone,USDC
507,0.8240113624172314,341520437.91418374,622,S6_worst_case_no_intervention,eurozone,USDC
508,0.7900479797999728,332982426.96632916,622,S6_worst_case_no_intervention,eurozone,USDC
509,0.7826173999566856,324657866.29217094,622,S6_worst_case_no_intervention,eurozone,USDC
510,0.764668845571787,316541419.63486665,622,S6_worst_case_no_intervention,eurozone,USDC
511,0.8066953562596573,308627884.143995,622,S6_worst_case_no_intervention,eurozone,USDC
512,0.8101646355175722,300912187.0403951,622,S6_worst_case_no_intervention,eurozone,USDC
513,0.8204321477480213,293389382.36438525,622,S6_worst_case_no_intervention,eurozone,USDC
514,0.8250949661375323,286054647.80527556,622,S6_worst_case_no_intervention,eurozone,USDC
515,0.7873290891651069,278903281.61014366,622,S6_worst_case_no_intervention,eurozone,USDC
516,0.7874639078622433,271930699.5698901,622,S6_worst_case_no_intervention,eurozone,USDC
517,0.7999307292564124,265132432.08064285,622,S6_worst_case_no_intervention,eurozone,USDC
518,0.7963426618112843,258504121.27862677,622,S6_worst_case_no_intervention,eurozone,USDC
519,0.8274735581347096,252041518.2466611,622,S6_worst_case_no_intervention,eurozone,USDC
520,0.8213264069092722,245740480.2904946,622,S6_worst_case_no_intervention,eurozone,USDC
521,0.8070127053341273,239596968.2832322,622,S6_worst_case_no_intervention,eurozone,USDC
522,0.7817422962584734,233607044.07615143,622,S6_worst_case_no_intervention,eurozone,USDC
523,0.7718564152499111,227766867.97424763,622,S6_worst_case_no_intervention,eurozone,USDC
524,0.7729077772780881,222072696.27489144,622,S6_worst_case_no_intervention,eurozone,USDC
525,0.8069011869595101,216520878.86801916,622,S6_worst_case_no_intervention,eurozone,USDC
526,0.7983541045136866,211107856.89631867,622,S6_worst_case_no_intervention,eurozone,USDC
527,0.8032189060208402,205830160.47391072,622,S6_worst_case_no_intervention,eurozone,USDC
528,0.8276989858866937,200684406.46206295,622,S6_worst_case_no_intervention,eurozone,USDC
529,0.7969120469872997,195667296.3005114,622,S6_worst_case_no_intervention,eurozone,USDC
530,0.8034134069156182,190775613.8929986,622,S6_worst_case_no_intervention,eurozone,USDC
531,0.8059374326899941,186006223.54567364,622,S6_worst_case_no_intervention,eurozone,USDC
532,0.7983663717221748,181356067.9570318,622,S6_worst_case_no_intervention,eurozone,USDC
533,0.7924327136013614,176822166.258106,622,S6_worst_case_no_intervention,eurozone,USDC
534,0.7959297584107548,172401612.10165334,622,S6_worst_case_no_intervention,eurozone,USDC
535,0.7735193185127661,168091571.799112,622,S6_worst_case_no_intervention,eurozone,USDC
536,0.8019117229610662,163889282.5041342,622,S6_worst_case_no_intervention,eurozone,USDC
537,0.794113324062998,159792050.44153085,622,S6_worst_case_no_intervention,eurozone,USDC
538,0.8069701064377016,155797249.18049258,622,S6_worst_case_no_intervention,eurozone,USDC
539,0.8031148134944738,151902317.95098025,622,S6_worst_case_no_intervention,eurozone,USDC
540,0.7830506997869028,148104760.00220576,622,S6_worst_case_no_intervention,eurozone,USDC
541,0.7793904711948936,144402141.0021506,622,S6_worst_case_no_intervention,eurozone,USDC
542,0.7570191683119124,140792087.47709683,622,S6_worst_case_no_intervention,eurozone,USDC
543,0.7715144313088044,137272285.29016942,622,S6_worst_case_no_intervention,eurozone,USDC
544,0.7764485237055608,133840478.15791517,622,S6_worst_case_no_intervention,eurozone,USDC
545,0.7814756342928741,130494466.2039673,622,S6_worst_case_no_intervention,eurozone,USDC
546,0.7932526773058112,127232104.54886812,622,S6_worst_case_no_intervention,eurozone,USDC
547,0.7716217996931684,124051301.9351464,622,S6_worst_case_no_intervention,eurozone,USDC
548,0.7744951213177658,120950019.38676775,622,S6_worst_case_no_intervention,eurozone,USDC
549,0.7637047076634638,117926268.90209857,622,S6_worst_case_no_intervention,eurozone,USDC
550,0.7734077790099664,114978112.1795461,622,S6_worst_case_no_intervention,eurozone,USDC
551,0.7931855816863485,112103659.37505744,622,S6_worst_case_no_intervention,eurozone,USDC
552,0.774839414149943,109301067.890681,622,S6_worst_case_no_intervention,eurozone,USDC
553,0.7796140757915995,106568541.19341397,622,S6_worst_case_no_intervention,eurozone,USDC
554,0.713392629779911,103904327.66357863,622,S6_worst_case_no_intervention,eurozone,USDC
555,0.7178164976331537,101306719.47198917,622,S6_worst_case_no_intervention,eurozone,USDC
556,0.7327802859495773,98774051.48518944,622,S6_worst_case_no_intervention,eurozone,USDC
557,0.7251829979686405,96304700.19805971,622,S6_worst_case_no_intervention,eurozone,USDC
558,0.761531450655704,93897082.69310822,622,S6_worst_case_no_intervention,eurozone,USDC
559,0.7653681509516042,91549655.62578051,622,S6_worst_case_no_intervention,eurozone,USDC
560,0.7609417293229834,89260914.235136,622,S6_worst_case_no_intervention,eurozone,USDC
561,0.7776675731216077,87029391.3792576,622,S6_worst_case_no_intervention,eurozone,USDC
562,0.782864110779369,84853656.59477615,622,S6_worst_case_no_intervention,eurozone,USDC
563,0.776459800652793,82732315.17990676,622,S6_worst_case_no_intervention,eurozone,USDC
564,0.7631932165782719,80664007.30040908,622,S6_worst_case_no_intervention,eurozone,USDC
565,0.7810758588450137,78647407.11789885,622,S6_worst_case_no_intervention,eurozone,USDC
566,0.7682823690692079,76681221.93995139,622,S6_worst_case_no_intervention,eurozone,USDC
567,0.7610734510450525,74764191.39145261,622,S6_worst_case_no_intervention,eurozone,USDC
568,0.7755757094595072,72895086.60666628,622,S6_worst_case_no_intervention,eurozone,USDC
569,0.7844710800114593,71072709.44149964,622,S6_worst_case_no_intervention,eurozone,USDC
570,0.7826212161470019,69295891.70546214,622,S6_worst_case_no_intervention,eurozone,USDC
571,0.7796769096439343,67563494.41282558,622,S6_worst_case_no_intervention,eurozone,USDC
572,0.782568016659755,65874407.05250496,622,S6_worst_case_no_intervention,eurozone,USDC
573,0.7835608502343104,64227546.87619233,622,S6_worst_case_no_intervention,eurozone,USDC
574,0.7967740230119523,62621858.204287514,622,S6_worst_case_no_intervention,eurozone,USDC
575,0.8105664779816089,61056311.74918033,622,S6_worst_case_no_intervention,eurozone,USDC
576,0.8239403705042672,59529903.95545082,622,S6_worst_case_no_intervention,eurozone,USDC
577,0.8205175975489786,58041656.35656455,622,S6_worst_case_no_intervention,eurozone,USDC
578,0.8115821377551524,56590614.94765043,622,S6_worst_case_no_intervention,eurozone,USDC
579,0.8141427616193836,55175849.57395918,622,S6_worst_case_no_intervention,eurozone,USDC
580,0.8295250175429522,53796453.334610194,622,S6_worst_case_no_intervention,eurozone,USDC
581,0.8262992672348922,52451542.00124493,622,S6_worst_case_no_intervention,eurozone,USDC
582,0.8311097843737351,51140253.451213814,622,S6_worst_case_no_intervention,eurozone,USDC
583,0.7988066440897138,49861747.114933476,622,S6_worst_case_no_intervention,eurozone,USDC
584,0.8148884610921152,48615203.43706013,622,S6_worst_case_no_intervention,eurozone,USDC
585,0.8038734952942682,47399823.35113363,622,S6_worst_case_no_intervention,eurozone,USDC
586,0.7896130022516114,46214827.76735529,622,S6_worst_case_no_intervention,eurozone,USDC
587,0.8057449460910385,45059457.07317141,622,S6_worst_case_no_intervention,eurozone,USDC
588,0.8303206221591741,43932970.64634212,622,S6_worst_case_no_intervention,eurozone,USDC
589,0.8126471730952513,42834646.38018357,622,S6_worst_case_no_intervention,eurozone,USDC
590,0.8194090026360671,41763780.22067898,622,S6_worst_case_no_intervention,eurozone,USDC
591,0.8012833160284383,40719685.715162,622,S6_worst_case_no_intervention,eurozone,USDC
592,0.8085812549967806,39701693.572282955,622,S6_worst_case_no_intervention,eurozone,USDC
593,0.7996202254028492,38709151.23297587,622,S6_worst_case_no_intervention,eurozone,USDC
594,0.8245439358658703,37741422.45215148,622,S6_worst_case_no_intervention,eurozone,USDC
595,0.8427982010898474,36797886.8908477,622,S6_worst_case_no_intervention,eurozone,USDC
596,0.818204910485198,35877939.7185765,622,S6_worst_case_no_intervention,eurozone,USDC
597,0.7689595420972625,34980991.22561209,622,S6_worst_case_no_intervention,eurozone,USDC
598,0.7845339415007351,34106466.444971785,622,S6_worst_case_no_intervention,eurozone,USDC
599,0.7802309754409051,33253804.78384749,622,S6_worst_case_no_intervention,eurozone,USDC
600,0.803563357751836,32422459.664251305,622,S6_worst_case_no_intervention,eurozone,USDC
601,0.8256218061925378,31611898.17264502,622,S6_worst_case_no_intervention,eurozone,USDC
602,0.8095095584657361,30821600.718328897,622,S6_worst_case_no_intervention,eurozone,USDC
603,0.7898666760838136,30051060.70037067,622,S6_worst_case_no_intervention,eurozone,USDC
604,0.7907786565162778,29299784.182861406,622,S6_worst_case_no_intervention,eurozone,USDC
605,0.806080646452579,28567289.578289866,622,S6_worst_case_no_intervention,eurozone,USDC
606,0.8383180911676692,27853107.338832624,622,S6_worst_case_no_intervention,eurozone,USDC
607,0.8483960643112923,27156779.65536181,622,S6_worst_case_no_intervention,eurozone,USDC
608,0.8413023116073635,26477860.163977765,622,S6_worst_case_no_intervention,eurozone,USDC
609,0.8465152582385063,25815913.65987832,622,S6_worst_case_no_intervention,eurozone,USDC
610,0.8362668946313806,25170515.818381365,622,S6_worst_case_no_intervention,eurozone,USDC
611,0.8152899076719212,24541252.92292183,622,S6_worst_case_no_intervention,eurozone,USDC
612,0.8301204874457908,23927721.599848785,622,S6_worst_case_no_intervention,eurozone,USDC
613,0.8063636874504824,23329528.559852563,622,S6_worst_case_no_intervention,eurozone,USDC
614,0.8284753206235658,22746290.34585625,622,S6_worst_case_no_intervention,eurozone,USDC
615,0.8190958181152961,22177633.087209843,622,S6_worst_case_no_intervention,eurozone,USDC
616,0.803723250445824,21623192.2600296,622,S6_worst_case_no_intervention,eurozone,USDC
617,0.8220129044113653,21082612.45352886,622,S6_worst_case_no_intervention,eurozone,USDC
618,0.7889010146373093,20555547.142190635,622,S6_worst_case_no_intervention,eurozone,USDC
619,0.7701422336433882,20041658.46363587,622,S6_worst_case_no_intervention,eurozone,USDC
620,0.7830135151102404,19540617.002044976,622,S6_worst_case_no_intervention,eurozone,USDC
621,0.8013348404119505,19052101.57699385,622,S6_worst_case_no_intervention,eurozone,USDC
622,0.8032797760710554,18575799.037569,622,S6_worst_case_no_intervention,eurozone,USDC
623,0.775248137949535,18111404.061629776,622,S6_worst_case_no_intervention,eurozone,USDC
624,0.7752410343406375,17658618.96008903,622,S6_worst_case_no_intervention,eurozone,USDC
625,0.7749850852372111,17217153.48608681,622,S6_worst_case_no_intervention,eurozone,USDC
626,0.7627527747534071,16786724.648934636,622,S6_worst_case_no_intervention,eurozone,USDC
627,0.7592566873692128,16367056.532711271,622,S6_worst_case_no_intervention,eurozone,USDC
628,0.7545623091649191,15957880.11939349,622,S6_worst_case_no_intervention,eurozone,USDC
629,0.7773042914293482,15558933.116408652,622,S6_worst_case_no_intervention,eurozone,USDC
630,0.7962417005138784,15169959.788498437,622,S6_worst_case_no_intervention,eurozone,USDC
631,0.8041605912756427,14790710.793785974,622,S6_worst_case_no_intervention,eurozone,USDC
632,0.8067281816558871,14420943.023941327,622,S6_worst_case_no_intervention,eurozone,USDC
633,0.7949057306290218,14060419.448342793,622,S6_worst_case_no_intervention,eurozone,USDC
634,0.8009100433759394,13708908.962134223,622,S6_worst_case_no_intervention,eurozone,USDC
635,0.8318821774623543,13366186.238080867,622,S6_worst_case_no_intervention,eurozone,USDC
636,0.8145292464197271,13032031.582128845,622,S6_worst_case_no_intervention,eurozone,USDC
637,0.8347765875438253,12706230.792575624,622,S6_worst_case_no_intervention,eurozone,USDC
638,0.8251858516856141,12388575.022761235,622,S6_worst_case_no_intervention,eurozone,USDC
639,0.8238666404792652,12078860.647192204,622,S6_worst_case_no_intervention,eurozone,USDC
640,0.8197691502340579,11776889.131012399,622,S6_worst_case_no_intervention,eurozone,USDC
641,0.8464438052717849,11482466.90273709,622,S6_worst_case_no_intervention,eurozone,USDC
642,0.8301596916926441,11195405.230168663,622,S6_worst_case_no_intervention,eurozone,USDC
643,0.8161233706345865,10915520.099414445,622,S6_worst_case_no_intervention,eurozone,USDC
644,0.7902629641329355,10642632.096929085,622,S6_worst_case_no_intervention,eurozone,USDC
645,0.7571473196301062,10376566.294505857,622,S6_worst_case_no_intervention,eurozone,USDC
646,0.7694334159841251,10117152.137143211,622,S6_worst_case_no_intervention,eurozone,USDC
647,0.7671020358943299,9864223.33371463,622,S6_worst_case_no_intervention,eurozone,USDC
648,0.7592551756726684,9617617.750371765,622,S6_worst_case_no_intervention,eurozone,USDC
649,0.7611958455393134,9377177.306612471,622,S6_worst_case_no_intervention,eurozone,USDC
650,0.7553752838770895,9142747.873947158,622,S6_worst_case_no_intervention,eurozone,USDC
651,0.7621189431819763,8914179.17709848,622,S6_worst_case_no_intervention,eurozone,USDC
652,0.7636238825373363,8691324.697671019,622,S6_worst_case_no_intervention,eurozone,USDC
653,0.7781437118459036,8474041.580229243,622,S6_worst_case_no_intervention,eurozone,USDC
654,0.7524074929415502,8262190.540723512,622,S6_worst_case_no_intervention,eurozone,USDC
655,0.7496589610023549,8055635.777205423,622,S6_worst_case_no_intervention,eurozone,USDC
656,0.746627103225438,7854244.882775288,622,S6_worst_case_no_intervention,eurozone,USDC
657,0.7502722922154957,7657888.760705907,622,S6_worst_case_no_intervention,eurozone,USDC
658,0.7771155503668397,7466441.541688259,622,S6_worst_case_no_intervention,eurozone,USDC
659,0.7733569334193461,7279780.503146051,622,S6_worst_case_no_intervention,eurozone,USDC
660,0.7824909538430336,7097785.990567401,622,S6_worst_case_no_intervention,eurozone,USDC
661,0.7642779969937383,6920341.340803215,622,S6_worst_case_no_intervention,eurozone,USDC
662,0.7584034695381315,6747332.807283135,622,S6_worst_case_no_intervention,eurozone,USDC
663,0.7528860773418743,6578649.487101057,622,S6_worst_case_no_intervention,eurozone,USDC
664,0.746819489077704,6414183.24992353,622,S6_worst_case_no_intervention,eurozone,USDC
665,0.7475523214325521,6253828.668675442,622,S6_worst_case_no_intervention,eurozone,USDC
666,0.7013344857054511,6097482.951958556,622,S6_worst_case_no_intervention,eurozone,USDC
667,0.7047323065277841,5945045.878159592,622,S6_worst_case_no_intervention,eurozone,USDC
668,0.727147553326153,5796419.731205602,622,S6_worst_case_no_intervention,eurozone,USDC
669,0.7468733766420451,5651509.237925462,622,S6_worst_case_no_intervention,eurozone,USDC
670,0.7383191511932031,5510221.506977325,622,S6_worst_case_no_intervention,eurozone,USDC
671,0.7464037407654855,5372465.969302893,622,S6_worst_case_no_intervention,eurozone,USDC
672,0.760285797422807,5238154.32007032,622,S6_worst_case_no_intervention,eurozone,USDC
673,0.7688860110997254,5107200.462068561,622,S6_worst_case_no_intervention,eurozone,USDC
674,0.7774281782156582,4979520.450516848,622,S6_worst_case_no_intervention,eurozone,USDC
675,0.797286708985133,4855032.439253926,622,S6_worst_case_no_intervention,eurozone,USDC
676,0.8035846839424712,4733656.628272578,622,S6_worst_case_no_intervention,eurozone,USDC
677,0.7890731550544637,4615315.212565765,622,S6_worst_case_no_intervention,eurozone,USDC
678,0.7924337233277482,4499932.3322516205,622,S6_worst_case_no_intervention,eurozone,USDC
679,0.8144419263965006,4387434.02394533,622,S6_worst_case_no_intervention,eurozone,USDC
680,0.8386932823556413,4277748.173346696,622,S6_worst_case_no_intervention,eurozone,USDC
681,0.8348652578153459,4170804.4690130292,622,S6_worst_case_no_intervention,eurozone,USDC
682,0.8462697989697402,4066534.357287704,622,S6_worst_case_no_intervention,eurozone,USDC
683,0.8376225776978519,3964870.9983555106,622,S6_worst_case_no_intervention,eurozone,USDC
684,0.8014455775399673,3865749.2233966235,622,S6_worst_case_no_intervention,eurozone,USDC
685,0.785618273080902,3769105.492811708,622,S6_worst_case_no_intervention,eurozone,USDC
686,0.7889430444529469,3674877.855491415,622,S6_worst_case_no_intervention,eurozone,USDC
687,0.8347532269175513,3583005.9091041298,622,S6_worst_case_no_intervention,eurozone,USDC
688,0.8350907703304854,3493430.7613765267,622,S6_worst_case_no_intervention,eurozone,USDC
689,0.8058981300506837,3406094.9923421135,622,S6_worst_case_no_intervention,eurozone,USDC
690,0.7944161823385989,3320942.617533561,622,S6_worst_case_no_intervention,eurozone,USDC
691,0.8005822674715447,3237919.0520952214,622,S6_worst_case_no_intervention,eurozone,USDC
692,0.8355546798270893,3156971.0757928407,622,S6_worst_case_no_intervention,eurozone,USDC
693,0.8209245025777394,3078046.79889802,622,S6_worst_case_no_intervention,eurozone,USDC
694,0.790815908785765,3001095.6289255694,622,S6_worst_case_no_intervention,eurozone,USDC
695,0.7768680208015624,2926068.2382024303,622,S6_worst_case_no_intervention,eurozone,USDC
696,0.7853614872216267,2852916.532247369,622,S6_worst_case_no_intervention,eurozone,USDC
697,0.7860252262730185,2781593.618941185,622,S6_worst_case_no_intervention,eurozone,USDC
698,0.7772629966071504,2712053.778467655,622,S6_worst_case_no_intervention,eurozone,USDC
699,0.8024361853180131,2644252.434005964,622,S6_worst_case_no_intervention,eurozone,USDC
700,0.813311380508695,2578146.123155815,622,S6_worst_case_no_intervention,eurozone,USDC
701,0.7954546145335961,2513692.4700769195,622,S6_worst_case_no_intervention,eurozone,USDC
702,0.7872319322181681,2450850.1583249965,622,S6_worst_case_no_intervention,eurozone,USDC
703,0.7954171473564972,2389578.9043668713,622,S6_worst_case_no_intervention,eurozone,USDC
704,0.7989234852897515,2329839.4317576997,622,S6_worst_case_no_intervention,eurozone,USDC
705,0.809110567638255,2271593.4459637576,622,S6_worst_case_no_intervention,eurozone,USDC
706,0.8007166664213166,2214803.6098146634,622,S6_worst_case_no_intervention,eurozone,USDC
707,0.8224529629246232,2159433.5195692964,622,S6_worst_case_no_intervention,eurozone,USDC
708,0.8214837272096801,2105447.6815800644,622,S6_worst_case_no_intervention,eurozone,USDC
709,0.8062901076731417,2052811.4895405625,622,S6_worst_case_no_intervention,eurozone,USDC
710,0.8402047357512366,2001491.2023020484,622,S6_worst_case_no_intervention,eurozone,USDC
711,0.833851663149676,1951453.9222444973,622,S6_worst_case_no_intervention,eurozone,USDC
712,0.8395663321304375,1902667.574188385,622,S6_worst_case_no_intervention,eurozone,USDC
713,0.8436123755468824,1855100.8848336753,622,S6_worst_case_no_intervention,eurozone,USDC
714,0.8473052708232305,1808723.3627128333,622,S6_worst_case_no_intervention,eurozone,USDC
715,0.8428115543986202,1763505.2786450125,622,S6_worst_case_no_intervention,eurozone,USDC
716,0.8578789166910344,1719417.6466788873,622,S6_worst_case_no_intervention,eurozone,USDC
717,0.8507872993169683,1676432.205511915,622,S6_worst_case_no_intervention,eurozone,USDC
718,0.8272167771919262,1634521.4003741173,622,S6_worst_case_no_intervention,eurozone,USDC
719,0.8436110473329302,1593658.3653647644,622,S6_worst_case_no_intervention,eurozone,USDC
720,0.8286487359686849,1553816.9062306453,622,S6_worst_case_no_intervention,eurozone,USDC
721,0.7982802067728314,1514971.4835748791,622,S6_worst_case_no_intervention,eurozone,USDC
722,0.7860525115293565,1477097.196485507,622,S6_worst_case_no_intervention,eurozone,USDC
723,0.7834251959879601,1440169.7665733695,622,S6_worst_case_no_intervention,eurozone,USDC
724,0.807659753302108,1404165.5224090354,622,S6_worst_case_no_intervention,eurozone,USDC
725,0.7891007854073067,1369061.3843488093,622,S6_worst_case_no_intervention,eurozone,USDC
726,0.8166321875055493,1334834.8497400892,622,S6_worst_case_no_intervention,eurozone,USDC
727,0.8013258211136793,1301463.978496587,622,S6_worst_case_no_intervention,eurozone,USDC
728,0.795009003410862,1268927.3790341723,622,S6_worst_case_no_intervention,eurozone,USDC
729,0.7786173439323452,1237204.194558318,622,S6_worst_case_no_intervention,eurozone,USDC
730,0.7780928122711491,1206274.0896943598,622,S6_worst_case_no_intervention,eurozone,USDC
731,0.8052709009379259,1176117.2374520008,622,S6_worst_case_no_intervention,eurozone,USDC
732,0.8146040532636197,1146714.3065157009,622,S6_worst_case_no_intervention,eurozone,USDC
733,0.8466908281149726,1118046.4488528082,622,S6_worst_case_no_intervention,eurozone,USDC
734,0.8488617242863888,1090095.2876314882,622,S6_worst_case_no_intervention,eurozone,USDC
735,0.8405400203583719,1062842.905440701,622,S6_worst_case_no_intervention,eurozone,USDC
736,0.8315484751632815,1036271.8328046836,622,S6_worst_case_no_intervention,eurozone,USDC
737,0.8226890336178254,1010365.0369845664,622,S6_worst_case_no_intervention,eurozone,USDC
738,0.8255728226296088,985105.9110599522,622,S6_worst_case_no_intervention,eurozone,USDC
739,0.8255091228943972,960478.2632834534,622,S6_worst_case_no_intervention,eurozone,USDC
740,0.8000852469781012,936466.306701367,622,S6_worst_case_no_intervention,eurozone,USDC
741,0.8021797563763229,913054.649033833,622,S6_worst_case_no_intervention,eurozone,USDC
742,0.8009340301794126,890228.2828079872,622,S6_worst_case_no_intervention,eurozone,USDC
743,0.810649122512959,867972.5757377874,622,S6_worst_case_no_intervention,eurozone,USDC
744,0.8047146200321098,846273.2613443427,622,S6_worst_case_no_intervention,eurozone,USDC
745,0.8136094260059644,825116.4298107342,622,S6_worst_case_no_intervention,eurozone,USDC
746,0.8176213483399297,804488.5190654658,622,S6_worst_case_no_intervention,eurozone,USDC
747,0.8149784672664321,784376.3060888292,622,S6_worst_case_no_intervention,eurozone,USDC
748,0.8079574917381677,764766.8984366084,622,S6_worst_case_no_intervention,eurozone,USDC
749,0.7839467378967272,745647.7259756932,622,S6_worst_case_no_intervention,eurozone,USDC
750,0.8101346949646129,727006.5328263008,622,S6_worst_case_no_intervention,eurozone,USDC
751,0.8084695385219883,708831.3695056434,622,S6_worst_case_no_intervention,eurozone,USDC
752,0.8057262497947463,691110.5852680022,622,S6_worst_case_no_intervention,eurozone,USDC
753,0.8247404895462932,673832.8206363022,622,S6_worst_case_no_intervention,eurozone,USDC
754,0.8046291685365645,656987.0001203946,622,S6_worst_case_no_intervention,eurozone,USDC
755,0.7840038457379885,640562.3251173847,622,S6_worst_case_no_intervention,eurozone,USDC
756,0.78775203073503,624548.2669894501,622,S6_worst_case_no_intervention,eurozone,USDC
757,0.7823255328072148,608934.560314714,622,S6_worst_case_no_intervention,eurozone,USDC
758,0.7769703259837293,593711.1963068461,622,S6_worst_case_no_intervention,eurozone,USDC
759,0.7790128171572706,578868.416399175,622,S6_worst_case_no_intervention,eurozone,USDC
760,0.7705766530061858,564396.7059891955,622,S6_worst_case_no_intervention,eurozone,USDC
761,0.7946964985663433,550286.7883394656,622,S6_worst_case_no_intervention,eurozone,USDC
762,0.7766209836981828,536529.618630979,622,S6_worst_case_no_intervention,eurozone,USDC
763,0.7672881428198777,523116.3781652045,622,S6_worst_case_no_intervention,eurozone,USDC
764,0.77688924447092,510038.46871107444,622,S6_worst_case_no_intervention,eurozone,USDC
765,0.7937117993910275,497287.5069932976,622,S6_worst_case_no_intervention,eurozone,USDC
766,0.790658493446435,484855.3193184651,622,S6_worst_case_no_intervention,eurozone,USDC
767,0.7979504796414785,472733.93633550353,622,S6_worst_case_no_intervention,eurozone,USDC
768,0.810357290529625,460915.58792711596,622,S6_worst_case_no_intervention,eurozone,USDC
769,0.8181810445920585,449392.69822893804,622,S6_worst_case_no_intervention,eurozone,USDC
770,0.797357119503235,438157.8807732146,622,S6_worst_case_no_intervention,eurozone,USDC
771,0.8014994588519866,427203.9337538843,622,S6_worst_case_no_intervention,eurozone,USDC
772,0.7944123267923341,416523.8354100372,622,S6_worst_case_no_intervention,eurozone,USDC
773,0.8037310423234233,406110.7395247862,622,S6_worst_case_no_intervention,eurozone,USDC
774,0.8038455895352665,395957.97103666654,622,S6_worst_case_no_intervention,eurozone,USDC
775,0.8026770609500705,386059.0217607499,622,S6_worst_case_no_intervention,eurozone,USDC
776,0.8176341475152445,376407.54621673113,622,S6_worst_case_no_intervention,eurozone,USDC
777,0.7929813798950237,366997.35756131285,622,S6_worst_case_no_intervention,eurozone,USDC
778,0.7715509213467948,357822.42362228007,622,S6_worst_case_no_intervention,eurozone,USDC
779,0.7639271410324354,348876.86303172307,622,S6_worst_case_no_intervention,eurozone,USDC
780,0.7755715065281406,340154.94145592995,622,S6_worst_case_no_intervention,eurozone,USDC
781,0.7823631881180592,331651.0679195317,622,S6_worst_case_no_intervention,eurozone,USDC
782,0.7416728729750226,323359.79122154345,622,S6_worst_case_no_intervention,eurozone,USDC
783,0.7673497173063389,315275.79644100484,622,S6_worst_case_no_intervention,eurozone,USDC
784,0.7749446387331009,307393.9015299798,622,S6_worst_case_no_intervention,eurozone,USDC
785,0.7683651793297146,299709.05399173027,622,S6_worst_case_no_intervention,eurozone,USDC
786,0.7783713781159692,292216.327641937,622,S6_worst_case_no_intervention,eurozone,USDC
787,0.7880402666410268,284910.9194508886,622,S6_worst_case_no_intervention,eurozone,USDC
788,0.7903717163351849,277788.14646461635,622,S6_worst_case_no_intervention,eurozone,USDC
789,0.769308938123888,270843.4428030009,622,S6_worst_case_no_intervention,eurozone,USDC
790,0.788428970695505,264072.3567329259,622,S6_worst_case_no_intervention,eurozone,USDC
791,0.8007755396122517,257470.54781460276,622,S6_worst_case_no_intervention,eurozone,USDC
792,0.781070632683559,251033.7841192377,622,S6_worst_case_no_intervention,eurozone,USDC
793,0.7904272300988131,244757.93951625677,622,S6_worst_case_no_intervention,eurozone,USDC
794,0.7977216769430528,238638.9910283503,622,S6_worst_case_no_intervention,eurozone,USDC
795,0.7883731449086882,232673.0162526416,622,S6_worst_case_no_intervention,eurozone,USDC
796,0.8122134466085583,226856.19084632554,622,S6_worst_case_no_intervention,eurozone,USDC
797,0.7785886833233634,221184.7860751674,622,S6_worst_case_no_intervention,eurozone,USDC
798,0.7713627173408424,215655.16642328823,622,S6_worst_case_no_intervention,eurozone,USDC
799,0.7801141633640032,210263.78726270603,622,S6_worst_case_no_intervention,eurozone,USDC
800,0.7889491826361106,205007.19258113834,622,S6_worst_case_no_intervention,eurozone,USDC
801,0.7821692055728129,199882.0127666099,622,S6_worst_case_no_intervention,eurozone,USDC
802,0.7898220950629787,194884.96244744465,622,S6_worst_case_no_intervention,eurozone,USDC
803,0.7959873450669709,190012.83838625852,622,S6_worst_case_no_intervention,eurozone,USDC
804,0.773261521981225,185262.51742660208,622,S6_worst_case_no_intervention,eurozone,USDC
805,0.786757502650252,180630.954490937,622,S6_worst_case_no_intervention,eurozone,USDC
806,0.7912270066866037,176115.18062866357,622,S6_worst_case_no_intervention,eurozone,USDC
807,0.7985768805239517,171712.301112947,622,S6_worst_case_no_intervention,eurozone,USDC
808,0.7966002623445041,167419.4935851233,622,S6_worst_case_no_intervention,eurozone,USDC
809,0.7993635693927107,163234.00624549523,622,S6_worst_case_no_intervention,eurozone,USDC
810,0.798913372534335,159153.15608935786,622,S6_worst_case_no_intervention,eurozone,USDC
811,0.7968456504308021,155174.32718712388,622,S6_worst_case_no_intervention,eurozone,USDC
812,0.7971103650872189,151294.9690074458,622,S6_worst_case_no_intervention,eurozone,USDC
813,0.7893167158459818,147512.59478225966,622,S6_worst_case_no_intervention,eurozone,USDC
814,0.7800268906331411,143824.77991270315,622,S6_worst_case_no_intervention,eurozone,USDC
815,0.793785590513257,140229.16041488558,622,S6_worst_case_no_intervention,eurozone,USDC
816,0.77338090081685,136723.43140451345,622,S6_worst_case_no_intervention,eurozone,USDC
817,0.7688932558148794,133305.3456194006,622,S6_worst_case_no_intervention,eurozone,USDC
818,0.7515593923696345,129972.71197891561,622,S6_worst_case_no_intervention,eurozone,USDC
819,0.7446278321827885,126723.39417944272,622,S6_worst_case_no_intervention,eurozone,USDC
820,0.7641043633136364,123555.30932495664,622,S6_worst_case_no_intervention,eurozone,USDC
821,0.7573185682733229,120466.42659183271,622,S6_worst_case_no_intervention,eurozone,USDC
822,0.7451422778288499,117454.7659270369,622,S6_worst_case_no_intervention,eurozone,USDC
823,0.7235416158159528,114518.39677886097,622,S6_worst_case_no_intervention,eurozone,USDC
824,0.7258435671235292,111655.43685938945,622,S6_worst_case_no_intervention,eurozone,USDC
825,0.7538880930384291,108864.05093790471,622,S6_worst_case_no_intervention,eurozone,USDC
826,0.7696515197993331,106142.44966445709,622,S6_worst_case_no_intervention,eurozone,USDC
827,0.7656444188959226,103488.88842284566,622,S6_worst_case_no_intervention,eurozone,USDC
828,0.7625041619093681,100901.66621227452,622,S6_worst_case_no_intervention,eurozone,USDC
829,0.7631287009616143,98379.12455696767,622,S6_worst_case_no_intervention,eurozone,USDC
830,0.779583695978489,95919.64644304346,622,S6_worst_case_no_intervention,eurozone,USDC
831,0.7868932814198718,93521.65528196738,622,S6_worst_case_no_intervention,eurozone,USDC
832,0.7664881253720367,91183.6138999182,622,S6_worst_case_no_intervention,eurozone,USDC
833,0.7747733340519755,88904.02355242024,622,S6_worst_case_no_intervention,eurozone,USDC
834,0.7659446481608324,86681.42296360973,622,S6_worst_case_no_intervention,eurozone,USDC
835,0.7811177541426035,84514.3873895195,622,S6_worst_case_no_intervention,eurozone,USDC
836,0.7925855937656738,82401.52770478152,622,S6_worst_case_no_intervention,eurozone,USDC
837,0.8117461892125801,80341.48951216198,622,S6_worst_case_no_intervention,eurozone,USDC
838,0.827862298109683,78332.95227435793,622,S6_worst_case_no_intervention,eurozone,USDC
839,0.7912524257059815,76374.62846749899,622,S6_worst_case_no_intervention,eurozone,USDC
840,0.7931809646710699,74465.2627558115,622,S6_worst_case_no_intervention,eurozone,USDC
841,0.7659724175924011,72603.63118691622,622,S6_worst_case_no_intervention,eurozone,USDC
842,0.7679012439857239,70788.54040724332,622,S6_worst_case_no_intervention,eurozone,USDC
843,0.761530935509069,69018.82689706224,622,S6_worst_case_no_intervention,eurozone,USDC
844,0.7579146509437411,67293.35622463569,622,S6_worst_case_no_intervention,eurozone,USDC
845,0.7271184661457256,65611.02231901979,622,S6_worst_case_no_intervention,eurozone,USDC
846,0.7351594156277939,63970.7467610443,622,S6_worst_case_no_intervention,eurozone,USDC
847,0.7481342820066721,62371.47809201818,622,S6_worst_case_no_intervention,eurozone,USDC
848,0.7485362368308416,60812.19113971773,622,S6_worst_case_no_intervention,eurozone,USDC
849,0.756399938567035,59291.88636122479,622,S6_worst_case_no_intervention,eurozone,USDC
850,0.7687480694120549,57809.58920219417,622,S6_worst_case_no_intervention,eurozone,USDC
851,0.7830824773504826,56364.349472139314,622,S6_worst_case_no_intervention,eurozone,USDC
852,0.6951949642078691,54955.24073533583,622,S6_worst_case_no_intervention,eurozone,USDC
853,0.6874177858099717,53581.35971695243,622,S6_worst_case_no_intervention,eurozone,USDC
854,0.6863679974826619,52241.82572402862,622,S6_worst_case_no_intervention,eurozone,USDC
855,0.6921225528694954,50935.7800809279,622,S6_worst_case_no_intervention,eurozone,USDC
856,0.6721348849148994,49662.38557890471,622,S6_worst_case_no_intervention,eurozone,USDC
857,0.6676588018040723,48420.82593943209,622,S6_worst_case_no_intervention,eurozone,USDC
858,0.6693860425806609,47210.305290946286,622,S6_worst_case_no_intervention,eurozone,USDC
859,0.6749009696969626,46030.04765867263,622,S6_worst_case_no_intervention,eurozone,USDC
860,0.6972718663958748,44879.296467205815,622,S6_worst_case_no_intervention,eurozone,USDC
861,0.6876749225699684,43757.31405552567,622,S6_worst_case_no_intervention,eurozone,USDC
862,0.690625499611076,42663.38120413753,622,S6_worst_case_no_intervention,eurozone,USDC
863,0.7113232883084278,41596.79667403409,622,S6_worst_case_no_intervention,eurozone,USDC
864,0.7337663411545751,40556.876757183236,622,S6_worst_case_no_intervention,eurozone,USDC
865,0.7320574036264438,39542.95483825365,622,S6_worst_case_no_intervention,eurozone,USDC
866,0.7491527754434532,38554.380967297315,622,S6_worst_case_no_intervention,eurozone,USDC
867,0.7578008299126666,37590.521443114885,622,S6_worst_case_no_intervention,eurozone,USDC
868,0.7442585284901092,36650.75840703701,622,S6_worst_case_no_intervention,eurozone,USDC
869,0.7493539805583225,35734.48944686109,622,S6_worst_case_no_intervention,eurozone,USDC
870,0.7700902854560132,34841.127210689556,622,S6_worst_case_no_intervention,eurozone,USDC
871,0.7938495879513529,33970.099030422316,622,S6_worst_case_no_intervention,eurozone,USDC
872,0.8039092465398835,33120.846554661766,622,S6_worst_case_no_intervention,eurozone,USDC
873,0.7806262922180102,32292.825390795217,622,S6_worst_case_no_intervention,eurozone,USDC
874,0.7828578914361908,31485.504756025337,622,S6_worst_case_no_intervention,eurozone,USDC
875,0.7668036991625284,30698.367137124704,622,S6_worst_case_no_intervention,eurozone,USDC
876,0.7745106727504313,29930.907958696585,622,S6_worst_case_no_intervention,eurozone,USDC
877,0.7693899936462496,29182.63525972917,622,S6_worst_case_no_intervention,eurozone,USDC
878,0.8095244909436415,28453.06937823594,622,S6_worst_case_no_intervention,eurozone,USDC
879,0.7933860652812752,27741.742643780046,622,S6_worst_case_no_intervention,eurozone,USDC
880,0.7969723438921619,27048.199077685545,622,S6_worst_case_no_intervention,eurozone,USDC
881,0.7872278165606323,26371.994100743403,622,S6_worst_case_no_intervention,eurozone,USDC
882,0.7933820376177854,25712.694248224816,622,S6_worst_case_no_intervention,eurozone,USDC
883,0.7903072985842992,25069.876892019198,622,S6_worst_case_no_intervention,eurozone,USDC
884,0.8062383049227106,24443.129969718717,622,S6_worst_case_no_intervention,eurozone,USDC
885,0.8112306769536857,23832.05172047575,622,S6_worst_case_no_intervention,eurozone,USDC
886,0.7876012987098585,23236.250427463856,622,S6_worst_case_no_intervention,eurozone,USDC
887,0.7840494383345307,22655.34416677726,622,S6_worst_case_no_intervention,eurozone,USDC
888,0.794239107234659,22088.96056260783,622,S6_worst_case_no_intervention,eurozone,USDC
889,0.7847307219865948,21536.736548542634,622,S6_worst_case_no_intervention,eurozone,USDC
890,0.7955832669359764,20998.318134829067,622,S6_worst_case_no_intervention,eurozone,USDC
891,0.7909656224304276,20473.36018145834,622,S6_worst_case_no_intervention,eurozone,USDC
892,0.808792200670382,19961.52617692188,622,S6_worst_case_no_intervention,eurozone,USDC
893,0.8066782437456067,19462.488022498834,622,S6_worst_case_no_intervention,eurozone,USDC
894,0.8132839655832288,18975.925821936366,622,S6_worst_case_no_intervention,eurozone,USDC
895,0.7912471075783304,18501.527676387956,622,S6_worst_case_no_intervention,eurozone,USDC
896,0.7936185698293391,18038.989484478254,622,S6_worst_case_no_intervention,eurozone,USDC
897,0.7985909953021858,17588.014747366302,622,S6_worst_case_no_intervention,eurozone,USDC
898,0.7905315856864934,17148.314378682142,622,S6_worst_case_no_intervention,eurozone,USDC
899,0.7886579549696522,16719.60651921509,622,S6_worst_case_no_intervention,eurozone,USDC
900,0.7930913761100244,16301.616356234712,622,S6_worst_case_no_intervention,eurozone,USDC
901,0.8110983802156901,15894.075947328844,622,S6_worst_case_no_intervention,eurozone,USDC
902,0.8413759991751413,15496.724048645623,622,S6_worst_case_no_intervention,eurozone,USDC
903,0.8429664163591909,15109.305947429482,622,S6_worst_case_no_intervention,eurozone,USDC
904,0.841449519037954,14731.573298743744,622,S6_worst_case_no_intervention,eurozone,USDC
905,0.8193479834284457,14363.28396627515,622,S6_worst_case_no_intervention,eurozone,USDC
906,0.8163471630374882,14004.201867118272,622,S6_worst_case_no_intervention,eurozone,USDC
907,0.8112315304409266,13654.096820440316,622,S6_worst_case_no_intervention,eurozone,USDC
908,0.803921131247057,13312.744399929306,622,S6_worst_case_no_intervention,eurozone,USDC
909,0.821522917013923,12979.925789931072,622,S6_worst_case_no_intervention,eurozone,USDC
910,0.8248043099624026,12655.427645182797,622,S6_worst_case_no_intervention,eurozone,USDC
911,0.8033050798078117,12339.041954053226,622,S6_worst_case_no_intervention,eurozone,USDC
912,0.7867415526179331,12030.565905201896,622,S6_worst_case_no_intervention,eurozone,USDC
913,0.8241086026479405,11729.801757571848,622,S6_worst_case_no_intervention,eurozone,USDC
914,0.8320107759998078,11436.556713632552,622,S6_worst_case_no_intervention,eurozone,USDC
915,0.8229847368606855,11150.642795791739,622,S6_worst_case_no_intervention,eurozone,USDC
916,0.8128067197526252,10871.876725896946,622,S6_worst_case_no_intervention,eurozone,USDC
917,0.8194600643531303,10600.07980774952,622,S6_worst_case_no_intervention,eurozone,USDC
918,0.8337224746286126,10335.077812555783,622,S6_worst_case_no_intervention,eurozone,USDC
919,0.8215069853429454,10076.700867241889,622,S6_worst_case_no_intervention,eurozone,USDC
920,0.8281521740081549,9824.783345560842,622,S6_worst_case_no_intervention,eurozone,USDC
921,0.8174679307958708,9579.16376192182,622,S6_worst_case_no_intervention,eurozone,USDC
922,0.8179613166744613,9339.684667873775,622,S6_worst_case_no_intervention,eurozone,USDC
923,0.8332552917330719,9106.19255117693,622,S6_worst_case_no_intervention,eurozone,USDC
924,0.8370652371259282,8878.537737397506,622,S6_worst_case_no_intervention,eurozone,USDC
925,0.8502403763325753,8656.574293962569,622,S6_worst_case_no_intervention,eurozone,USDC
926,0.8364415704897322,8440.159936613505,622,S6_worst_case_no_intervention,eurozone,USDC
927,0.8397048369386185,8229.155938198168,622,S6_worst_case_no_intervention,eurozone,USDC
928,0.8507668610033057,8023.427039743212,622,S6_worst_case_no_intervention,eurozone,USDC
929,0.8263797097929995,7822.841363749632,622,S6_worst_case_no_intervention,eurozone,USDC
930,0.8285978974396161,7627.270329655892,622,S6_worst_case_no_intervention,eurozone,USDC
931,0.828333667732778,7436.588571414493,622,S6_worst_case_no_intervention,eurozone,USDC
932,0.7970794198885116,7250.673857129132,622,S6_worst_case_no_intervention,eurozone,USDC
933,0.6537334807293876,7069.407010700905,622,S6_worst_case_no_intervention,eurozone,USDC
934,0.6476654526061496,6892.671835433382,622,S6_worst_case_no_intervention,eurozone,USDC
935,0.6374105824143882,6720.355039547547,622,S6_worst_case_no_intervention,eurozone,USDC
936,0.6693526541958278,6552.346163558859,622,S6_worst_case_no_intervention,eurozone,USDC
937,0.6866418786122319,6388.537509469887,622,S6_worst_case_no_intervention,eurozone,USDC
938,0.7027029152387292,6228.82407173314,622,S6_worst_case_no_intervention,eurozone,USDC
939,0.7240623354865698,6073.1034699398115,622,S6_worst_case_no_intervention,eurozone,USDC
940,0.7191249724772768,5921.275883191316,622,S6_worst_case_no_intervention,eurozone,USDC
941,0.7368645421026092,5773.243986111533,622,S6_worst_case_no_intervention,eurozone,USDC
942,0.7418803145859014,5628.912886458745,622,S6_worst_case_no_intervention,eurozone,USDC
943,0.7486218989203106,5488.190064297276,622,S6_worst_case_no_intervention,eurozone,USDC
944,0.7573282104766492,5350.985312689843,622,S6_worst_case_no_intervention,eurozone,USDC
945,0.7608987446914596,5217.210679872598,622,S6_worst_case_no_intervention,eurozone,USDC
946,0.7475248649284273,5086.7804128757825,622,S6_worst_case_no_intervention,eurozone,USDC
947,0.7519344406242854,4959.610902553888,622,S6_worst_case_no_intervention,eurozone,USDC
948,0.7424059541431322,4835.620629990041,622,S6_worst_case_no_intervention,eurozone,USDC
949,0.7567563171514673,4714.73011424029,622,S6_worst_case_no_intervention,eurozone,USDC
950,0.7642348863613984,4596.861861384283,622,S6_worst_case_no_intervention,eurozone,USDC
951,0.7960564269868176,4481.940314849676,622,S6_worst_case_no_intervention,eurozone,USDC
952,0.7754243361797198,4369.891806978434,622,S6_worst_case_no_intervention,eurozone,USDC
953,0.7910758175877466,4260.644511803974,622,S6_worst_case_no_intervention,eurozone,USDC
954,0.7748081969014751,4154.128399008874,622,S6_worst_case_no_intervention,eurozone,USDC
955,0.7785335545439435,4050.275189033652,622,S6_worst_case_no_intervention,eurozone,USDC
956,0.7701002828983028,3949.0183093078103,622,S6_worst_case_no_intervention,eurozone,USDC
957,0.7757248668550764,3850.2928515751155,622,S6_worst_case_no_intervention,eurozone,USDC
958,0.7803432679505354,3754.0355302857374,622,S6_worst_case_no_intervention,eurozone,USDC
959,0.7591147716161993,3660.1846420285938,622,S6_worst_case_no_intervention,eurozone,USDC
960,0.7471398368943347,3568.6800259778793,622,S6_worst_case_no_intervention,eurozone,USDC
961,0.7311403650349128,3479.463025328432,622,S6_worst_case_no_intervention,eurozone,USDC
962,0.7658847767954085,3392.476449695222,622,S6_worst_case_no_intervention,eurozone,USDC
963,0.7637717654312228,3307.664538452841,622,S6_worst_case_no_intervention,eurozone,USDC
964,0.7787553792672846,3224.972924991521,622,S6_worst_case_no_intervention,eurozone,USDC
965,0.7743448762020523,3144.3486018667327,622,S6_worst_case_no_intervention,eurozone,USDC
966,0.7967399705154914,3065.7398868200644,622,S6_worst_case_no_intervention,eurozone,USDC
967,0.7915273627174365,2989.0963896495628,622,S6_worst_case_no_intervention,eurozone,USDC
968,0.8024879544274216,2914.3689799083236,622,S6_worst_case_no_intervention,eurozone,USDC
969,0.7857041813067336,2841.5097554106155,622,S6_worst_case_no_intervention,eurozone,USDC
970,0.7831683051838784,2770.47201152535,622,S6_worst_case_no_intervention,eurozone,USDC
971,0.7860263960998642,2701.2102112372163,622,S6_worst_case_no_intervention,eurozone,USDC
972,0.780909369344996,2633.679955956286,622,S6_worst_case_no_intervention,eurozone,USDC
973,0.782340177131172,2567.837957057379,622,S6_worst_case_no_intervention,eurozone,USDC
974,0.8033579428876543,2503.6420081309443,622,S6_worst_case_no_intervention,eurozone,USDC
975,0.7922836173890927,2441.0509579276704,622,S6_worst_case_no_intervention,eurozone,USDC
976,0.7947924014864265,2380.024683979479,622,S6_worst_case_no_intervention,eurozone,USDC
977,0.7852038125807823,2320.5240668799916,622,S6_worst_case_no_intervention,eurozone,USDC
978,0.8238597089002094,2262.510965207992,622,S6_worst_case_no_intervention,eurozone,USDC
979,0.8418601436992738,2205.948191077792,622,S6_worst_case_no_intervention,eurozone,USDC
980,0.845128772346058,2150.7994863008475,622,S6_worst_case_no_intervention,eurozone,USDC
981,0.8298480032817395,2097.0294991433266,622,S6_worst_case_no_intervention,eurozone,USDC
982,0.83870643711541,2044.6037616647432,622,S6_worst_case_no_intervention,eurozone,USDC
983,0.852016209909626,1993.4886676231245,622,S6_worst_case_no_intervention,eurozone,USDC
984,0.824499150120212,1943.6514509325466,622,S6_worst_case_no_intervention,eurozone,USDC
985,0.8358158696259456,1895.0601646592327,622,S6_worst_case_no_intervention,eurozone,USDC
986,0.8407582467068399,1847.6836605427518,622,S6_worst_case_no_intervention,eurozone,USDC
987,0.8325214648183891,1801.4915690291832,622,S6_worst_case_no_intervention,eurozone,USDC
988,0.8431610971474248,1756.4542798034536,622,S6_worst_case_no_intervention,eurozone,USDC
989,0.8289546219421284,1712.5429228083672,622,S6_worst_case_no_intervention,eurozone,USDC
990,0.8509325485303193,1669.7293497381581,622,S6_worst_case_no_intervention,eurozone,USDC
991,0.8350438513456406,1627.9861159947045,622,S6_worst_case_no_intervention,eurozone,USDC
992,0.7750648555354663,1587.2864630948368,622,S6_worst_case_no_intervention,eurozone,USDC
993,0.7612007511273325,1547.6043015174657,622,S6_worst_case_no_intervention,eurozone,USDC
994,0.7742609154795093,1508.914193979529,622,S6_worst_case_no_intervention,eurozone,USDC
995,0.743577123388913,1471.191339130041,622,S6_worst_case_no_intervention,eurozone,USDC
996,0.7501053034337178,1434.41155565179,622,S6_worst_case_no_intervention,eurozone,USDC
997,0.7537797497817302,1398.5512667604953,622,S6_worst_case_no_intervention,eurozone,USDC
998,0.7543155048300955,1363.5874850914827,622,S6_worst_case_no_intervention,eurozone,USDC
999,0.7662306098889863,1329.4977979641958,622,S6_worst_case_no_intervention,eurozone,USDC
1000,0.7612591444220232,1296.2603530150907,622,S6_worst_case_no_intervention,eurozone,USDC
