Step,price,liquidity,iteration,scenario,region,coin
1,0.9854807178314676,6300000000000.0,758,S6_worst_case_no_intervention,eurozone,USDC
2,0.9865611406795487,6300000000000.0,758,S6_worst_case_no_intervention,eurozone,USDC
3,0.9636658663221225,6300000000000.0,758,S6_worst_case_no_intervention,eurozone,USDC
4,0.9364375374042095,6299196881006.978,758,S6_worst_case_no_intervention,eurozone,USDC
5,0.9661924214069721,6294934622865.973,758,S6_worst_case_no_intervention,eurozone,USDC
6,0.9648320514206747,6294496801721.408,758,S6_worst_case_no_intervention,eurozone,USDC
7,0.9496662895677146,6293913158465.486,758,S6_worst_case_no_intervention,eurozone,USDC
8,0.9514283043061873,6291399468319.859,758,S6_worst_case_no_intervention,eurozone,USDC
9,0.9560778907313991,6289151728938.156,758,S6_worst_case_no_intervention,eurozone,USDC
10,0.9487050737813434,6287573390420.148,758,S6_worst_case_no_intervention,eurozone,USDC
11,0.9578030869958232,6285138430191.273,758,S6_worst_case_no_intervention,eurozone,USDC
12,0.9584956258993674,6283789152692.891,758,S6_worst_case_no_intervention,eurozone,USDC
13,0.9864266036374851,6282534860854.677,758,S6_worst_case_no_intervention,eurozone,USDC
14,1.0007948966731441,6282534860854.677,758,S6_worst_case_no_intervention,eurozone,USDC
15,0.9955585346486766,6282534860854.677,758,S6_worst_case_no_intervention,eurozone,USDC
16,1.0333195301679394,6282534860854.677,758,S6_worst_case_no_intervention,eurozone,USDC
17,1.027657228865159,6282534860854.677,758,S6_worst_case_no_intervention,eurozone,USDC
18,1.0268979272799335,6282534860854.677,758,S6_worst_case_no_intervention,eurozone,USDC
19,1.034045563055561,6282534860854.677,758,S6_worst_case_no_intervention,eurozone,USDC
20,1.012200717840413,6282534860854.677,758,S6_worst_case_no_intervention,eurozone,USDC
21,1.0261604285260122,6282534860854.677,758,S6_worst_case_no_intervention,eurozone,USDC
22,0.9917870677261026,6282534860854.677,758,S6_worst_case_no_intervention,eurozone,USDC
23,0.9749216666280296,6282534860854.677,758,S6_worst_case_no_intervention,eurozone,USDC
24,0.9959497268338683,6282534860854.677,758,S6_worst_case_no_intervention,eurozone,USDC
25,0.9656664259641041,6282534860854.677,758,S6_worst_case_no_intervention,eurozone,USDC
26,0.9720215071967543,6282091247253.521,758,S6_worst_case_no_intervention,eurozone,USDC
27,0.9744996890948023,6282091247253.521,758,S6_worst_case_no_intervention,eurozone,USDC
28,0.9928971106653998,6282091247253.521,758,S6_worst_case_no_intervention,eurozone,USDC
29,0.9785486527824439,6282091247253.521,758,S6_worst_case_no_intervention,eurozone,USDC
30,0.9680399900259296,6282091247253.521,758,S6_worst_case_no_intervention,eurozone,USDC
31,0.9638802668617391,6281872834962.051,758,S6_worst_case_no_intervention,eurozone,USDC
32,0.9883589275562429,6281192264897.271,758,S6_worst_case_no_intervention,eurozone,USDC
33,0.9764689191078622,6281192264897.271,758,S6_worst_case_no_intervention,eurozone,USDC
34,1.0340058223816015,6281192264897.271,758,S6_worst_case_no_intervention,eurozone,USDC
35,1.0309764120299134,6281192264897.271,758,S6_worst_case_no_intervention,eurozone,USDC
36,1.0507873856783891,6281192264897.271,758,S6_worst_case_no_intervention,eurozone,USDC
37,1.0210062538479923,6281192264897.271,758,S6_worst_case_no_intervention,eurozone,USDC
38,1.005851773832089,6281192264897.271,758,S6_worst_case_no_intervention,eurozone,USDC
39,0.9727002320659949,6281192264897.271,758,S6_worst_case_no_intervention,eurozone,USDC
40,0.9999875027658243,6281192264897.271,758,S6_worst_case_no_intervention,eurozone,USDC
41,0.9885378752896365,6281192264897.271,758,S6_worst_case_no_intervention,eurozone,USDC
42,1.0070090570753147,6281192264897.271,758,S6_worst_case_no_intervention,eurozone,USDC
43,1.0356936300573065,6281192264897.271,758,S6_worst_case_no_intervention,eurozone,USDC
44,1.020608701242435,6281192264897.271,758,S6_worst_case_no_intervention,eurozone,USDC
45,1.0320858302509097,6281192264897.271,758,S6_worst_case_no_intervention,eurozone,USDC
46,1.0238730546048747,6281192264897.271,758,S6_worst_case_no_intervention,eurozone,USDC
47,0.9864969038201687,6281192264897.271,758,S6_worst_case_no_intervention,eurozone,USDC
48,1.0202051664085836,6281192264897.271,758,S6_worst_case_no_intervention,eurozone,USDC
49,1.0197369342394418,6281192264897.271,758,S6_worst_case_no_intervention,eurozone,USDC
50,1.0212467607856537,6281192264897.271,758,S6_worst_case_no_intervention,eurozone,USDC
51,0.9850169317030384,6281192264897.271,758,S6_worst_case_no_intervention,eurozone,USDC
52,0.9884096189430484,6281192264897.271,758,S6_worst_case_no_intervention,eurozone,USDC
53,0.993942332436903,6281192264897.271,758,S6_worst_case_no_intervention,eurozone,USDC
54,0.9994011336798101,6281192264897.271,758,S6_worst_case_no_intervention,eurozone,USDC
55,1.0139902418642566,6281192264897.271,758,S6_worst_case_no_intervention,eurozone,USDC
56,1.0094215832812141,6281192264897.271,758,S6_worst_case_no_intervention,eurozone,USDC
57,0.9975614784219491,6281192264897.271,758,S6_worst_case_no_intervention,eurozone,USDC
58,1.0134426073944174,6281192264897.271,758,S6_worst_case_no_intervention,eurozone,USDC
59,1.0432751504472395,6281192264897.271,758,S6_worst_case_no_intervention,eurozone,USDC
60,1.0540902323774277,6281192264897.271,758,S6_worst_case_no_intervention,eurozone,USDC
61,1.0309305896070773,6281192264897.271,758,S6_worst_case_no_intervention,eurozone,USDC
62,1.0361274184614655,6281192264897.271,758,S6_worst_case_no_intervention,eurozone,USDC
63,1.0363295881869454,6281192264897.271,758,S6_worst_case_no_intervention,eurozone,USDC
64,1.0452401950465409,6281192264897.271,758,S6_worst_case_no_intervention,eurozone,USDC
65,1.0338192326876234,6281192264897.271,758,S6_worst_case_no_intervention,eurozone,USDC
66,1.0119665484473366,6281192264897.271,758,S6_worst_case_no_intervention,eurozone,USDC
67,1.0261090509542115,6281192264897.271,758,S6_worst_case_no_intervention,eurozone,USDC
68,1.059021180048563,6281192264897.271,758,S6_worst_case_no_intervention,eurozone,USDC
69,1.0763281511619132,6281192264897.271,758,S6_worst_case_no_intervention,eurozone,USDC
70,1.0693325821766047,6281192264897.271,758,S6_worst_case_no_intervention,eurozone,USDC
71,1.059901489917514,6281192264897.271,758,S6_worst_case_no_intervention,eurozone,USDC
72,1.057264484141291,6281192264897.271,758,S6_worst_case_no_intervention,eurozone,USDC
73,1.0528840222130804,6281192264897.271,758,S6_worst_case_no_intervention,eurozone,USDC
74,1.0399139086542444,6281192264897.271,758,S6_worst_case_no_intervention,eurozone,USDC
75,1.0607945839758175,6281192264897.271,758,S6_worst_case_no_intervention,eurozone,USDC
76,1.0235033937392384,6281192264897.271,758,S6_worst_case_no_intervention,eurozone,USDC
77,1.0479200799075044,6281192264897.271,758,S6_worst_case_no_intervention,eurozone,USDC
78,1.0184421346443244,6281192264897.271,758,S6_worst_case_no_intervention,eurozone,USDC
79,1.004373652510132,6281192264897.271,758,S6_worst_case_no_intervention,eurozone,USDC
80,1.017996128276415,6281192264897.271,758,S6_worst_case_no_intervention,eurozone,USDC
81,0.9902373469295965,6281192264897.271,758,S6_worst_case_no_intervention,eurozone,USDC
82,0.9754121552467707,6281192264897.271,758,S6_worst_case_no_intervention,eurozone,USDC
83,0.9995177216445553,6281192264897.271,758,S6_worst_case_no_intervention,eurozone,USDC
84,1.047161052774373,6281192264897.271,758,S6_worst_case_no_intervention,eurozone,USDC
85,1.0316684506254965,6281192264897.271,758,S6_worst_case_no_intervention,eurozone,USDC
86,1.0246869742349014,6281192264897.271,758,S6_worst_case_no_intervention,eurozone,USDC
87,1.0233068979630882,6281192264897.271,758,S6_worst_case_no_intervention,eurozone,USDC
88,1.0316857259955012,6281192264897.271,758,S6_worst_case_no_intervention,eurozone,USDC
89,1.018165255211729,6281192264897.271,758,S6_worst_case_no_intervention,eurozone,USDC
90,1.020148167413015,6281192264897.271,758,S6_worst_case_no_intervention,eurozone,USDC
91,1.0041988363989305,6281192264897.271,758,S6_worst_case_no_intervention,eurozone,USDC
92,1.0241478792214418,6281192264897.271,758,S6_worst_case_no_intervention,eurozone,USDC
93,1.0205306047728122,6281192264897.271,758,S6_worst_case_no_intervention,eurozone,USDC
94,1.0279861491990316,6281192264897.271,758,S6_worst_case_no_intervention,eurozone,USDC
95,1.039046060863378,6281192264897.271,758,S6_worst_case_no_intervention,eurozone,USDC
96,1.0184912850531374,6281192264897.271,758,S6_worst_case_no_intervention,eurozone,USDC
97,1.022892503512205,6281192264897.271,758,S6_worst_case_no_intervention,eurozone,USDC
98,1.0065996325454158,6281192264897.271,758,S6_worst_case_no_intervention,eurozone,USDC
99,0.9949650793810058,6281192264897.271,758,S6_worst_case_no_intervention,eurozone,USDC
100,0.9717145740301597,6281192264897.271,758,S6_worst_case_no_intervention,eurozone,USDC
101,0.8214565089158994,6281192264897.271,758,S6_worst_case_no_intervention,eurozone,USDC
102,0.832877932370418,6264777096603.403,758,S6_worst_case_no_intervention,eurozone,USDC
103,0.8313390142806183,6251944577861.477,758,S6_worst_case_no_intervention,eurozone,USDC
104,0.8506725168357258,6241277938810.838,758,S6_worst_case_no_intervention,eurozone,USDC
105,0.8529349915567047,6233264255734.982,758,S6_worst_case_no_intervention,eurozone,USDC
106,0.87641229385096,6226479268020.57,758,S6_worst_case_no_intervention,eurozone,USDC
107,0.8632256965564785,6221513317784.377,758,S6_worst_case_no_intervention,eurozone,USDC
108,0.8728838929173113,6216491368134.184,758,S6_worst_case_no_intervention,eurozone,USDC
109,0.8812694941907288,6212329733111.731,758,S6_worst_case_no_intervention,eurozone,USDC
110,0.9112324229343777,6208979863643.208,758,S6_worst_case_no_intervention,eurozone,USDC
111,0.9197902919779154,6206860604022.18,758,S6_worst_case_no_intervention,eurozone,USDC
112,0.9128664758167576,6205250463952.102,758,S6_worst_case_no_intervention,eurozone,USDC
113,0.9091799744062224,6203409794737.727,758,S6_worst_case_no_intervention,eurozone,USDC
114,0.9136238230064975,6201703449837.605,758,S6_worst_case_no_intervention,eurozone,USDC
115,0.8988746820661039,6200093331702.167,758,S6_worst_case_no_intervention,eurozone,USDC
116,0.92157862813749,6198316051609.327,758,S6_worst_case_no_intervention,eurozone,USDC
117,0.932643235667765,6197102220086.4375,758,S6_worst_case_no_intervention,eurozone,USDC
118,0.9374182922156472,6196212504425.282,758,S6_worst_case_no_intervention,eurozone,USDC
119,0.9027202364030343,6195490229184.184,758,S6_worst_case_no_intervention,eurozone,USDC
120,0.8761942936895927,6194035570891.379,758,S6_worst_case_no_intervention,eurozone,USDC
121,0.861158352864316,6037420208058.209,758,S6_worst_case_no_intervention,eurozone,USDC
122,0.8621371307235148,5884490745418.611,758,S6_worst_case_no_intervention,eurozone,USDC
123,0.8064559774723451,5735624176104.48,758,S6_worst_case_no_intervention,eurozone,USDC
124,0.8047537390408595,5590009331632.455,758,S6_worst_case_no_intervention,eurozone,USDC
125,0.8311150372572343,5448289150109.205,758,S6_worst_case_no_intervention,eurozone,USDC
126,0.8078152285650316,5310731371731.084,758,S6_worst_case_no_intervention,eurozone,USDC
127,0.8128410213329647,5176573929372.16,758,S6_worst_case_no_intervention,eurozone,USDC
128,0.8031258910228141,5046056791866.56,758,S6_worst_case_no_intervention,eurozone,USDC
129,0.8049048959039571,4918875696080.202,758,S6_worst_case_no_intervention,eurozone,USDC
130,0.8076058718557316,4795060356842.915,758,S6_worst_case_no_intervention,eurozone,USDC
131,0.8107461240808135,4674508840465.537,758,S6_worst_case_no_intervention,eurozone,USDC
132,0.7970144639404112,4557081813294.509,758,S6_worst_case_no_intervention,eurozone,USDC
133,0.7765996307214511,4442652626195.49,758,S6_worst_case_no_intervention,eurozone,USDC
134,0.7565826339094667,4331131913126.3965,758,S6_worst_case_no_intervention,eurozone,USDC
135,0.7836651580843965,4222431997398.3066,758,S6_worst_case_no_intervention,eurozone,USDC
136,0.7899134683006945,4116584074459.7173,758,S6_worst_case_no_intervention,eurozone,USDC
137,0.7975654834924222,4013449565719.8086,758,S6_worst_case_no_intervention,eurozone,USDC
138,0.7908652808608323,3912944683423.1484,758,S6_worst_case_no_intervention,eurozone,USDC
139,0.7935089442806913,3814969817885.8076,758,S6_worst_case_no_intervention,eurozone,USDC
140,0.8011265704127851,3719474075692.363,758,S6_worst_case_no_intervention,eurozone,USDC
141,0.8046576365521992,3626394045195.1494,758,S6_worst_case_no_intervention,eurozone,USDC
142,0.8107930119956148,3535658543379.3525,758,S6_worst_case_no_intervention,eurozone,USDC
143,0.8042865938291474,3447208813897.8633,758,S6_worst_case_no_intervention,eurozone,USDC
144,0.8400876119164655,3360977288867.046,758,S6_worst_case_no_intervention,eurozone,USDC
145,0.8220735812473351,3276916983006.7285,758,S6_worst_case_no_intervention,eurozone,USDC
146,0.8019946729383866,3194959423238.0107,758,S6_worst_case_no_intervention,eurozone,USDC
147,0.7700069269401012,3115051964756.0635,758,S6_worst_case_no_intervention,eurozone,USDC
148,0.7921611978220814,3037141878906.8613,758,S6_worst_case_no_intervention,eurozone,USDC
149,0.7709164838661393,2961189975713.2876,758,S6_worst_case_no_intervention,eurozone,USDC
150,0.7681676839258078,2887139131694.122,758,S6_worst_case_no_intervention,eurozone,USDC
151,0.7583732905292591,2814943496670.822,758,S6_worst_case_no_intervention,eurozone,USDC
152,0.7681616701805328,2744554969497.2344,758,S6_worst_case_no_intervention,eurozone,USDC
153,0.7496041389985922,2675930384995.8765,758,S6_worst_case_no_intervention,eurozone,USDC
154,0.775998243877982,2609022947323.6147,758,S6_worst_case_no_intervention,eurozone,USDC
155,0.7687642207114547,2543791032318.306,758,S6_worst_case_no_intervention,eurozone,USDC
156,0.7531341853384833,2480190697039.8315,758,S6_worst_case_no_intervention,eurozone,USDC
157,0.7774888310368242,2418181156316.9893,758,S6_worst_case_no_intervention,eurozone,USDC
158,0.7688009028878029,2357723453188.6646,758,S6_worst_case_no_intervention,eurozone,USDC
159,0.7593524968346876,2298777668776.65,758,S6_worst_case_no_intervention,eurozone,USDC
160,0.7899981305674347,2241305816001.3916,758,S6_worst_case_no_intervention,eurozone,USDC
161,0.782908079971277,2185271651814.2654,758,S6_worst_case_no_intervention,eurozone,USDC
162,0.774287569321567,2130638531120.0618,758,S6_worst_case_no_intervention,eurozone,USDC
163,0.7714880707133306,2077371456849.8396,758,S6_worst_case_no_intervention,eurozone,USDC
164,0.7652549363880644,2025436238189.6157,758,S6_worst_case_no_intervention,eurozone,USDC
165,0.7495883865693497,1974799530124.8242,758,S6_worst_case_no_intervention,eurozone,USDC
166,0.7673138711582237,1925428860648.5542,758,S6_worst_case_no_intervention,eurozone,USDC
167,0.7728727581272619,1877292664668.75,758,S6_worst_case_no_intervention,eurozone,USDC
168,0.76641049211209,1830359980700.6326,758,S6_worst_case_no_intervention,eurozone,USDC
169,0.7566554187875295,1784600671616.3389,758,S6_worst_case_no_intervention,eurozone,USDC
170,0.7588916050273042,1739985413130.884,758,S6_worst_case_no_intervention,eurozone,USDC
171,0.7726800528247201,1696485588257.8582,758,S6_worst_case_no_intervention,eurozone,USDC
172,0.7699787885655666,1654073302210.999,758,S6_worst_case_no_intervention,eurozone,USDC
173,0.779463556694407,1612721353188.4307,758,S6_worst_case_no_intervention,eurozone,USDC
174,0.7700119306787027,1572403226778.9736,758,S6_worst_case_no_intervention,eurozone,USDC
175,0.8073634294662987,1533093072514.6782,758,S6_worst_case_no_intervention,eurozone,USDC
176,0.7953089758555619,1494765697570.1943,758,S6_worst_case_no_intervention,eurozone,USDC
177,0.8099729815852478,1457396511557.2502,758,S6_worst_case_no_intervention,eurozone,USDC
178,0.7909232789802197,1420961564908.8262,758,S6_worst_case_no_intervention,eurozone,USDC
179,0.8023606749048366,1385437493274.6626,758,S6_worst_case_no_intervention,eurozone,USDC
180,0.8299668792242965,1350801531524.7725,758,S6_worst_case_no_intervention,eurozone,USDC
181,0.833048999080476,1317031476606.1353,758,S6_worst_case_no_intervention,eurozone,USDC
182,0.8375812060262227,1284105674723.2373,758,S6_worst_case_no_intervention,eurozone,USDC
183,0.8561528560940482,1252003020678.5298,758,S6_worst_case_no_intervention,eurozone,USDC
184,0.8388977087536147,1220702936489.5928,758,S6_worst_case_no_intervention,eurozone,USDC
185,0.8106281695401639,1190185353774.5693,758,S6_worst_case_no_intervention,eurozone,USDC
186,0.8109179218063021,1160430710329.775,758,S6_worst_case_no_intervention,eurozone,USDC
187,0.7972817376781248,1131419934159.1455,758,S6_worst_case_no_intervention,eurozone,USDC
188,0.7433288893178482,1103134428311.5364,758,S6_worst_case_no_intervention,eurozone,USDC
189,0.7344784124830107,1075556059802.349,758,S6_worst_case_no_intervention,eurozone,USDC
190,0.6430704996646404,1048667151734.466,758,S6_worst_case_no_intervention,eurozone,USDC
191,0.654375235503105,1022450466122.3273,758,S6_worst_case_no_intervention,eurozone,USDC
192,0.6807430272799838,996889200103.1982,758,S6_worst_case_no_intervention,eurozone,USDC
193,0.7078100275535585,971966967219.9166,758,S6_worst_case_no_intervention,eurozone,USDC
194,0.7246386064883445,947667791161.2273,758,S6_worst_case_no_intervention,eurozone,USDC
195,0.7281398202874148,923976095171.613,758,S6_worst_case_no_intervention,eurozone,USDC
196,0.7468700948028785,900876691829.9197,758,S6_worst_case_no_intervention,eurozone,USDC
197,0.7219863430660803,878354773879.654,758,S6_worst_case_no_intervention,eurozone,USDC
198,0.7266050100687792,856395903959.195,758,S6_worst_case_no_intervention,eurozone,USDC
199,0.7431335087825365,834986005948.859,758,S6_worst_case_no_intervention,eurozone,USDC
200,0.762916488814696,814111355505.9006,758,S6_worst_case_no_intervention,eurozone,USDC
201,0.7802990546917236,793758571416.3112,758,S6_worst_case_no_intervention,eurozone,USDC
202,0.7670496747578047,773914606990.5334,758,S6_worst_case_no_intervention,eurozone,USDC
203,0.7492122832190177,754566741685.7349,758,S6_worst_case_no_intervention,eurozone,USDC
204,0.7581814666474175,735702573038.0789,758,S6_worst_case_no_intervention,eurozone,USDC
205,0.7555485165335729,717310008632.657,758,S6_worst_case_no_intervention,eurozone,USDC
206,0.7276897787554675,699377258349.0817,758,S6_worst_case_no_intervention,eurozone,USDC
207,0.7245284634175424,681892826830.7197,758,S6_worst_case_no_intervention,eurozone,USDC
208,0.7242793120868566,664845506114.6304,758,S6_worst_case_no_intervention,eurozone,USDC
209,0.7245987685077302,648224368427.878,758,S6_worst_case_no_intervention,eurozone,USDC
210,0.7298136036437484,632018759193.3295,758,S6_worst_case_no_intervention,eurozone,USDC
211,0.6766503399402722,616218290195.0204,758,S6_worst_case_no_intervention,eurozone,USDC
212,0.6736889969018095,600812832922.7388,758,S6_worst_case_no_intervention,eurozone,USDC
213,0.6516382411004794,585792512088.0808,758,S6_worst_case_no_intervention,eurozone,USDC
214,0.6766112289718186,571147699276.679,758,S6_worst_case_no_intervention,eurozone,USDC
215,0.6733885884127958,556869006789.2289,758,S6_worst_case_no_intervention,eurozone,USDC
216,0.7012674495350619,542947281615.4276,758,S6_worst_case_no_intervention,eurozone,USDC
217,0.7080452289957555,529373599572.33887,758,S6_worst_case_no_intervention,eurozone,USDC
218,0.7275274008078731,516139259581.19794,758,S6_worst_case_no_intervention,eurozone,USDC
219,0.7389119608340303,503235778090.36285,758,S6_worst_case_no_intervention,eurozone,USDC
220,0.763527663593423,490654883637.1708,758,S6_worst_case_no_intervention,eurozone,USDC
221,0.7695860620589592,478388511545.64294,758,S6_worst_case_no_intervention,eurozone,USDC
222,0.7740258521975268,466428798756.52856,758,S6_worst_case_no_intervention,eurozone,USDC
223,0.7907778232887582,454768078787.24365,758,S6_worst_case_no_intervention,eurozone,USDC
224,0.7934269766392705,443398876817.2838,758,S6_worst_case_no_intervention,eurozone,USDC
225,0.8003597890884137,432313904896.62646,758,S6_worst_case_no_intervention,eurozone,USDC
226,0.82662754791585,421506057274.0366,758,S6_worst_case_no_intervention,eurozone,USDC
227,0.8051293520411525,410968405842.0637,758,S6_worst_case_no_intervention,eurozone,USDC
228,0.789689072513543,400694195695.88904,758,S6_worst_case_no_intervention,eurozone,USDC
229,0.7676969311908676,390676840803.3839,758,S6_worst_case_no_intervention,eurozone,USDC
230,0.754557117313618,380909919783.1933,758,S6_worst_case_no_intervention,eurozone,USDC
231,0.7668383987369647,371387171788.52924,758,S6_worst_case_no_intervention,eurozone,USDC
232,0.7745645516004198,362102492493.7532,758,S6_worst_case_no_intervention,eurozone,USDC
233,0.7735994020062118,353049930181.3609,758,S6_worst_case_no_intervention,eurozone,USDC
234,0.7463259176670065,344223681926.7859,758,S6_worst_case_no_intervention,eurozone,USDC
235,0.7586870949531195,335618089878.578,758,S6_worst_case_no_intervention,eurozone,USDC
236,0.7541694837514941,327227637631.5868,758,S6_worst_case_no_intervention,eurozone,USDC
237,0.7728608717180341,319046946690.7747,758,S6_worst_case_no_intervention,eurozone,USDC
238,0.7543374785356449,311070773023.49005,758,S6_worst_case_no_intervention,eurozone,USDC
239,0.7681222486862305,303294003697.8888,758,S6_worst_case_no_intervention,eurozone,USDC
240,0.78677508378691,295711653605.43195,758,S6_worst_case_no_intervention,eurozone,USDC
241,0.7983430047091052,288318862265.2891,758,S6_worst_case_no_intervention,eurozone,USDC
242,0.7964261883058382,281110890708.65137,758,S6_worst_case_no_intervention,eurozone,USDC
243,0.7854346243833381,274083118440.9303,758,S6_worst_case_no_intervention,eurozone,USDC
244,0.7679391047365484,267231040479.90283,758,S6_worst_case_no_intervention,eurozone,USDC
245,0.7581242849306573,260550264467.90173,758,S6_worst_case_no_intervention,eurozone,USDC
246,0.7676992424387699,254036507856.20117,758,S6_worst_case_no_intervention,eurozone,USDC
247,0.7731389951209678,247685595159.79382,758,S6_worst_case_no_intervention,eurozone,USDC
248,0.7767410966718717,241493455280.79718,758,S6_worst_case_no_intervention,eurozone,USDC
249,0.7697260858014089,235456118898.77582,758,S6_worst_case_no_intervention,eurozone,USDC
250,0.7520285714381171,229569715926.3052,758,S6_worst_case_no_intervention,eurozone,USDC
251,0.745871247349803,223830473028.1466,758,S6_worst_case_no_intervention,eurozone,USDC
252,0.7503204028805924,218234711202.44208,758,S6_worst_case_no_intervention,eurozone,USDC
253,0.7189220050923647,212778843422.3804,758,S6_worst_case_no_intervention,eurozone,USDC
254,0.7497706363246485,207459372336.82037,758,S6_worst_case_no_intervention,eurozone,USDC
255,0.7372411832557548,202272888028.39948,758,S6_worst_case_no_intervention,eurozone,USDC
256,0.7369715096919082,197216065827.68918,758,S6_worst_case_no_intervention,eurozone,USDC
257,0.7609975266928235,192285664181.9967,758,S6_worst_case_no_intervention,eurozone,USDC
258,0.7537557365728269,187478522577.44666,758,S6_worst_case_no_intervention,eurozone,USDC
259,0.770312330387653,182791559513.01035,758,S6_worst_case_no_intervention,eurozone,USDC
260,0.7654111130616511,178221770525.185,758,S6_worst_case_no_intervention,eurozone,USDC
261,0.7752704268863498,173766226262.0553,758,S6_worst_case_no_intervention,eurozone,USDC
262,0.7672922883812929,169422070605.50388,758,S6_worst_case_no_intervention,eurozone,USDC
263,0.7758219246025798,165186518840.36627,758,S6_worst_case_no_intervention,eurozone,USDC
264,0.7714912564760522,161056855869.35706,758,S6_worst_case_no_intervention,eurozone,USDC
265,0.7802724293336297,157030434472.6231,758,S6_worst_case_no_intervention,eurozone,USDC
266,0.7659406685324909,153104673610.8075,758,S6_worst_case_no_intervention,eurozone,USDC
267,0.7905597023654162,149277056770.5373,758,S6_worst_case_no_intervention,eurozone,USDC
268,0.7534156858258936,145545130351.27383,758,S6_worst_case_no_intervention,eurozone,USDC
269,0.7554652140198627,141906502092.49197,758,S6_worst_case_no_intervention,eurozone,USDC
270,0.7258295488081172,138358839540.17966,758,S6_worst_case_no_intervention,eurozone,USDC
271,0.7348693094076586,134899868551.67517,758,S6_worst_case_no_intervention,eurozone,USDC
272,0.7404720592881799,131527371837.88327,758,S6_worst_case_no_intervention,eurozone,USDC
273,0.7365064722464125,128239187541.9362,758,S6_worst_case_no_intervention,eurozone,USDC
274,0.7408651978329499,125033207853.3878,758,S6_worst_case_no_intervention,eurozone,USDC
275,0.7456456984579611,121907377657.05312,758,S6_worst_case_no_intervention,eurozone,USDC
276,0.757054080208479,118859693215.62679,758,S6_worst_case_no_intervention,eurozone,USDC
277,0.7822979690105039,115888200885.23611,758,S6_worst_case_no_intervention,eurozone,USDC
278,0.7563467544383223,112990995863.10522,758,S6_worst_case_no_intervention,eurozone,USDC
279,0.7342373132286916,110166220966.52759,758,S6_worst_case_no_intervention,eurozone,USDC
280,0.7469474493821509,107412065442.3644,758,S6_worst_case_no_intervention,eurozone,USDC
281,0.7616468176894197,104726763806.30527,758,S6_worst_case_no_intervention,eurozone,USDC
282,0.7537026199313076,102108594711.14766,758,S6_worst_case_no_intervention,eurozone,USDC
283,0.7363568958083754,99555879843.36896,758,S6_worst_case_no_intervention,eurozone,USDC
284,0.7407637066879296,97066982847.28473,758,S6_worst_case_no_intervention,eurozone,USDC
285,0.7370625905651277,94640308276.10262,758,S6_worst_case_no_intervention,eurozone,USDC
286,0.7518232185947341,92274300569.20006,758,S6_worst_case_no_intervention,eurozone,USDC
287,0.7653565248284184,89967443054.97006,758,S6_worst_case_no_intervention,eurozone,USDC
288,0.7748393073643224,87718256978.59581,758,S6_worst_case_no_intervention,eurozone,USDC
289,0.7744946084469816,85525300554.13092,758,S6_worst_case_no_intervention,eurozone,USDC
290,0.8059736954488472,83387168040.27763,758,S6_worst_case_no_intervention,eurozone,USDC
291,0.8072431457313722,81302488839.27069,758,S6_worst_case_no_intervention,eurozone,USDC
292,0.8058327191720038,79269926618.28894,758,S6_worst_case_no_intervention,eurozone,USDC
293,0.837228844846043,77288178452.83171,758,S6_worst_case_no_intervention,eurozone,USDC
294,0.8146672513960647,75355973991.51093,758,S6_worst_case_no_intervention,eurozone,USDC
295,0.8303404357072275,73472074641.72314,758,S6_worst_case_no_intervention,eurozone,USDC
296,0.8295913762231164,71635272775.68005,758,S6_worst_case_no_intervention,eurozone,USDC
297,0.8238450291251416,69844390956.28806,758,S6_worst_case_no_intervention,eurozone,USDC
298,0.8367179929074106,68098281182.38086,758,S6_worst_case_no_intervention,eurozone,USDC
299,0.8320669119090655,66395824152.821335,758,S6_worst_case_no_intervention,eurozone,USDC
300,0.8135011542412443,64735928549.00081,758,S6_worst_case_no_intervention,eurozone,USDC
301,0.8369013258217521,63117530335.27579,758,S6_worst_case_no_intervention,eurozone,USDC
302,0.8278878031803353,61539592076.89389,758,S6_worst_case_no_intervention,eurozone,USDC
303,0.8201830320646117,60001102274.97154,758,S6_worst_case_no_intervention,eurozone,USDC
304,0.8128549695741535,58501074718.09726,758,S6_worst_case_no_intervention,eurozone,USDC
305,0.8237839483418518,57038547850.14482,758,S6_worst_case_no_intervention,eurozone,USDC
306,0.8443298848792015,55612584153.891205,758,S6_worst_case_no_intervention,eurozone,USDC
307,0.8520461521504088,54222269550.04393,758,S6_worst_case_no_intervention,eurozone,USDC
308,0.836579909278924,52866712811.29282,758,S6_worst_case_no_intervention,eurozone,USDC
309,0.8375613915663683,51545044991.010506,758,S6_worst_case_no_intervention,eurozone,USDC
310,0.8318768194923688,50256418866.235245,758,S6_worst_case_no_intervention,eurozone,USDC
311,0.8471502305036653,49000008394.57936,758,S6_worst_case_no_intervention,eurozone,USDC
312,0.7592739287369896,47775008184.714874,758,S6_worst_case_no_intervention,eurozone,USDC
313,0.760898006823989,46580632980.09701,758,S6_worst_case_no_intervention,eurozone,USDC
314,0.7589886611314842,45416117155.59458,758,S6_worst_case_no_intervention,eurozone,USDC
315,0.7467868513097004,44280714226.70471,758,S6_worst_case_no_intervention,eurozone,USDC
316,0.7400400166986361,43173696371.037094,758,S6_worst_case_no_intervention,eurozone,USDC
317,0.7303072910768402,42094353961.76117,758,S6_worst_case_no_intervention,eurozone,USDC
318,0.7627519292812136,41041995112.71714,758,S6_worst_case_no_intervention,eurozone,USDC
319,0.7847565260334355,40015945234.89921,758,S6_worst_case_no_intervention,eurozone,USDC
320,0.7707380649692628,39015546604.026726,758,S6_worst_case_no_intervention,eurozone,USDC
321,0.787710081883576,38040157938.92606,758,S6_worst_case_no_intervention,eurozone,USDC
322,0.7977435436667859,37089153990.45291,758,S6_worst_case_no_intervention,eurozone,USDC
323,0.8102635991990593,36161925140.69159,758,S6_worst_case_no_intervention,eurozone,USDC
324,0.7850271518863563,35257877012.17429,758,S6_worst_case_no_intervention,eurozone,USDC
325,0.8133014375391091,34376430086.869934,758,S6_worst_case_no_intervention,eurozone,USDC
326,0.8234170750517807,33517019334.69819,758,S6_worst_case_no_intervention,eurozone,USDC
327,0.8138806872724658,32679093851.330734,758,S6_worst_case_no_intervention,eurozone,USDC
328,0.8062824623160768,31862116505.04747,758,S6_worst_case_no_intervention,eurozone,USDC
329,0.8132082419425215,31065563592.42128,758,S6_worst_case_no_intervention,eurozone,USDC
330,0.8457822199658749,30288924502.61075,758,S6_worst_case_no_intervention,eurozone,USDC
331,0.8327235183000725,29531701390.04548,758,S6_worst_case_no_intervention,eurozone,USDC
332,0.8340185016604379,28793408855.294342,758,S6_worst_case_no_intervention,eurozone,USDC
333,0.8291145131001431,28073573633.911987,758,S6_worst_case_no_intervention,eurozone,USDC
334,0.8128135517469486,27371734293.064186,758,S6_worst_case_no_intervention,eurozone,USDC
335,0.797819795523537,26687440935.737583,758,S6_worst_case_no_intervention,eurozone,USDC
336,0.7906371408696364,26020254912.34414,758,S6_worst_case_no_intervention,eurozone,USDC
337,0.7905510056385393,25369748539.535538,758,S6_worst_case_no_intervention,eurozone,USDC
338,0.796125669108429,24735504826.04715,758,S6_worst_case_no_intervention,eurozone,USDC
339,0.7799887805981177,24117117205.39597,758,S6_worst_case_no_intervention,eurozone,USDC
340,0.78971496694255,23514189275.26107,758,S6_worst_case_no_intervention,eurozone,USDC
341,0.8005129053691272,22926334543.379543,758,S6_worst_case_no_intervention,eurozone,USDC
342,0.7912705770181538,22353176179.795055,758,S6_worst_case_no_intervention,eurozone,USDC
343,0.8187648957948191,21794346775.30018,758,S6_worst_case_no_intervention,eurozone,USDC
344,0.8248535544275281,21249488105.917675,758,S6_worst_case_no_intervention,eurozone,USDC
345,0.8265757520202233,20718250903.269733,758,S6_worst_case_no_intervention,eurozone,USDC
346,0.8336690341082218,20200294630.68799,758,S6_worst_case_no_intervention,eurozone,USDC
347,0.8228266670389729,19695287264.920788,758,S6_worst_case_no_intervention,eurozone,USDC
348,0.8254277872428034,19202905083.297768,758,S6_worst_case_no_intervention,eurozone,USDC
349,0.8106808788733724,18722832456.215324,758,S6_worst_case_no_intervention,eurozone,USDC
350,0.8064084363468353,18254761644.80994,758,S6_worst_case_no_intervention,eurozone,USDC
351,0.8280036119881621,17798392603.68969,758,S6_worst_case_no_intervention,eurozone,USDC
352,0.8027273814782241,17353432788.59745,758,S6_worst_case_no_intervention,eurozone,USDC
353,0.8113007029242836,16919596968.882511,758,S6_worst_case_no_intervention,eurozone,USDC
354,0.8374188442273117,16496607044.66045,758,S6_worst_case_no_intervention,eurozone,USDC
355,0.8215260879652843,16084191868.543938,758,S6_worst_case_no_intervention,eurozone,USDC
356,0.8176062015212524,15682087071.83034,758,S6_worst_case_no_intervention,eurozone,USDC
357,0.8041145216337958,15290034895.03458,758,S6_worst_case_no_intervention,eurozone,USDC
358,0.8183972095091634,14907784022.658714,758,S6_worst_case_no_intervention,eurozone,USDC
359,0.7982020342405078,14535089422.092247,758,S6_worst_case_no_intervention,eurozone,USDC
360,0.8210715622701432,14171712186.53994,758,S6_worst_case_no_intervention,eurozone,USDC
361,0.7907380993757503,13817419381.876442,758,S6_worst_case_no_intervention,eurozone,USDC
362,0.7953985408935748,13471983897.329533,758,S6_worst_case_no_intervention,eurozone,USDC
363,0.8286752325651529,13135184299.896294,758,S6_worst_case_no_intervention,eurozone,USDC
364,0.792890158793879,12806804692.398888,758,S6_worst_case_no_intervention,eurozone,USDC
365,0.7829716299458173,12486634575.088917,758,S6_worst_case_no_intervention,eurozone,USDC
366,0.7711191365911773,12174468710.711693,758,S6_worst_case_no_intervention,eurozone,USDC
367,0.7752742977731885,11870106992.943901,758,S6_worst_case_no_intervention,eurozone,USDC
368,0.8177429574143581,11573354318.120302,758,S6_worst_case_no_intervention,eurozone,USDC
369,0.8050645442856922,11284020460.167294,758,S6_worst_case_no_intervention,eurozone,USDC
370,0.7889374648328061,11001919948.663113,758,S6_worst_case_no_intervention,eurozone,USDC
371,0.8036917005425499,10726871949.946535,758,S6_worst_case_no_intervention,eurozone,USDC
372,0.813463676872387,10458700151.197872,758,S6_worst_case_no_intervention,eurozone,USDC
373,0.8173393718451952,10197232647.417925,758,S6_worst_case_no_intervention,eurozone,USDC
374,0.8313090880339858,9942301831.232477,758,S6_worst_case_no_intervention,eurozone,USDC
375,0.8207700687953331,9693744285.451664,758,S6_worst_case_no_intervention,eurozone,USDC
376,0.8359202320984727,9451400678.315372,758,S6_worst_case_no_intervention,eurozone,USDC
377,0.8402869506613454,9215115661.357489,758,S6_worst_case_no_intervention,eurozone,USDC
378,0.8490623544156632,8984737769.823551,758,S6_worst_case_no_intervention,eurozone,USDC
379,0.8654025080385812,8760119325.577961,758,S6_worst_case_no_intervention,eurozone,USDC
380,0.842901908672238,8541116342.438514,758,S6_worst_case_no_intervention,eurozone,USDC
381,0.829513165881793,8327588433.87755,758,S6_worst_case_no_intervention,eurozone,USDC
382,0.8174556002741139,8119398723.030611,758,S6_worst_case_no_intervention,eurozone,USDC
383,0.8217678523566962,7916413754.954845,758,S6_worst_case_no_intervention,eurozone,USDC
384,0.845659418390217,7718503411.080976,758,S6_worst_case_no_intervention,eurozone,USDC
385,0.8320141005187204,7525540825.803951,758,S6_worst_case_no_intervention,eurozone,USDC
386,0.7890195408780905,7337402305.158852,758,S6_worst_case_no_intervention,eurozone,USDC
387,0.7816096495896238,7153967247.529881,758,S6_worst_case_no_intervention,eurozone,USDC
388,0.7976177192007302,6975118066.341634,758,S6_worst_case_no_intervention,eurozone,USDC
389,0.7591441857889628,6800740114.683092,758,S6_worst_case_no_intervention,eurozone,USDC
390,0.7437786120056257,6630721611.816015,758,S6_worst_case_no_intervention,eurozone,USDC
391,0.7308342381109713,6464953571.520615,758,S6_worst_case_no_intervention,eurozone,USDC
392,0.711823662861879,6303329732.232599,758,S6_worst_case_no_intervention,eurozone,USDC
393,0.7324096437507984,6145746488.9267845,758,S6_worst_case_no_intervention,eurozone,USDC
394,0.749395186146905,5992102826.703614,758,S6_worst_case_no_intervention,eurozone,USDC
395,0.7616782804238287,5842300256.036024,758,S6_worst_case_no_intervention,eurozone,USDC
396,0.758151510956947,5696242749.635123,758,S6_worst_case_no_intervention,eurozone,USDC
397,0.7310972408578652,5553836680.894245,758,S6_worst_case_no_intervention,eurozone,USDC
398,0.7338841483401024,5414990763.871889,758,S6_worst_case_no_intervention,eurozone,USDC
399,0.7314053657180176,5279615994.775092,758,S6_worst_case_no_intervention,eurozone,USDC
400,0.7373318443732382,5147625594.905714,758,S6_worst_case_no_intervention,eurozone,USDC
401,0.7465220470277067,5018934955.0330715,758,S6_worst_case_no_intervention,eurozone,USDC
402,0.7285265998877305,4893461581.157245,758,S6_worst_case_no_intervention,eurozone,USDC
403,0.7397280563150237,4771125041.628313,758,S6_worst_case_no_intervention,eurozone,USDC
404,0.7643403972928083,4651846915.587606,758,S6_worst_case_no_intervention,eurozone,USDC
405,0.7461352152958927,4535550742.697916,758,S6_worst_case_no_intervention,eurozone,USDC
406,0.7365713704984325,4422161974.130467,758,S6_worst_case_no_intervention,eurozone,USDC
407,0.7404861486422522,4311607924.777206,758,S6_worst_case_no_intervention,eurozone,USDC
408,0.7628813661454668,4203817726.657776,758,S6_worst_case_no_intervention,eurozone,USDC
409,0.7483740202634533,4098722283.491331,758,S6_worst_case_no_intervention,eurozone,USDC
410,0.7517968155485032,3996254226.4040484,758,S6_worst_case_no_intervention,eurozone,USDC
411,0.7639571009323813,3896347870.743947,758,S6_worst_case_no_intervention,eurozone,USDC
412,0.759093666131871,3798939173.9753485,758,S6_worst_case_no_intervention,eurozone,USDC
413,0.7612811646362291,3703965694.6259646,758,S6_worst_case_no_intervention,eurozone,USDC
414,0.7560691674311718,3611366552.260316,758,S6_worst_case_no_intervention,eurozone,USDC
415,0.768138428613633,3521082388.4538074,758,S6_worst_case_no_intervention,eurozone,USDC
416,0.7714114473022254,3433055328.742462,758,S6_worst_case_no_intervention,eurozone,USDC
417,0.7705692917114061,3347228945.523901,758,S6_worst_case_no_intervention,eurozone,USDC
418,0.7704030645418684,3263548221.8858027,758,S6_worst_case_no_intervention,eurozone,USDC
419,0.7678123853815437,3181959516.3386574,758,S6_worst_case_no_intervention,eurozone,USDC
420,0.77464360450956,3102410528.430191,758,S6_worst_case_no_intervention,eurozone,USDC
421,0.7707369780974164,3024850265.2194366,758,S6_worst_case_no_intervention,eurozone,USDC
422,0.7868535947616656,2949229008.5889506,758,S6_worst_case_no_intervention,eurozone,USDC
423,0.8129592884027452,2875498283.3742266,758,S6_worst_case_no_intervention,eurozone,USDC
424,0.7816699055737016,2803610826.289871,758,S6_worst_case_no_intervention,eurozone,USDC
425,0.7665377872402103,2733520555.6326246,758,S6_worst_case_no_intervention,eurozone,USDC
426,0.7588617920421078,2665182541.741809,758,S6_worst_case_no_intervention,eurozone,USDC
427,0.7737127336819305,2598552978.1982636,758,S6_worst_case_no_intervention,eurozone,USDC
428,0.7700936334512575,2533589153.743307,758,S6_worst_case_no_intervention,eurozone,USDC
429,0.7454182513778849,2470249424.8997245,758,S6_worst_case_no_intervention,eurozone,USDC
430,0.7544446812235187,2408493189.277231,758,S6_worst_case_no_intervention,eurozone,USDC
431,0.7525100478646568,2348280859.5453005,758,S6_worst_case_no_intervention,eurozone,USDC
432,0.7706483185873444,2289573838.056668,758,S6_worst_case_no_intervention,eurozone,USDC
433,0.8038581364334697,2232334492.105251,758,S6_worst_case_no_intervention,eurozone,USDC
434,0.8134241907073367,2176526129.80262,758,S6_worst_case_no_intervention,eurozone,USDC
435,0.8145465830414216,2122112976.5575542,758,S6_worst_case_no_intervention,eurozone,USDC
436,0.8248715896081712,2069060152.1436155,758,S6_worst_case_no_intervention,eurozone,USDC
437,0.7366493904119974,2017333648.3400252,758,S6_worst_case_no_intervention,eurozone,USDC
438,0.7528582551938312,1966900307.1315246,758,S6_worst_case_no_intervention,eurozone,USDC
439,0.7751877271071499,1917727799.4532366,758,S6_worst_case_no_intervention,eurozone,USDC
440,0.7617795939245415,1869784604.4669054,758,S6_worst_case_no_intervention,eurozone,USDC
441,0.7477409334186206,1823039989.3552327,758,S6_worst_case_no_intervention,eurozone,USDC
442,0.7515214520686377,1777463989.6213517,758,S6_worst_case_no_intervention,eurozone,USDC
443,0.7562030421143424,1733027389.880818,758,S6_worst_case_no_intervention,eurozone,USDC
444,0.7414495113717203,1689701705.1337976,758,S6_worst_case_no_intervention,eurozone,USDC
445,0.7129234614858431,1647459162.5054526,758,S6_worst_case_no_intervention,eurozone,USDC
446,0.7536668795729016,1606272683.4428163,758,S6_worst_case_no_intervention,eurozone,USDC
447,0.7499287552252697,1566115866.356746,758,S6_worst_case_no_intervention,eurozone,USDC
448,0.7542305739970755,1526962969.6978273,758,S6_worst_case_no_intervention,eurozone,USDC
449,0.7034984154921422,1488788895.4553816,758,S6_worst_case_no_intervention,eurozone,USDC
450,0.728228108667403,1451569173.0689971,758,S6_worst_case_no_intervention,eurozone,USDC
451,0.721287456027926,1415279943.7422721,758,S6_worst_case_no_intervention,eurozone,USDC
452,0.7427462546926804,1379897945.1487155,758,S6_worst_case_no_intervention,eurozone,USDC
453,0.7273956819709714,1345400496.5199976,758,S6_worst_case_no_intervention,eurozone,USDC
454,0.734616055021823,1311765484.1069975,758,S6_worst_case_no_intervention,eurozone,USDC
455,0.7411933014973672,1278971347.0043225,758,S6_worst_case_no_intervention,eurozone,USDC
456,0.7485731277032561,1246997063.3292146,758,S6_worst_case_no_intervention,eurozone,USDC
457,0.7583208231726688,1215822136.745984,758,S6_worst_case_no_intervention,eurozone,USDC
458,0.751388773039473,1185426583.3273344,758,S6_worst_case_no_intervention,eurozone,USDC
459,0.762093244513364,1155790918.744151,758,S6_worst_case_no_intervention,eurozone,USDC
460,0.7882752917516623,1126896145.7755475,758,S6_worst_case_no_intervention,eurozone,USDC
461,0.8039198118455483,1098723742.1311588,758,S6_worst_case_no_intervention,eurozone,USDC
462,0.7972607511805112,1071255648.5778799,758,S6_worst_case_no_intervention,eurozone,USDC
463,0.80761490141548,1044474257.3634329,758,S6_worst_case_no_intervention,eurozone,USDC
464,0.8120245663107513,1018362400.929347,758,S6_worst_case_no_intervention,eurozone,USDC
465,0.7953577526491515,992903340.9061134,758,S6_worst_case_no_intervention,eurozone,USDC
466,0.7964712352688375,968080757.3834605,758,S6_worst_case_no_intervention,eurozone,USDC
467,0.7843646535270742,943878738.448874,758,S6_worst_case_no_intervention,eurozone,USDC
468,0.7813567383630048,920281769.9876523,758,S6_worst_case_no_intervention,eurozone,USDC
469,0.8069303921704686,897274725.7379608,758,S6_worst_case_no_intervention,eurozone,USDC
470,0.8191150402723536,874842857.5945119,758,S6_worst_case_no_intervention,eurozone,USDC
471,0.8186257434116055,852971786.154649,758,S6_worst_case_no_intervention,eurozone,USDC
472,0.7953978812852874,831647491.5007827,758,S6_worst_case_no_intervention,eurozone,USDC
473,0.7585503812996528,810856304.2132633,758,S6_worst_case_no_intervention,eurozone,USDC
474,0.7962674142000629,790584896.6079317,758,S6_worst_case_no_intervention,eurozone,USDC
475,0.7906941931864381,770820274.1927334,758,S6_worst_case_no_intervention,eurozone,USDC
476,0.7936979419921861,751549767.3379151,758,S6_worst_case_no_intervention,eurozone,USDC
477,0.7973980721303668,732761023.1544671,758,S6_worst_case_no_intervention,eurozone,USDC
478,0.7922803364093155,714441997.5756055,758,S6_worst_case_no_intervention,eurozone,USDC
479,0.8011493301520959,696580947.6362153,758,S6_worst_case_no_intervention,eurozone,USDC
480,0.8393902767533645,679166423.94531,758,S6_worst_case_no_intervention,eurozone,USDC
481,0.8462137089611181,662187263.3466772,758,S6_worst_case_no_intervention,eurozone,USDC
482,0.8229725945912243,645632581.7630103,758,S6_worst_case_no_intervention,eurozone,USDC
483,0.8163675569705378,629491767.218935,758,S6_worst_case_no_intervention,eurozone,USDC
484,0.8502508025252296,613754473.0384617,758,S6_worst_case_no_intervention,eurozone,USDC
485,0.8200106398226454,598410611.2125001,758,S6_worst_case_no_intervention,eurozone,USDC
486,0.8183725184434003,583450345.9321876,758,S6_worst_case_no_intervention,eurozone,USDC
487,0.8087680244514932,568864087.2838829,758,S6_worst_case_no_intervention,eurozone,USDC
488,0.8295750241791419,554642485.1017859,758,S6_worst_case_no_intervention,eurozone,USDC
489,0.8156179188251083,540776422.9742411,758,S6_worst_case_no_intervention,eurozone,USDC
490,0.8115324283325945,527257012.3998851,758,S6_worst_case_no_intervention,eurozone,USDC
491,0.8029049075287811,514075587.08988804,758,S6_worst_case_no_intervention,eurozone,USDC
492,0.7836817122742002,501223697.4126408,758,S6_worst_case_no_intervention,eurozone,USDC
493,0.7723330867068475,488693104.9773248,758,S6_worst_case_no_intervention,eurozone,USDC
494,0.7839555844112187,476475777.3528916,758,S6_worst_case_no_intervention,eurozone,USDC
495,0.7764987205023839,464563882.9190694,758,S6_worst_case_no_intervention,eurozone,USDC
496,0.8038447978049417,452949785.8460926,758,S6_worst_case_no_intervention,eurozone,USDC
497,0.790125675319209,441626041.1999403,758,S6_worst_case_no_intervention,eurozone,USDC
498,0.7822846997639572,430585390.1699418,758,S6_worst_case_no_intervention,eurozone,USDC
499,0.7818392485329767,419820755.4156933,758,S6_worst_case_no_intervention,eurozone,USDC
500,0.7879468031809694,409325236.530301,758,S6_worst_case_no_intervention,eurozone,USDC
501,0.8099037023189789,399092105.61704344,758,S6_worst_case_no_intervention,eurozone,USDC
502,0.7908249893558337,389114802.97661734,758,S6_worst_case_no_intervention,eurozone,USDC
503,0.7913779131247624,379386932.9022019,758,S6_worst_case_no_intervention,eurozone,USDC
504,0.7747709033357016,369902259.5796468,758,S6_worst_case_no_intervention,eurozone,USDC
505,0.7820131049635929,360654703.09015566,758,S6_worst_case_no_intervention,eurozone,USDC
506,0.773289987757635,351638335.5129018,758,S6_worst_case_no_intervention,eurozone,USDC
507,0.7687526223791782,342847377.1250793,758,S6_worst_case_no_intervention,eurozone,USDC
508,0.7683473140247826,334276192.6969522,758,S6_worst_case_no_intervention,eurozone,USDC
509,0.7831517893452394,325919287.8795284,758,S6_worst_case_no_intervention,eurozone,USDC
510,0.7994193593970457,317771305.68254024,758,S6_worst_case_no_intervention,eurozone,USDC
511,0.7438511193831784,309827023.0404767,758,S6_worst_case_no_intervention,eurozone,USDC
512,0.7472893322956105,302081347.4644648,758,S6_worst_case_no_intervention,eurozone,USDC
513,0.7379906860836504,294529313.7778532,758,S6_worst_case_no_intervention,eurozone,USDC
514,0.7600339667450079,287166080.93340683,758,S6_worst_case_no_intervention,eurozone,USDC
515,0.7568003811244967,279986928.9100717,758,S6_worst_case_no_intervention,eurozone,USDC
516,0.7610449354660792,272987255.6873199,758,S6_worst_case_no_intervention,eurozone,USDC
517,0.7828282256883612,266162574.29513687,758,S6_worst_case_no_intervention,eurozone,USDC
518,0.7751378577245832,259508509.93775845,758,S6_worst_case_no_intervention,eurozone,USDC
519,0.7811128633832389,253020797.18931448,758,S6_worst_case_no_intervention,eurozone,USDC
520,0.7803636145236796,246695277.25958163,758,S6_worst_case_no_intervention,eurozone,USDC
521,0.7710331941750166,240527895.32809207,758,S6_worst_case_no_intervention,eurozone,USDC
522,0.7735882336902495,234514697.94488978,758,S6_worst_case_no_intervention,eurozone,USDC
523,0.7779112689481827,228651830.49626756,758,S6_worst_case_no_intervention,eurozone,USDC
524,0.7919894784549997,222935534.73386088,758,S6_worst_case_no_intervention,eurozone,USDC
525,0.7930315912739668,217362146.36551434,758,S6_worst_case_no_intervention,eurozone,USDC
526,0.7819111987575279,211928092.7063765,758,S6_worst_case_no_intervention,eurozone,USDC
527,0.7650140130388405,206629890.38871706,758,S6_worst_case_no_intervention,eurozone,USDC
528,0.7517694501425739,201464143.12899917,758,S6_worst_case_no_intervention,eurozone,USDC
529,0.7594718686236883,196427539.55077416,758,S6_worst_case_no_intervention,eurozone,USDC
530,0.7650195680460687,191516851.0620048,758,S6_worst_case_no_intervention,eurozone,USDC
531,0.7637887467266622,186728929.7854547,758,S6_worst_case_no_intervention,eurozone,USDC
532,0.7709223866802359,182060706.54081833,758,S6_worst_case_no_intervention,eurozone,USDC
533,0.7755328685592247,177509188.87729788,758,S6_worst_case_no_intervention,eurozone,USDC
534,0.8051667211311558,173071459.1553654,758,S6_worst_case_no_intervention,eurozone,USDC
535,0.797902124421665,168744672.67648128,758,S6_worst_case_no_intervention,eurozone,USDC
536,0.7874225615768105,164526055.85956925,758,S6_worst_case_no_intervention,eurozone,USDC
537,0.7976064476748209,160412904.46308002,758,S6_worst_case_no_intervention,eurozone,USDC
538,0.7979084544636318,156402581.851503,758,S6_worst_case_no_intervention,eurozone,USDC
539,0.8042304851803875,152492517.30521545,758,S6_worst_case_no_intervention,eurozone,USDC
540,0.7919099626781066,148680204.37258506,758,S6_worst_case_no_intervention,eurozone,USDC
541,0.7774275893830189,144963199.26327044,758,S6_worst_case_no_intervention,eurozone,USDC
542,0.7775317190941547,141339119.28168866,758,S6_worst_case_no_intervention,eurozone,USDC
543,0.7486149625608437,137805641.29964644,758,S6_worst_case_no_intervention,eurozone,USDC
544,0.7412384769945194,134360500.2671553,758,S6_worst_case_no_intervention,eurozone,USDC
545,0.7337554162712608,131001487.76047641,758,S6_worst_case_no_intervention,eurozone,USDC
546,0.720044526397331,127726450.56646451,758,S6_worst_case_no_intervention,eurozone,USDC
547,0.7404491621428171,124533289.3023029,758,S6_worst_case_no_intervention,eurozone,USDC
548,0.7277575874018172,121419957.06974533,758,S6_worst_case_no_intervention,eurozone,USDC
549,0.7366241581804184,118384458.1430017,758,S6_worst_case_no_intervention,eurozone,USDC
550,0.7618518180826663,115424846.68942668,758,S6_worst_case_no_intervention,eurozone,USDC
551,0.7625916809345159,112539225.52219099,758,S6_worst_case_no_intervention,eurozone,USDC
552,0.7770223123505199,109725744.88413623,758,S6_worst_case_no_intervention,eurozone,USDC
553,0.7766305675109384,106982601.2620328,758,S6_worst_case_no_intervention,eurozone,USDC
554,0.7623714128971867,104308036.23048201,758,S6_worst_case_no_intervention,eurozone,USDC
555,0.777864864617955,101700335.32471994,758,S6_worst_case_no_intervention,eurozone,USDC
556,0.7720830493911849,99157826.94160196,758,S6_worst_case_no_intervention,eurozone,USDC
557,0.7846631397729263,96678881.26806189,758,S6_worst_case_no_intervention,eurozone,USDC
558,0.7809433814467894,94261909.23636034,758,S6_worst_case_no_intervention,eurozone,USDC
559,0.7863520473782707,91905361.50545134,758,S6_worst_case_no_intervention,eurozone,USDC
560,0.764806825658243,89607727.46781506,758,S6_worst_case_no_intervention,eurozone,USDC
561,0.776766894844775,87367534.28111969,758,S6_worst_case_no_intervention,eurozone,USDC
562,0.796460036606821,85183345.9240917,758,S6_worst_case_no_intervention,eurozone,USDC
563,0.7957434967643251,83053762.2759894,758,S6_worst_case_no_intervention,eurozone,USDC
564,0.8188567912913952,80977418.21908966,758,S6_worst_case_no_intervention,eurozone,USDC
565,0.7921690172553325,78952982.76361242,758,S6_worst_case_no_intervention,eurozone,USDC
566,0.7938697728493547,76979158.19452211,758,S6_worst_case_no_intervention,eurozone,USDC
567,0.8168526115513042,75054679.23965906,758,S6_worst_case_no_intervention,eurozone,USDC
568,0.791129663919751,73178312.25866757,758,S6_worst_case_no_intervention,eurozone,USDC
569,0.7951990973723525,71348854.45220089,758,S6_worst_case_no_intervention,eurozone,USDC
570,0.7902604834661118,69565133.09089586,758,S6_worst_case_no_intervention,eurozone,USDC
571,0.7993981466121608,67826004.76362346,758,S6_worst_case_no_intervention,eurozone,USDC
572,0.7931003514449907,66130354.64453288,758,S6_worst_case_no_intervention,eurozone,USDC
573,0.790273065972266,64477095.778419554,758,S6_worst_case_no_intervention,eurozone,USDC
574,0.8011785042208377,62865168.38395907,758,S6_worst_case_no_intervention,eurozone,USDC
575,0.7873770683291916,61293539.17436009,758,S6_worst_case_no_intervention,eurozone,USDC
576,0.8085639279425632,59761200.69500109,758,S6_worst_case_no_intervention,eurozone,USDC
577,0.8022823846843524,58267170.67762606,758,S6_worst_case_no_intervention,eurozone,USDC
578,0.8260585912167053,56810491.41068541,758,S6_worst_case_no_intervention,eurozone,USDC
579,0.8257772036534197,55390229.125418276,758,S6_worst_case_no_intervention,eurozone,USDC
580,0.8121191284588442,54005473.39728282,758,S6_worst_case_no_intervention,eurozone,USDC
581,0.8288723515528583,52655336.56235075,758,S6_worst_case_no_intervention,eurozone,USDC
582,0.8291112993308822,51338953.148291975,758,S6_worst_case_no_intervention,eurozone,USDC
583,0.8436141500144946,50055479.31958468,758,S6_worst_case_no_intervention,eurozone,USDC
584,0.8274681555085073,48804092.33659506,758,S6_worst_case_no_intervention,eurozone,USDC
585,0.7785068841121879,47583990.02818018,758,S6_worst_case_no_intervention,eurozone,USDC
586,0.7634833763944733,46394390.27747568,758,S6_worst_case_no_intervention,eurozone,USDC
587,0.7667528296399955,45234530.520538785,758,S6_worst_case_no_intervention,eurozone,USDC
588,0.7662640879675272,44103667.25752532,758,S6_worst_case_no_intervention,eurozone,USDC
589,0.7574790358995245,43001075.576087184,758,S6_worst_case_no_intervention,eurozone,USDC
590,0.7744277048155375,41926048.686685,758,S6_worst_case_no_intervention,eurozone,USDC
591,0.7829064359411227,40877897.46951788,758,S6_worst_case_no_intervention,eurozone,USDC
592,0.7931990751325535,39855950.03277993,758,S6_worst_case_no_intervention,eurozone,USDC
593,0.794372831472974,38859551.281960435,758,S6_worst_case_no_intervention,eurozone,USDC
594,0.7628479279904471,37888062.49991142,758,S6_worst_case_no_intervention,eurozone,USDC
595,0.7781414944185328,36940860.93741363,758,S6_worst_case_no_intervention,eurozone,USDC
596,0.7728424134702347,36017339.41397829,758,S6_worst_case_no_intervention,eurozone,USDC
597,0.7924989480348368,35116905.92862884,758,S6_worst_case_no_intervention,eurozone,USDC
598,0.8228745564046529,34238983.28041312,758,S6_worst_case_no_intervention,eurozone,USDC
599,0.8151717191779632,33383008.698402785,758,S6_worst_case_no_intervention,eurozone,USDC
600,0.8064619636705318,32548433.48094272,758,S6_worst_case_no_intervention,eurozone,USDC
601,0.810918332320357,31734722.64391915,758,S6_worst_case_no_intervention,eurozone,USDC
602,0.8063976928016172,30941354.577821173,758,S6_worst_case_no_intervention,eurozone,USDC
603,0.8293434646492147,30167820.713375643,758,S6_worst_case_no_intervention,eurozone,USDC
604,0.8055045538145044,29413625.195541255,758,S6_worst_case_no_intervention,eurozone,USDC
605,0.799984694243154,28678284.56565272,758,S6_worst_case_no_intervention,eurozone,USDC
606,0.7986295101854839,27961327.451511405,758,S6_worst_case_no_intervention,eurozone,USDC
607,0.7894285322138961,27262294.265223615,758,S6_worst_case_no_intervention,eurozone,USDC
608,0.7656230595580236,26580736.908593025,758,S6_worst_case_no_intervention,eurozone,USDC
609,0.7984153873107384,25916218.4858782,758,S6_worst_case_no_intervention,eurozone,USDC
610,0.7786910453821132,25268313.023731247,758,S6_worst_case_no_intervention,eurozone,USDC
611,0.7908788127409546,24636605.198137965,758,S6_worst_case_no_intervention,eurozone,USDC
612,0.7900687384134341,24020690.068184517,758,S6_worst_case_no_intervention,eurozone,USDC
613,0.7815445465980295,23420172.816479903,758,S6_worst_case_no_intervention,eurozone,USDC
614,0.7892864346286441,22834668.496067904,758,S6_worst_case_no_intervention,eurozone,USDC
615,0.8045663421258904,22263801.78366621,758,S6_worst_case_no_intervention,eurozone,USDC
616,0.8038692474612517,21707206.739074554,758,S6_worst_case_no_intervention,eurozone,USDC
617,0.7962462776760415,21164526.57059769,758,S6_worst_case_no_intervention,eurozone,USDC
618,0.768719632876682,20635413.406332746,758,S6_worst_case_no_intervention,eurozone,USDC
619,0.7861998204040046,20119528.071174428,758,S6_worst_case_no_intervention,eurozone,USDC
620,0.7707033418924502,19616539.86939507,758,S6_worst_case_no_intervention,eurozone,USDC
621,0.8056343886937927,19126126.372660194,758,S6_worst_case_no_intervention,eurozone,USDC
622,0.8103461849191251,18647973.213343687,758,S6_worst_case_no_intervention,eurozone,USDC
623,0.7996749182559432,18181773.883010093,758,S6_worst_case_no_intervention,eurozone,USDC
624,0.7938106294203078,17727229.535934843,758,S6_worst_case_no_intervention,eurozone,USDC
625,0.7881464463484968,17284048.79753647,758,S6_worst_case_no_intervention,eurozone,USDC
626,0.818944388872289,16851947.577598058,758,S6_worst_case_no_intervention,eurozone,USDC
627,0.8351919132545572,16430648.888158109,758,S6_worst_case_no_intervention,eurozone,USDC
628,0.8236967826851512,16019882.665954156,758,S6_worst_case_no_intervention,eurozone,USDC
629,0.8184486675561722,15619385.599305302,758,S6_worst_case_no_intervention,eurozone,USDC
630,0.7998762443157797,15228900.959322672,758,S6_worst_case_no_intervention,eurozone,USDC
631,0.8205009378003494,14848178.435339604,758,S6_worst_case_no_intervention,eurozone,USDC
632,0.8192238769758817,14476973.974456113,758,S6_worst_case_no_intervention,eurozone,USDC
633,0.7868044530797821,14115049.62509471,758,S6_worst_case_no_intervention,eurozone,USDC
634,0.7776956564767918,13762173.384467341,758,S6_worst_case_no_intervention,eurozone,USDC
635,0.7801432416133139,13418119.049855657,758,S6_worst_case_no_intervention,eurozone,USDC
636,0.7887300151371475,13082666.073609266,758,S6_worst_case_no_intervention,eurozone,USDC
637,0.7846208932707778,12755599.421769034,758,S6_worst_case_no_intervention,eurozone,USDC
638,0.7579674492371957,12436709.436224809,758,S6_worst_case_no_intervention,eurozone,USDC
639,0.737739705898347,12125791.700319188,758,S6_worst_case_no_intervention,eurozone,USDC
640,0.7297041270963414,11822646.907811208,758,S6_worst_case_no_intervention,eurozone,USDC
641,0.7104719843375538,11527080.735115927,758,S6_worst_case_no_intervention,eurozone,USDC
642,0.7439896065653285,11238903.71673803,758,S6_worst_case_no_intervention,eurozone,USDC
643,0.7378049866004577,10957931.123819578,758,S6_worst_case_no_intervention,eurozone,USDC
644,0.7598571055350569,10683982.84572409,758,S6_worst_case_no_intervention,eurozone,USDC
645,0.7689602858134131,10416883.274580987,758,S6_worst_case_no_intervention,eurozone,USDC
646,0.7684097972317222,10156461.192716463,758,S6_worst_case_no_intervention,eurozone,USDC
647,0.7811058410926218,9902549.662898552,758,S6_worst_case_no_intervention,eurozone,USDC
648,0.772408369709914,9654985.921326088,758,S6_worst_case_no_intervention,eurozone,USDC
649,0.7525369412009442,9413611.273292936,758,S6_worst_case_no_intervention,eurozone,USDC
650,0.7506706730019234,9178270.991460612,758,S6_worst_case_no_intervention,eurozone,USDC
651,0.7896560637587638,8948814.216674097,758,S6_worst_case_no_intervention,eurozone,USDC
652,0.7731982986967834,8725093.861257244,758,S6_worst_case_no_intervention,eurozone,USDC
653,0.773859447764982,8506966.514725814,758,S6_worst_case_no_intervention,eurozone,USDC
654,0.7481045921799043,8294292.35185767,758,S6_worst_case_no_intervention,eurozone,USDC
655,0.7403405556785341,8086935.043061227,758,S6_worst_case_no_intervention,eurozone,USDC
656,0.7394859541616604,7884761.666984696,758,S6_worst_case_no_intervention,eurozone,USDC
657,0.7195550499887966,7687642.62531008,758,S6_worst_case_no_intervention,eurozone,USDC
658,0.7156268892877983,7495451.559677328,758,S6_worst_case_no_intervention,eurozone,USDC
659,0.7378268007290493,7308065.270685394,758,S6_worst_case_no_intervention,eurozone,USDC
660,0.7481201152992667,7125363.63891826,758,S6_worst_case_no_intervention,eurozone,USDC
661,0.7498065681897501,6947229.547945302,758,S6_worst_case_no_intervention,eurozone,USDC
662,0.7464619108335255,6773548.80924667,758,S6_worst_case_no_intervention,eurozone,USDC
663,0.764288870260363,6604210.089015503,758,S6_worst_case_no_intervention,eurozone,USDC
664,0.7507935493952418,6439104.836790116,758,S6_worst_case_no_intervention,eurozone,USDC
665,0.7565921915431676,6278127.215870364,758,S6_worst_case_no_intervention,eurozone,USDC
666,0.7624493686436206,6121174.035473604,758,S6_worst_case_no_intervention,eurozone,USDC
667,0.7583390973745513,5968144.684586764,758,S6_worst_case_no_intervention,eurozone,USDC
668,0.7928057532452086,5818941.067472095,758,S6_worst_case_no_intervention,eurozone,USDC
669,0.803164490572554,5673467.540785292,758,S6_worst_case_no_intervention,eurozone,USDC
670,0.8145149998098986,5531630.852265661,758,S6_worst_case_no_intervention,eurozone,USDC
671,0.8152623184700979,5393340.080959018,758,S6_worst_case_no_intervention,eurozone,USDC
672,0.7960713227481482,5258506.578935044,758,S6_worst_case_no_intervention,eurozone,USDC
673,0.7897592433312748,5127043.914461667,758,S6_worst_case_no_intervention,eurozone,USDC
674,0.7739884720747734,4998867.816600125,758,S6_worst_case_no_intervention,eurozone,USDC
675,0.7795888121616004,4873896.121185122,758,S6_worst_case_no_intervention,eurozone,USDC
676,0.7779508431640911,4752048.718155494,758,S6_worst_case_no_intervention,eurozone,USDC
677,0.780801058321312,4633247.500201607,758,S6_worst_case_no_intervention,eurozone,USDC
678,0.8055737081834111,4517416.312696567,758,S6_worst_case_no_intervention,eurozone,USDC
679,0.7889272631447896,4404480.904879153,758,S6_worst_case_no_intervention,eurozone,USDC
680,0.7836455879431344,4294368.882257174,758,S6_worst_case_no_intervention,eurozone,USDC
681,0.7760804395972567,4187009.660200745,758,S6_worst_case_no_intervention,eurozone,USDC
682,0.7869605384137556,4082334.4186957264,758,S6_worst_case_no_intervention,eurozone,USDC
683,0.8247100124225973,3980276.0582283335,758,S6_worst_case_no_intervention,eurozone,USDC
684,0.8089871371267489,3880769.1567726247,758,S6_worst_case_no_intervention,eurozone,USDC
685,0.8401784760466654,3783749.9278533095,758,S6_worst_case_no_intervention,eurozone,USDC
686,0.8028744481779022,3689156.179656977,758,S6_worst_case_no_intervention,eurozone,USDC
687,0.7968309365506843,3596927.2751655523,758,S6_worst_case_no_intervention,eurozone,USDC
688,0.8026779658676403,3507004.0932864132,758,S6_worst_case_no_intervention,eurozone,USDC
689,0.7801201564616643,3419328.990954253,758,S6_worst_case_no_intervention,eurozone,USDC
690,0.7863698905042198,3333845.766180397,758,S6_worst_case_no_intervention,eurozone,USDC
691,0.7745709844779118,3250499.6220258866,758,S6_worst_case_no_intervention,eurozone,USDC
692,0.7757863973142579,3169237.1314752395,758,S6_worst_case_no_intervention,eurozone,USDC
693,0.7846720241665892,3090006.203188359,758,S6_worst_case_no_intervention,eurozone,USDC
694,0.7930785775621995,3012756.04810865,758,S6_worst_case_no_intervention,eurozone,USDC
695,0.8023289175557428,2937437.1469059335,758,S6_worst_case_no_intervention,eurozone,USDC
696,0.7969812075442626,2864001.2182332855,758,S6_worst_case_no_intervention,eurozone,USDC
697,0.7731543955639942,2792401.187777453,758,S6_worst_case_no_intervention,eurozone,USDC
698,0.773751701028169,2722591.1580830165,758,S6_worst_case_no_intervention,eurozone,USDC
699,0.7668960211895705,2654526.379130941,758,S6_worst_case_no_intervention,eurozone,USDC
700,0.788948775232681,2588163.2196526676,758,S6_worst_case_no_intervention,eurozone,USDC
701,0.8001613843162033,2523459.139161351,758,S6_worst_case_no_intervention,eurozone,USDC
702,0.7708714808402716,2460372.6606823173,758,S6_worst_case_no_intervention,eurozone,USDC
703,0.773910760146257,2398863.344165259,758,S6_worst_case_no_intervention,eurozone,USDC
704,0.7821442561341374,2338891.7605611277,758,S6_worst_case_no_intervention,eurozone,USDC
705,0.7783272420514051,2280419.4665470994,758,S6_worst_case_no_intervention,eurozone,USDC
706,0.7978451919091113,2223408.979883422,758,S6_worst_case_no_intervention,eurozone,USDC
707,0.7774770825589384,2167823.7553863367,758,S6_worst_case_no_intervention,eurozone,USDC
708,0.7790881656745623,2113628.161501678,758,S6_worst_case_no_intervention,eurozone,USDC
709,0.782118353144622,2060787.4574641362,758,S6_worst_case_no_intervention,eurozone,USDC
710,0.77295561593382,2009267.7710275329,758,S6_worst_case_no_intervention,eurozone,USDC
711,0.7654805176076219,1959036.0767518443,758,S6_worst_case_no_intervention,eurozone,USDC
712,0.755455650180727,1910060.1748330481,758,S6_worst_case_no_intervention,eurozone,USDC
713,0.7695912895710569,1862308.6704622223,758,S6_worst_case_no_intervention,eurozone,USDC
714,0.8005378015654734,1815750.9537006663,758,S6_worst_case_no_intervention,eurozone,USDC
715,0.7885801671974549,1770357.1798581497,758,S6_worst_case_no_intervention,eurozone,USDC
716,0.8042795255526892,1726098.250361696,758,S6_worst_case_no_intervention,eurozone,USDC
717,0.829899497081442,1682945.7941026536,758,S6_worst_case_no_intervention,eurozone,USDC
718,0.8256863256263569,1640872.149250087,758,S6_worst_case_no_intervention,eurozone,USDC
719,0.8414028399470893,1599850.3455188351,758,S6_worst_case_no_intervention,eurozone,USDC
720,0.8240175100507838,1559854.086880864,758,S6_worst_case_no_intervention,eurozone,USDC
721,0.834615770026101,1520857.7347088426,758,S6_worst_case_no_intervention,eurozone,USDC
722,0.8016446825135719,1482836.2913411215,758,S6_worst_case_no_intervention,eurozone,USDC
723,0.7964559337401284,1445765.3840575935,758,S6_worst_case_no_intervention,eurozone,USDC
724,0.7562880345219742,1409621.2494561537,758,S6_worst_case_no_intervention,eurozone,USDC
725,0.768529456239161,1374380.7182197499,758,S6_worst_case_no_intervention,eurozone,USDC
726,0.7618023073642115,1340021.200264256,758,S6_worst_case_no_intervention,eurozone,USDC
727,0.7578821500160464,1306520.6702576499,758,S6_worst_case_no_intervention,eurozone,USDC
728,0.7957396007672541,1273857.6535012084,758,S6_worst_case_no_intervention,eurozone,USDC
729,0.8076501275301964,1242011.2121636784,758,S6_worst_case_no_intervention,eurozone,USDC
730,0.8085681958163051,1210960.9318595864,758,S6_worst_case_no_intervention,eurozone,USDC
731,0.8305671166251198,1180686.9085630965,758,S6_worst_case_no_intervention,eurozone,USDC
732,0.8096711371714151,1151169.7358490191,758,S6_worst_case_no_intervention,eurozone,USDC
733,0.7673638634887064,1122390.4924527938,758,S6_worst_case_no_intervention,eurozone,USDC
734,0.7751270727946703,1094330.730141474,758,S6_worst_case_no_intervention,eurozone,USDC
735,0.777171271889921,1066972.461887937,758,S6_worst_case_no_intervention,eurozone,USDC
736,0.7819938213425831,1040298.1503407387,758,S6_worst_case_no_intervention,eurozone,USDC
737,0.777920525335829,1014290.6965822203,758,S6_worst_case_no_intervention,eurozone,USDC
738,0.7653349090775005,988933.4291676646,758,S6_worst_case_no_intervention,eurozone,USDC
739,0.7488042860192944,964210.0934384731,758,S6_worst_case_no_intervention,eurozone,USDC
740,0.7608231071782315,940104.8411025112,758,S6_worst_case_no_intervention,eurozone,USDC
741,0.7375421061393954,916602.2200749484,758,S6_worst_case_no_intervention,eurozone,USDC
742,0.7374493256061228,893687.1645730747,758,S6_worst_case_no_intervention,eurozone,USDC
743,0.7293529632273293,871344.9854587477,758,S6_worst_case_no_intervention,eurozone,USDC
744,0.7298265239633478,849561.360822279,758,S6_worst_case_no_intervention,eurozone,USDC
745,0.7383629979247184,828322.3268017222,758,S6_worst_case_no_intervention,eurozone,USDC
746,0.7499290499488801,807614.268631679,758,S6_worst_case_no_intervention,eurozone,USDC
747,0.7575302613360938,787423.9119158871,758,S6_worst_case_no_intervention,eurozone,USDC
748,0.7335018635976295,767738.31411799,758,S6_worst_case_no_intervention,eurozone,USDC
749,0.7364907081202332,748544.8562650401,758,S6_worst_case_no_intervention,eurozone,USDC
750,0.7566827096701071,729831.2348584142,758,S6_worst_case_no_intervention,eurozone,USDC
751,0.7596246552366842,711585.4539869537,758,S6_worst_case_no_intervention,eurozone,USDC
752,0.752632113796854,693795.81763728,758,S6_worst_case_no_intervention,eurozone,USDC
753,0.7612610999970519,676450.922196348,758,S6_worst_case_no_intervention,eurozone,USDC
754,0.7685663772702211,659539.6491414392,758,S6_worst_case_no_intervention,eurozone,USDC
755,0.7580965455863802,643051.1579129033,758,S6_worst_case_no_intervention,eurozone,USDC
756,0.7837047243034105,626974.8789650807,758,S6_worst_case_no_intervention,eurozone,USDC
757,0.7511166259551846,611300.5069909536,758,S6_worst_case_no_intervention,eurozone,USDC
758,0.7445838943616758,596017.9943161799,758,S6_worst_case_no_intervention,eurozone,USDC
759,0.7649614582832506,581117.5444582753,758,S6_worst_case_no_intervention,eurozone,USDC
760,0.7656836379632231,566589.6058468184,758,S6_worst_case_no_intervention,eurozone,USDC
761,0.7578679411545576,552424.8657006479,758,S6_worst_case_no_intervention,eurozone,USDC
762,0.7401102140964938,538614.2440581317,758,S6_worst_case_no_intervention,eurozone,USDC
763,0.7524011347294228,525148.8879566784,758,S6_worst_case_no_intervention,eurozone,USDC
764,0.7437436269529712,512020.16575776157,758,S6_worst_case_no_intervention,eurozone,USDC
765,0.7426107124766645,499219.66161381744,758,S6_worst_case_no_intervention,eurozone,USDC
766,0.7320150001267802,486739.17007347196,758,S6_worst_case_no_intervention,eurozone,USDC
767,0.7451693783165517,474570.6908216352,758,S6_worst_case_no_intervention,eurozone,USDC
768,0.7435164706119111,462706.4235510943,758,S6_worst_case_no_intervention,eurozone,USDC
769,0.7439903763495515,451138.762962317,758,S6_worst_case_no_intervention,eurozone,USDC
770,0.730905324353592,439860.2938882591,758,S6_worst_case_no_intervention,eurozone,USDC
771,0.720904574766503,428863.78654105257,758,S6_worst_case_no_intervention,eurozone,USDC
772,0.7217412392667052,418142.19187752623,758,S6_worst_case_no_intervention,eurozone,USDC
773,0.7456635470947524,407688.63708058815,758,S6_worst_case_no_intervention,eurozone,USDC
774,0.7439924208279768,397496.4211535734,758,S6_worst_case_no_intervention,eurozone,USDC
775,0.7576805604000704,387559.0106247341,758,S6_worst_case_no_intervention,eurozone,USDC
776,0.7742211057835255,377870.0353591157,758,S6_worst_case_no_intervention,eurozone,USDC
777,0.7759821059595048,368423.2844751378,758,S6_worst_case_no_intervention,eurozone,USDC
778,0.7595651916069702,359212.7023632594,758,S6_worst_case_no_intervention,eurozone,USDC
779,0.7730258074326422,350232.3848041779,758,S6_worst_case_no_intervention,eurozone,USDC
780,0.766965019334036,341476.5751840734,758,S6_worst_case_no_intervention,eurozone,USDC
781,0.7919693926122106,332939.6608044716,758,S6_worst_case_no_intervention,eurozone,USDC
782,0.7965225940089301,324616.1692843598,758,S6_worst_case_no_intervention,eurozone,USDC
783,0.7842602715003585,316500.7650522508,758,S6_worst_case_no_intervention,eurozone,USDC
784,0.7785509262336637,308588.24592594453,758,S6_worst_case_no_intervention,eurozone,USDC
785,0.7990567453861691,300873.5397777959,758,S6_worst_case_no_intervention,eurozone,USDC
786,0.7950897816382184,293351.70128335105,758,S6_worst_case_no_intervention,eurozone,USDC
787,0.7964323969538332,286017.90875126724,758,S6_worst_case_no_intervention,eurozone,USDC
788,0.7822377994410058,278867.46103248553,758,S6_worst_case_no_intervention,eurozone,USDC
789,0.7714191018062806,271895.77450667345,758,S6_worst_case_no_intervention,eurozone,USDC
790,0.7808319374745237,265098.3801440066,758,S6_worst_case_no_intervention,eurozone,USDC
791,0.7709580835711027,258470.92064040643,758,S6_worst_case_no_intervention,eurozone,USDC
792,0.7703553270130621,252009.14762439625,758,S6_worst_case_no_intervention,eurozone,USDC
793,0.7986412852175262,245708.91893378634,758,S6_worst_case_no_intervention,eurozone,USDC
794,0.7992678409981478,239566.19596044166,758,S6_worst_case_no_intervention,eurozone,USDC
795,0.7877238231882056,233577.04106143065,758,S6_worst_case_no_intervention,eurozone,USDC
796,0.7867445506240356,227737.6150348949,758,S6_worst_case_no_intervention,eurozone,USDC
797,0.7716691495520408,222044.17465902248,758,S6_worst_case_no_intervention,eurozone,USDC
798,0.764562133810859,216493.07029254694,758,S6_worst_case_no_intervention,eurozone,USDC
799,0.7816084275047125,211080.74353523325,758,S6_worst_case_no_intervention,eurozone,USDC
800,0.79232274441506,205803.72494685242,758,S6_worst_case_no_intervention,eurozone,USDC
801,0.8149797965701032,200658.63182318112,758,S6_worst_case_no_intervention,eurozone,USDC
802,0.7964057366254174,195642.1660276016,758,S6_worst_case_no_intervention,eurozone,USDC
803,0.7989522708602224,190751.11187691157,758,S6_worst_case_no_intervention,eurozone,USDC
804,0.7888124950582044,185982.3340799888,758,S6_worst_case_no_intervention,eurozone,USDC
805,0.7939552997808699,181332.77572798906,758,S6_worst_case_no_intervention,eurozone,USDC
806,0.8002882306832727,176799.45633478934,758,S6_worst_case_no_intervention,eurozone,USDC
807,0.7884086879542286,172379.4699264196,758,S6_worst_case_no_intervention,eurozone,USDC
808,0.7702468814181567,168069.9831782591,758,S6_worst_case_no_intervention,eurozone,USDC
809,0.7468829511932858,163868.23359880265,758,S6_worst_case_no_intervention,eurozone,USDC
810,0.7578375352267351,159771.52775883258,758,S6_worst_case_no_intervention,eurozone,USDC
811,0.7512968190117787,155777.23956486175,758,S6_worst_case_no_intervention,eurozone,USDC
812,0.7394488103657041,151882.8085757402,758,S6_worst_case_no_intervention,eurozone,USDC
813,0.7524388823702078,148085.7383613467,758,S6_worst_case_no_intervention,eurozone,USDC
814,0.7678960128296474,144383.59490231302,758,S6_worst_case_no_intervention,eurozone,USDC
815,0.7695144884790112,140774.00502975518,758,S6_worst_case_no_intervention,eurozone,USDC
816,0.7706561209783186,137254.65490401132,758,S6_worst_case_no_intervention,eurozone,USDC
817,0.7957240863229411,133823.28853141103,758,S6_worst_case_no_intervention,eurozone,USDC
818,0.7871645078070345,130477.70631812577,758,S6_worst_case_no_intervention,eurozone,USDC
819,0.7852758502806741,127215.76366017261,758,S6_worst_case_no_intervention,eurozone,USDC
820,0.7962624638070083,124035.3695686683,758,S6_worst_case_no_intervention,eurozone,USDC
821,0.8157619792913124,120934.48532945159,758,S6_worst_case_no_intervention,eurozone,USDC
822,0.7957872618742377,117911.12319621531,758,S6_worst_case_no_intervention,eurozone,USDC
823,0.8132858613903436,114963.34511630992,758,S6_worst_case_no_intervention,eurozone,USDC
824,0.8068712680147014,112089.26148840218,758,S6_worst_case_no_intervention,eurozone,USDC
825,0.8236264422137848,109287.02995119212,758,S6_worst_case_no_intervention,eurozone,USDC
826,0.8212368172908807,106554.8542024123,758,S6_worst_case_no_intervention,eurozone,USDC
827,0.7860081067661397,103890.98284735202,758,S6_worst_case_no_intervention,eurozone,USDC
828,0.7719136414480549,101293.70827616821,758,S6_worst_case_no_intervention,eurozone,USDC
829,0.7967569743190374,98761.365569264,758,S6_worst_case_no_intervention,eurozone,USDC
830,0.7949133562108961,96292.3314300324,758,S6_worst_case_no_intervention,eurozone,USDC
831,0.8176950407932867,93885.0231442816,758,S6_worst_case_no_intervention,eurozone,USDC
832,0.8075553538669817,91537.89756567456,758,S6_worst_case_no_intervention,eurozone,USDC
833,0.7851059483267042,89249.4501265327,758,S6_worst_case_no_intervention,eurozone,USDC
834,0.7618378849212115,87018.21387336937,758,S6_worst_case_no_intervention,eurozone,USDC
835,0.7770977950559167,84842.75852653514,758,S6_worst_case_no_intervention,eurozone,USDC
836,0.7552820309670073,82721.68956337176,758,S6_worst_case_no_intervention,eurozone,USDC
837,0.756744843083224,80653.64732428746,758,S6_worst_case_no_intervention,eurozone,USDC
838,0.7665029049106358,78637.30614118028,758,S6_worst_case_no_intervention,eurozone,USDC
839,0.7685309445233491,76671.37348765078,758,S6_worst_case_no_intervention,eurozone,USDC
840,0.7591828445983336,74754.5891504595,758,S6_worst_case_no_intervention,eurozone,USDC
841,0.7526677297795391,72885.72442169802,758,S6_worst_case_no_intervention,eurozone,USDC
842,0.7807547314715904,71063.58131115558,758,S6_worst_case_no_intervention,eurozone,USDC
843,0.7964679229235357,69286.99177837667,758,S6_worst_case_no_intervention,eurozone,USDC
844,0.7940598868241875,67554.81698391726,758,S6_worst_case_no_intervention,eurozone,USDC
845,0.8055364409907376,65865.94655931933,758,S6_worst_case_no_intervention,eurozone,USDC
846,0.8015678647286818,64219.29789533635,758,S6_worst_case_no_intervention,eurozone,USDC
847,0.6745549379891216,62613.81544795293,758,S6_worst_case_no_intervention,eurozone,USDC
848,0.6953292378869255,61048.47006175411,758,S6_worst_case_no_intervention,eurozone,USDC
849,0.720917483700683,59522.258310210265,758,S6_worst_case_no_intervention,eurozone,USDC
850,0.7166787658480457,58034.20185245501,758,S6_worst_case_no_intervention,eurozone,USDC
851,0.7198657930399002,56583.34680614363,758,S6_worst_case_no_intervention,eurozone,USDC
852,0.712433461433052,55168.76313599004,758,S6_worst_case_no_intervention,eurozone,USDC
853,0.7144993285788085,53789.54405759029,758,S6_worst_case_no_intervention,eurozone,USDC
854,0.7440048388664893,52444.805456150534,758,S6_worst_case_no_intervention,eurozone,USDC
855,0.7543644996127321,51133.685319746764,758,S6_worst_case_no_intervention,eurozone,USDC
856,0.7649686947588076,49855.34318675309,758,S6_worst_case_no_intervention,eurozone,USDC
857,0.7917412127494919,48608.95960708427,758,S6_worst_case_no_intervention,eurozone,USDC
858,0.8127161311591435,47393.735616907165,758,S6_worst_case_no_intervention,eurozone,USDC
859,0.8120932177430719,46208.89222648449,758,S6_worst_case_no_intervention,eurozone,USDC
860,0.8037975625824608,45053.66992082237,758,S6_worst_case_no_intervention,eurozone,USDC
861,0.8171278580686586,43927.32817280181,758,S6_worst_case_no_intervention,eurozone,USDC
862,0.8051482273220069,42829.14496848176,758,S6_worst_case_no_intervention,eurozone,USDC
863,0.7958333627075292,41758.41634426972,758,S6_worst_case_no_intervention,eurozone,USDC
864,0.7681899376023464,40714.45593566298,758,S6_worst_case_no_intervention,eurozone,USDC
865,0.7786343052999322,39696.594537271405,758,S6_worst_case_no_intervention,eurozone,USDC
866,0.7925527562640649,38704.17967383962,758,S6_worst_case_no_intervention,eurozone,USDC
867,0.7929416097051667,37736.575181993634,758,S6_worst_case_no_intervention,eurozone,USDC
868,0.8161395944484011,36793.16080244379,758,S6_worst_case_no_intervention,eurozone,USDC
869,0.7808103156779467,35873.331782382695,758,S6_worst_case_no_intervention,eurozone,USDC
870,0.7790246950678232,34976.49848782312,758,S6_worst_case_no_intervention,eurozone,USDC
871,0.7969902627371305,34102.08602562755,758,S6_worst_case_no_intervention,eurozone,USDC
872,0.7886131667486518,33249.53387498686,758,S6_worst_case_no_intervention,eurozone,USDC
873,0.7889113533161599,32418.295528112183,758,S6_worst_case_no_intervention,eurozone,USDC
874,0.8067767628986647,31607.838139909378,758,S6_worst_case_no_intervention,eurozone,USDC
875,0.7963397507478688,30817.642186411646,758,S6_worst_case_no_intervention,eurozone,USDC
876,0.7946718394891976,30047.201131751357,758,S6_worst_case_no_intervention,eurozone,USDC
877,0.8212218036261673,29296.021103457573,758,S6_worst_case_no_intervention,eurozone,USDC
878,0.8031000421802319,28563.62057587113,758,S6_worst_case_no_intervention,eurozone,USDC
879,0.7827637999046476,27849.530061474354,758,S6_worst_case_no_intervention,eurozone,USDC
880,0.8002419063640046,27153.29180993749,758,S6_worst_case_no_intervention,eurozone,USDC
881,0.7786887414516471,26474.459514689053,758,S6_worst_case_no_intervention,eurozone,USDC
882,0.7740591103658057,25812.598026821834,758,S6_worst_case_no_intervention,eurozone,USDC
883,0.7910714235415158,25167.28307615129,758,S6_worst_case_no_intervention,eurozone,USDC
884,0.7810332621801168,24538.1009992475,758,S6_worst_case_no_intervention,eurozone,USDC
885,0.7729065097947266,23924.648474266316,758,S6_worst_case_no_intervention,eurozone,USDC
886,0.7860625607329458,23326.53226240966,758,S6_worst_case_no_intervention,eurozone,USDC
887,0.8131222965718203,22743.368955849415,758,S6_worst_case_no_intervention,eurozone,USDC
888,0.8207018373872564,22174.784731953183,758,S6_worst_case_no_intervention,eurozone,USDC
889,0.8242041997989336,21620.41511365435,758,S6_worst_case_no_intervention,eurozone,USDC
890,0.8311484238346282,21079.904735812994,758,S6_worst_case_no_intervention,eurozone,USDC
891,0.8511008850888565,20552.907117417668,758,S6_worst_case_no_intervention,eurozone,USDC
892,0.8514991076196144,20039.084439482227,758,S6_worst_case_no_intervention,eurozone,USDC
893,0.8516918773857262,19538.10732849517,758,S6_worst_case_no_intervention,eurozone,USDC
894,0.8333158312678248,19049.654645282793,758,S6_worst_case_no_intervention,eurozone,USDC
895,0.8476246967784916,18573.41327915072,758,S6_worst_case_no_intervention,eurozone,USDC
896,0.8395993076866005,18109.077947171954,758,S6_worst_case_no_intervention,eurozone,USDC
897,0.8224081476983036,17656.350998492657,758,S6_worst_case_no_intervention,eurozone,USDC
898,0.7957169251701578,17214.94222353034,758,S6_worst_case_no_intervention,eurozone,USDC
899,0.7798834137216564,16784.56866794208,758,S6_worst_case_no_intervention,eurozone,USDC
900,0.7968809902434779,16364.95445124353,758,S6_worst_case_no_intervention,eurozone,USDC
901,0.7923923796105012,15955.83058996244,758,S6_worst_case_no_intervention,eurozone,USDC
902,0.7776371723237742,15556.934825213382,758,S6_worst_case_no_intervention,eurozone,USDC
903,0.7810380745133844,15168.011454583047,758,S6_worst_case_no_intervention,eurozone,USDC
904,0.7692146197007588,14788.81116821847,758,S6_worst_case_no_intervention,eurozone,USDC
905,0.7809729839335446,14419.090889013009,758,S6_worst_case_no_intervention,eurozone,USDC
906,0.7798360963088259,14058.613616787683,758,S6_worst_case_no_intervention,eurozone,USDC
907,0.7889939619032215,13707.148276367992,758,S6_worst_case_no_intervention,eurozone,USDC
908,0.783129383591122,13364.469569458792,758,S6_worst_case_no_intervention,eurozone,USDC
909,0.8020683167445256,13030.357830222321,758,S6_worst_case_no_intervention,eurozone,USDC
910,0.8101142139789069,12704.598884466765,758,S6_worst_case_no_intervention,eurozone,USDC
911,0.7996273157652068,12386.983912355096,758,S6_worst_case_no_intervention,eurozone,USDC
912,0.7822668819626799,12077.309314546217,758,S6_worst_case_no_intervention,eurozone,USDC
913,0.7919178184420765,11775.376581682562,758,S6_worst_case_no_intervention,eurozone,USDC
914,0.7982879858647098,11480.992167140497,758,S6_worst_case_no_intervention,eurozone,USDC
915,0.7980846269935647,11193.967362961985,758,S6_worst_case_no_intervention,eurozone,USDC
916,0.7952912245658565,10914.118178887935,758,S6_worst_case_no_intervention,eurozone,USDC
917,0.7997639613229703,10641.265224415736,758,S6_worst_case_no_intervention,eurozone,USDC
918,0.8067350267829361,10375.233593805344,758,S6_worst_case_no_intervention,eurozone,USDC
919,0.8102635701391031,10115.852753960211,758,S6_worst_case_no_intervention,eurozone,USDC
920,0.7983396194510852,9862.956435111204,758,S6_worst_case_no_intervention,eurozone,USDC
921,0.8162886633741969,9616.382524233424,758,S6_worst_case_no_intervention,eurozone,USDC
922,0.8166163491878405,9375.972961127589,758,S6_worst_case_no_intervention,eurozone,USDC
923,0.8428397327668278,9141.573637099398,758,S6_worst_case_no_intervention,eurozone,USDC
924,0.8414838960952864,8913.034296171914,758,S6_worst_case_no_intervention,eurozone,USDC
925,0.8292285060136472,8690.208438767617,758,S6_worst_case_no_intervention,eurozone,USDC
926,0.8113100733704439,8472.953227798425,758,S6_worst_case_no_intervention,eurozone,USDC
927,0.8038792080514057,8261.129397103465,758,S6_worst_case_no_intervention,eurozone,USDC
928,0.8169752888123263,8054.601162175877,758,S6_worst_case_no_intervention,eurozone,USDC
929,0.8033110007184621,7853.2361331214815,758,S6_worst_case_no_intervention,eurozone,USDC
930,0.7930237638556403,7656.905229793444,758,S6_worst_case_no_intervention,eurozone,USDC
931,0.7782007091073851,7465.482599048608,758,S6_worst_case_no_intervention,eurozone,USDC
932,0.7770311567530076,7278.845534072392,758,S6_worst_case_no_intervention,eurozone,USDC
933,0.7865806368609997,7096.874395720582,758,S6_worst_case_no_intervention,eurozone,USDC
934,0.8023926081404981,6919.452535827568,758,S6_worst_case_no_intervention,eurozone,USDC
935,0.806070138233719,6746.466222431878,758,S6_worst_case_no_intervention,eurozone,USDC
936,0.8234710604277766,6577.804566871082,758,S6_worst_case_no_intervention,eurozone,USDC
937,0.8250178943423246,6413.359452699305,758,S6_worst_case_no_intervention,eurozone,USDC
938,0.8431103947722032,6253.025466381822,758,S6_worst_case_no_intervention,eurozone,USDC
939,0.8273540892113154,6096.699829722276,758,S6_worst_case_no_intervention,eurozone,USDC
940,0.813433331447857,5944.282333979219,758,S6_worst_case_no_intervention,eurozone,USDC
941,0.8369133199591576,5795.675275629739,758,S6_worst_case_no_intervention,eurozone,USDC
942,0.8101417584222872,5650.783393738995,758,S6_worst_case_no_intervention,eurozone,USDC
943,0.7782462888140238,5509.513808895521,758,S6_worst_case_no_intervention,eurozone,USDC
944,0.7792902253208251,5371.775963673132,758,S6_worst_case_no_intervention,eurozone,USDC
945,0.7748987762098787,5237.481564581303,758,S6_worst_case_no_intervention,eurozone,USDC
946,0.7614392273992118,5106.544525466771,758,S6_worst_case_no_intervention,eurozone,USDC
947,0.7865558629454031,4978.880912330102,758,S6_worst_case_no_intervention,eurozone,USDC
948,0.7638766184726259,4854.408889521849,758,S6_worst_case_no_intervention,eurozone,USDC
949,0.7727027873924991,4733.048667283803,758,S6_worst_case_no_intervention,eurozone,USDC
950,0.7790100588939793,4614.722450601708,758,S6_worst_case_no_intervention,eurozone,USDC
951,0.7966775014250417,4499.354389336666,758,S6_worst_case_no_intervention,eurozone,USDC
952,0.7800792186497442,4386.870529603249,758,S6_worst_case_no_intervention,eurozone,USDC
953,0.7617716535803526,4277.198766363168,758,S6_worst_case_no_intervention,eurozone,USDC
954,0.7496481112513492,4170.2687972040885,758,S6_worst_case_no_intervention,eurozone,USDC
955,0.741418173868807,4066.012077273986,758,S6_worst_case_no_intervention,eurozone,USDC
956,0.7367732365992261,3964.3617753421368,758,S6_worst_case_no_intervention,eurozone,USDC
957,0.732159487284817,3865.252730958583,758,S6_worst_case_no_intervention,eurozone,USDC
958,0.7373498838862701,3768.6214126846185,758,S6_worst_case_no_intervention,eurozone,USDC
959,0.7182520407340173,3674.4058773675033,758,S6_worst_case_no_intervention,eurozone,USDC
960,0.7235175734473412,3582.545730433315,758,S6_worst_case_no_intervention,eurozone,USDC
961,0.7572901748356505,3492.9820871724824,758,S6_worst_case_no_intervention,eurozone,USDC
962,0.7579432135544946,3405.657534993171,758,S6_worst_case_no_intervention,eurozone,USDC
963,0.773747174884353,3320.516096618341,758,S6_worst_case_no_intervention,eurozone,USDC
964,0.7811513466273493,3237.5031942028827,758,S6_worst_case_no_intervention,eurozone,USDC
965,0.7942577227715469,3156.565614347811,758,S6_worst_case_no_intervention,eurozone,USDC
966,0.8391377558107367,3077.6514739891154,758,S6_worst_case_no_intervention,eurozone,USDC
967,0.8343241755446772,3000.710187139388,758,S6_worst_case_no_intervention,eurozone,USDC
968,0.8254102151913078,2925.692432460903,758,S6_worst_case_no_intervention,eurozone,USDC
969,0.8445685127520989,2852.550121649381,758,S6_worst_case_no_intervention,eurozone,USDC
970,0.8192115451526193,2781.236368608146,758,S6_worst_case_no_intervention,eurozone,USDC
971,0.8226956989495098,2711.7054593929424,758,S6_worst_case_no_intervention,eurozone,USDC
972,0.7980823141561265,2643.912822908119,758,S6_worst_case_no_intervention,eurozone,USDC
973,0.7975940036022668,2577.815002335416,758,S6_worst_case_no_intervention,eurozone,USDC
974,0.812429381353269,2513.3696272770303,758,S6_worst_case_no_intervention,eurozone,USDC
975,0.8331716395675968,2450.5353865951047,758,S6_worst_case_no_intervention,eurozone,USDC
976,0.8135529682026582,2389.272001930227,758,S6_worst_case_no_intervention,eurozone,USDC
977,0.8104838808636093,2329.5402018819714,758,S6_worst_case_no_intervention,eurozone,USDC
978,0.8094962710737537,2271.301696834922,758,S6_worst_case_no_intervention,eurozone,USDC
979,0.8163744723007835,2214.519154414049,758,S6_worst_case_no_intervention,eurozone,USDC
980,0.821887657246636,2159.1561755536977,758,S6_worst_case_no_intervention,eurozone,USDC
981,0.8544075959792463,2105.1772711648555,758,S6_worst_case_no_intervention,eurozone,USDC
982,0.8260927095466735,2052.547839385734,758,S6_worst_case_no_intervention,eurozone,USDC
983,0.8089868061660899,2001.2341434010907,758,S6_worst_case_no_intervention,eurozone,USDC
984,0.7841526319429359,1951.2032898160635,758,S6_worst_case_no_intervention,eurozone,USDC
985,0.7879361728313996,1902.4232075706618,758,S6_worst_case_no_intervention,eurozone,USDC
986,0.7976107080063818,1854.8626273813952,758,S6_worst_case_no_intervention,eurozone,USDC
987,0.7959284922158748,1808.4910616968605,758,S6_worst_case_no_intervention,eurozone,USDC
988,0.7846535241530994,1763.278785154439,758,S6_worst_case_no_intervention,eurozone,USDC
989,0.7857998133058789,1719.196815525578,758,S6_worst_case_no_intervention,eurozone,USDC
990,0.7626430674641391,1676.2168951374385,758,S6_worst_case_no_intervention,eurozone,USDC
991,0.7695828142836894,1634.3114727590025,758,S6_worst_case_no_intervention,eurozone,USDC
992,0.778994699000931,1593.4536859400275,758,S6_worst_case_no_intervention,eurozone,USDC
993,0.7633048743812103,1553.6173437915268,758,S6_worst_case_no_intervention,eurozone,USDC
994,0.7455806485816102,1514.7769101967385,758,S6_worst_case_no_intervention,eurozone,USDC
995,0.7338704881995064,1476.9074874418202,758,S6_worst_case_no_intervention,eurozone,USDC
996,0.7539079930869635,1439.9848002557746,758,S6_worst_case_no_intervention,eurozone,USDC
997,0.7545994449765319,1403.9851802493804,758,S6_worst_case_no_intervention,eurozone,USDC
998,0.7695910878220312,1368.8855507431458,758,S6_worst_case_no_intervention,eurozone,USDC
999,0.7671420482919137,1334.663411974567,758,S6_worst_case_no_intervention,eurozone,USDC
1000,0.7738523518622749,1301.296826675203,758,S6_worst_case_no_intervention,eurozone,USDC
