Step,price,liquidity,iteration,scenario,region,coin
1,0.9905508928821636,6300000000000.0,843,S2_panic_selling_defi,eurozone,USDC
2,0.9847207207922102,6300000000000.0,843,S2_panic_selling_defi,eurozone,USDC
3,0.9871714628331422,6300000000000.0,843,S2_panic_selling_defi,eurozone,USDC
4,1.0015510369567817,6300000000000.0,843,S2_panic_selling_defi,eurozone,USDC
5,1.019179720448025,6300000000000.0,843,S2_panic_selling_defi,eurozone,USDC
6,1.0089494430578159,6300000000000.0,843,S2_panic_selling_defi,eurozone,USDC
7,1.0314526539820688,6300000000000.0,843,S2_panic_selling_defi,eurozone,USDC
8,1.0600315402871223,6300000000000.0,843,S2_panic_selling_defi,eurozone,USDC
9,1.0631994352149863,6300000000000.0,843,S2_panic_selling_defi,eurozone,USDC
10,1.0834769296758686,6300000000000.0,843,S2_panic_selling_defi,eurozone,USDC
11,1.0741362626723314,6300000000000.0,843,S2_panic_selling_defi,eurozone,USDC
12,1.0524025087158435,6300000000000.0,843,S2_panic_selling_defi,eurozone,USDC
13,1.086574489905208,6300000000000.0,843,S2_panic_selling_defi,eurozone,USDC
14,1.0560535421591961,6300000000000.0,843,S2_panic_selling_defi,eurozone,USDC
15,1.0861711168818646,6300000000000.0,843,S2_panic_selling_defi,eurozone,USDC
16,1.0873359506942495,6300000000000.0,843,S2_panic_selling_defi,eurozone,USDC
17,1.084186836179496,6300000000000.0,843,S2_panic_selling_defi,eurozone,USDC
18,1.0749900691918441,6300000000000.0,843,S2_panic_selling_defi,eurozone,USDC
19,1.072585677230217,6300000000000.0,843,S2_panic_selling_defi,eurozone,USDC
20,1.0646178386925607,6300000000000.0,843,S2_panic_selling_defi,eurozone,USDC
21,1.0538402614925806,6300000000000.0,843,S2_panic_selling_defi,eurozone,USDC
22,1.0167154414888564,6300000000000.0,843,S2_panic_selling_defi,eurozone,USDC
23,1.0020662827848295,6300000000000.0,843,S2_panic_selling_defi,eurozone,USDC
24,0.9959634046977665,6300000000000.0,843,S2_panic_selling_defi,eurozone,USDC
25,1.000148894685423,6300000000000.0,843,S2_panic_selling_defi,eurozone,USDC
26,1.0171693438253586,6300000000000.0,843,S2_panic_selling_defi,eurozone,USDC
27,0.9903304630650702,6300000000000.0,843,S2_panic_selling_defi,eurozone,USDC
28,0.9677324588029319,6300000000000.0,843,S2_panic_selling_defi,eurozone,USDC
29,0.975370868367138,6299705453411.516,843,S2_panic_selling_defi,eurozone,USDC
30,0.9412736165422773,6299705453411.516,843,S2_panic_selling_defi,eurozone,USDC
31,0.9329279103708952,6296143113398.453,843,S2_panic_selling_defi,eurozone,USDC
32,0.9449776571048201,6291474968607.23,843,S2_panic_selling_defi,eurozone,USDC
33,0.9624359934729481,6288544171017.093,843,S2_panic_selling_defi,eurozone,USDC
34,0.9676324211304382,6287719081417.457,843,S2_panic_selling_defi,eurozone,USDC
35,0.9625560524635515,6287441515547.117,843,S2_panic_selling_defi,eurozone,USDC
36,0.984292517644429,6286675398450.658,843,S2_panic_selling_defi,eurozone,USDC
37,0.9429426769880122,6286675398450.658,843,S2_panic_selling_defi,eurozone,USDC
38,0.9442132933347527,6283693464796.328,843,S2_panic_selling_defi,eurozone,USDC
39,0.9760064772216421,6280777348095.506,843,S2_panic_selling_defi,eurozone,USDC
40,0.9603418172049405,6280777348095.506,843,S2_panic_selling_defi,eurozone,USDC
41,0.9588785379647401,6279788950442.914,843,S2_panic_selling_defi,eurozone,USDC
42,0.9742444750135023,6278693530991.664,843,S2_panic_selling_defi,eurozone,USDC
43,0.9699463559181675,6278693530991.664,843,S2_panic_selling_defi,eurozone,USDC
44,0.9677804538834004,6278689670649.42,843,S2_panic_selling_defi,eurozone,USDC
45,0.9502317632276044,6278481612304.108,843,S2_panic_selling_defi,eurozone,USDC
46,0.9431821294505383,6276500146183.358,843,S2_panic_selling_defi,eurozone,USDC
47,0.9476825838441696,6273666294996.094,843,S2_panic_selling_defi,eurozone,USDC
48,0.9425722053829497,6271477284346.441,843,S2_panic_selling_defi,eurozone,USDC
49,0.928584369476759,6268893137026.582,843,S2_panic_selling_defi,eurozone,USDC
50,0.9271213393067569,6264841529704.64,843,S2_panic_selling_defi,eurozone,USDC
51,0.9261804977463474,6261042789006.029,843,S2_panic_selling_defi,eurozone,USDC
52,0.9175525687905276,6257183422134.365,843,S2_panic_selling_defi,eurozone,USDC
53,0.9432695782325318,6252766100239.087,843,S2_panic_selling_defi,eurozone,USDC
54,0.9735785703068077,6250704711171.943,843,S2_panic_selling_defi,eurozone,USDC
55,0.999945656098043,6250704711171.943,843,S2_panic_selling_defi,eurozone,USDC
56,0.9740293515541216,6250704711171.943,843,S2_panic_selling_defi,eurozone,USDC
57,0.9724165607775381,6250704711171.943,843,S2_panic_selling_defi,eurozone,USDC
58,0.9794322361652847,6250704711171.943,843,S2_panic_selling_defi,eurozone,USDC
59,0.9709776728191353,6250704711171.943,843,S2_panic_selling_defi,eurozone,USDC
60,0.9655287062505356,6250704711171.943,843,S2_panic_selling_defi,eurozone,USDC
61,0.9854278786593756,6250450815808.977,843,S2_panic_selling_defi,eurozone,USDC
62,0.9892346680607181,6250450815808.977,843,S2_panic_selling_defi,eurozone,USDC
63,1.0086119002954177,6250450815808.977,843,S2_panic_selling_defi,eurozone,USDC
64,1.0197044132648754,6250450815808.977,843,S2_panic_selling_defi,eurozone,USDC
65,1.0144155494314737,6250450815808.977,843,S2_panic_selling_defi,eurozone,USDC
66,1.0015970834783297,6250450815808.977,843,S2_panic_selling_defi,eurozone,USDC
67,1.0022391795882597,6250450815808.977,843,S2_panic_selling_defi,eurozone,USDC
68,0.9982256653539131,6250450815808.977,843,S2_panic_selling_defi,eurozone,USDC
69,1.0040610566144603,6250450815808.977,843,S2_panic_selling_defi,eurozone,USDC
70,0.995384148025957,6250450815808.977,843,S2_panic_selling_defi,eurozone,USDC
71,0.9982915149611978,6250450815808.977,843,S2_panic_selling_defi,eurozone,USDC
72,0.9391059056083957,6250450815808.977,843,S2_panic_selling_defi,eurozone,USDC
73,0.9470201157718035,6248134963977.538,843,S2_panic_selling_defi,eurozone,USDC
74,0.9604220131411185,6246430381129.814,843,S2_panic_selling_defi,eurozone,USDC
75,0.9760381015829518,6245715188100.283,843,S2_panic_selling_defi,eurozone,USDC
76,0.9596539446015249,6245715188100.283,843,S2_panic_selling_defi,eurozone,USDC
77,0.9978156157681486,6244990039152.127,843,S2_panic_selling_defi,eurozone,USDC
78,0.9916885862517437,6244990039152.127,843,S2_panic_selling_defi,eurozone,USDC
79,0.9792457212110245,6244990039152.127,843,S2_panic_selling_defi,eurozone,USDC
80,0.9964056443616797,6244990039152.127,843,S2_panic_selling_defi,eurozone,USDC
81,1.0101642215557527,6244990039152.127,843,S2_panic_selling_defi,eurozone,USDC
82,1.0202988396868244,6244990039152.127,843,S2_panic_selling_defi,eurozone,USDC
83,1.0210348147906907,6244990039152.127,843,S2_panic_selling_defi,eurozone,USDC
84,0.9895955031833743,6244990039152.127,843,S2_panic_selling_defi,eurozone,USDC
85,1.0008078439815717,6244990039152.127,843,S2_panic_selling_defi,eurozone,USDC
86,1.0008179929216725,6244990039152.127,843,S2_panic_selling_defi,eurozone,USDC
87,1.0319655775967287,6244990039152.127,843,S2_panic_selling_defi,eurozone,USDC
88,0.9966118240405395,6244990039152.127,843,S2_panic_selling_defi,eurozone,USDC
89,1.0146220251916893,6244990039152.127,843,S2_panic_selling_defi,eurozone,USDC
90,1.0247227354334474,6244990039152.127,843,S2_panic_selling_defi,eurozone,USDC
91,1.012837508112191,6244990039152.127,843,S2_panic_selling_defi,eurozone,USDC
92,1.0093610184918063,6244990039152.127,843,S2_panic_selling_defi,eurozone,USDC
93,0.9910968144285184,6244990039152.127,843,S2_panic_selling_defi,eurozone,USDC
94,1.0129370681574674,6244990039152.127,843,S2_panic_selling_defi,eurozone,USDC
95,1.0056253045179187,6244990039152.127,843,S2_panic_selling_defi,eurozone,USDC
96,0.9701506209495637,6244990039152.127,843,S2_panic_selling_defi,eurozone,USDC
97,0.9889654543323826,6244990039152.127,843,S2_panic_selling_defi,eurozone,USDC
98,0.9966597353785944,6244990039152.127,843,S2_panic_selling_defi,eurozone,USDC
99,1.0049393638622794,6244990039152.127,843,S2_panic_selling_defi,eurozone,USDC
100,1.01615270113684,6244990039152.127,843,S2_panic_selling_defi,eurozone,USDC
101,0.9967873624418182,6244990039152.127,843,S2_panic_selling_defi,eurozone,USDC
102,0.9857891264695513,6244990039152.127,843,S2_panic_selling_defi,eurozone,USDC
103,1.0002857748675833,6244990039152.127,843,S2_panic_selling_defi,eurozone,USDC
104,1.002333305949444,6244990039152.127,843,S2_panic_selling_defi,eurozone,USDC
105,0.9819702978333223,6244990039152.127,843,S2_panic_selling_defi,eurozone,USDC
106,0.9626651556560488,6244990039152.127,843,S2_panic_selling_defi,eurozone,USDC
107,0.9545444844920021,6244491133359.662,843,S2_panic_selling_defi,eurozone,USDC
108,0.9756082054281884,6243507907148.626,843,S2_panic_selling_defi,eurozone,USDC
109,1.0054756291069427,6243507907148.626,843,S2_panic_selling_defi,eurozone,USDC
110,0.9889290735018295,6243507907148.626,843,S2_panic_selling_defi,eurozone,USDC
111,1.0324913303230845,6243507907148.626,843,S2_panic_selling_defi,eurozone,USDC
112,1.0775466505700682,6243507907148.626,843,S2_panic_selling_defi,eurozone,USDC
113,1.090302586943548,6243507907148.626,843,S2_panic_selling_defi,eurozone,USDC
114,1.036710390441834,6243507907148.626,843,S2_panic_selling_defi,eurozone,USDC
115,1.0537201617334604,6243507907148.626,843,S2_panic_selling_defi,eurozone,USDC
116,1.0408802080730273,6243507907148.626,843,S2_panic_selling_defi,eurozone,USDC
117,1.0259824131421824,6243507907148.626,843,S2_panic_selling_defi,eurozone,USDC
118,1.0079034962957885,6243507907148.626,843,S2_panic_selling_defi,eurozone,USDC
119,1.0158390540479953,6243507907148.626,843,S2_panic_selling_defi,eurozone,USDC
120,1.0256908258845983,6243507907148.626,843,S2_panic_selling_defi,eurozone,USDC
121,0.9820053400113294,6087420209469.91,843,S2_panic_selling_defi,eurozone,USDC
122,0.9384867962285328,5935234704233.162,843,S2_panic_selling_defi,eurozone,USDC
123,0.9150452960420613,5784652128977.168,843,S2_panic_selling_defi,eurozone,USDC
124,0.910602350952753,5636321085952.255,843,S2_panic_selling_defi,eurozone,USDC
125,0.882233229064926,5491910492820.758,843,S2_panic_selling_defi,eurozone,USDC
126,0.8852420097848239,5349687261985.334,843,S2_panic_selling_defi,eurozone,USDC
127,0.8932914904089916,5211487740724.166,843,S2_panic_selling_defi,eurozone,USDC
128,0.9029272700458261,5077508269384.005,843,S2_panic_selling_defi,eurozone,USDC
129,0.8839985002431255,4947514543130.241,843,S2_panic_selling_defi,eurozone,USDC
130,0.8670118467505289,4820335843047.362,843,S2_panic_selling_defi,eurozone,USDC
131,0.88217480408592,4695980923523.303,843,S2_panic_selling_defi,eurozone,USDC
132,0.8885262182613672,4575564027496.379,843,S2_panic_selling_defi,eurozone,USDC
133,0.8867163340396134,4458559161707.485,843,S2_panic_selling_defi,eurozone,USDC
134,0.8691824154602157,4344697840301.7754,843,S2_panic_selling_defi,eurozone,USDC
135,0.8376817634183401,4233349913930.2695,843,S2_panic_selling_defi,eurozone,USDC
136,0.8195574444445329,4124293391250.592,843,S2_panic_selling_defi,eurozone,USDC
137,0.7929773412999459,4018139103065.84,843,S2_panic_selling_defi,eurozone,USDC
138,0.7858008131009959,3914553872648.3926,843,S2_panic_selling_defi,eurozone,USDC
139,0.8060101306363644,3814002824129.5957,843,S2_panic_selling_defi,eurozone,USDC
140,0.8027323021183986,3716698827316.738,843,S2_panic_selling_defi,eurozone,USDC
141,0.8113799578092207,3622043296822.3735,843,S2_panic_selling_defi,eurozone,USDC
142,0.8060819283499735,3530209326933.863,843,S2_panic_selling_defi,eurozone,USDC
143,0.811107865323366,3440784865938.297,843,S2_panic_selling_defi,eurozone,USDC
144,0.8023348720029524,3353857930528.073,843,S2_panic_selling_defi,eurozone,USDC
145,0.7873862831762961,3269167455823.714,843,S2_panic_selling_defi,eurozone,USDC
146,0.7904641489478884,3186689476310.3525,843,S2_panic_selling_defi,eurozone,USDC
147,0.8046484854199342,3106431604159.496,843,S2_panic_selling_defi,eurozone,USDC
148,0.8229313604638222,3028293814638.074,843,S2_panic_selling_defi,eurozone,USDC
149,0.8067412575999303,2952234532853.543,843,S2_panic_selling_defi,eurozone,USDC
150,0.8071535838472795,2878116841345.6924,843,S2_panic_selling_defi,eurozone,USDC
151,0.8060606173127574,2805902138251.571,843,S2_panic_selling_defi,eurozone,USDC
152,0.8062194548372607,2735518702893.9736,843,S2_panic_selling_defi,eurozone,USDC
153,0.7821470548250691,2666942695909.588,843,S2_panic_selling_defi,eurozone,USDC
154,0.7811800040207538,2600091849010.4966,843,S2_panic_selling_defi,eurozone,USDC
155,0.7738660183773988,2534937963102.578,843,S2_panic_selling_defi,eurozone,USDC
156,0.7589123298003841,2471442017263.504,843,S2_panic_selling_defi,eurozone,USDC
157,0.7796673609723167,2409546960029.609,843,S2_panic_selling_defi,eurozone,USDC
158,0.7768363219850184,2349230680974.274,843,S2_panic_selling_defi,eurozone,USDC
159,0.7987994059693224,2290437286816.889,843,S2_panic_selling_defi,eurozone,USDC
160,0.7943184451945953,2233129427298.639,843,S2_panic_selling_defi,eurozone,USDC
161,0.7843555766180941,2177261394102.8413,843,S2_panic_selling_defi,eurozone,USDC
162,0.7977447906784894,2122794563862.1055,843,S2_panic_selling_defi,eurozone,USDC
163,0.8426654158720633,2069698217833.0913,843,S2_panic_selling_defi,eurozone,USDC
164,0.8265658036433735,2017939992457.8442,843,S2_panic_selling_defi,eurozone,USDC
165,0.8422612378121256,1967475998148.7148,843,S2_panic_selling_defi,eurozone,USDC
166,0.8381558189088435,1918277311635.478,843,S2_panic_selling_defi,eurozone,USDC
167,0.8300015524989288,1870310224600.354,843,S2_panic_selling_defi,eurozone,USDC
168,0.8401858878489222,1823543055676.7988,843,S2_panic_selling_defi,eurozone,USDC
169,0.839688548473543,1777946940796.871,843,S2_panic_selling_defi,eurozone,USDC
170,0.8288515399351414,1733491649991.3262,843,S2_panic_selling_defi,eurozone,USDC
171,0.8387143189591868,1690147953574.2954,843,S2_panic_selling_defi,eurozone,USDC
172,0.8316670761192508,1647889241643.6523,843,S2_panic_selling_defi,eurozone,USDC
173,0.8122049734873957,1606687396564.2651,843,S2_panic_selling_defi,eurozone,USDC
174,0.7957521302724153,1566515454021.063,843,S2_panic_selling_defi,eurozone,USDC
175,0.791104106935319,1527348062672.7163,843,S2_panic_selling_defi,eurozone,USDC
176,0.8001870724506839,1489160642308.6,843,S2_panic_selling_defi,eurozone,USDC
177,0.8175529858582694,1451928675611.5464,843,S2_panic_selling_defi,eurozone,USDC
178,0.8207605925115976,1415628318518.608,843,S2_panic_selling_defi,eurozone,USDC
179,0.8380100170371972,1380235909336.5222,843,S2_panic_selling_defi,eurozone,USDC
180,0.854024183410114,1345728642378.8936,843,S2_panic_selling_defi,eurozone,USDC
181,0.8408037762636088,1312084408645.537,843,S2_panic_selling_defi,eurozone,USDC
182,0.8494912910052415,1279281276102.4893,843,S2_panic_selling_defi,eurozone,USDC
183,0.8338383429703261,1247298469243.9263,843,S2_panic_selling_defi,eurozone,USDC
184,0.7947918315170538,1216115199747.41,843,S2_panic_selling_defi,eurozone,USDC
185,0.7986391636832477,1185711457512.1665,843,S2_panic_selling_defi,eurozone,USDC
186,0.6891074393689082,1156067942167.072,843,S2_panic_selling_defi,eurozone,USDC
187,0.7006728494145747,1127165236050.7783,843,S2_panic_selling_defi,eurozone,USDC
188,0.7193719136604367,1098985456967.5073,843,S2_panic_selling_defi,eurozone,USDC
189,0.7068583629428384,1071510375729.9434,843,S2_panic_selling_defi,eurozone,USDC
190,0.724286098207468,1044722242286.4897,843,S2_panic_selling_defi,eurozone,USDC
191,0.7290387895443234,1018603936249.6545,843,S2_panic_selling_defi,eurozone,USDC
192,0.7477681426286713,993138650339.7302,843,S2_panic_selling_defi,eurozone,USDC
193,0.7271641312498811,968310054109.8108,843,S2_panic_selling_defi,eurozone,USDC
194,0.7415546165980145,944102199423.794,843,S2_panic_selling_defi,eurozone,USDC
195,0.7398147936669551,920499567213.1488,843,S2_panic_selling_defi,eurozone,USDC
196,0.7719476707952413,897487018223.3079,843,S2_panic_selling_defi,eurozone,USDC
197,0.7793196953537459,875049804103.7766,843,S2_panic_selling_defi,eurozone,USDC
198,0.7858992984903801,853173528480.0664,843,S2_panic_selling_defi,eurozone,USDC
199,0.7879782824557112,831844166968.2649,843,S2_panic_selling_defi,eurozone,USDC
200,0.7674510239333839,811048043188.9019,843,S2_panic_selling_defi,eurozone,USDC
201,0.768932413498835,790771825404.2549,843,S2_panic_selling_defi,eurozone,USDC
202,0.7771391301576062,771002515911.9224,843,S2_panic_selling_defi,eurozone,USDC
203,0.8008341090036873,751727442216.0537,843,S2_panic_selling_defi,eurozone,USDC
204,0.7901819280774108,732934248572.3978,843,S2_panic_selling_defi,eurozone,USDC
205,0.7873301539851519,714610885698.7163,843,S2_panic_selling_defi,eurozone,USDC
206,0.7773855293654373,696745608263.2703,843,S2_panic_selling_defi,eurozone,USDC
207,0.7986029844277152,679326963571.8749,843,S2_panic_selling_defi,eurozone,USDC
208,0.8082093850596518,662343786177.4873,843,S2_panic_selling_defi,eurozone,USDC
209,0.8286839484605554,645785188984.1686,843,S2_panic_selling_defi,eurozone,USDC
210,0.8121555528810976,629640557392.6052,843,S2_panic_selling_defi,eurozone,USDC
211,0.742813893655136,613899541619.8064,843,S2_panic_selling_defi,eurozone,USDC
212,0.7645626704211117,598552050838.383,843,S2_panic_selling_defi,eurozone,USDC
213,0.7702986500696543,583588248030.8948,843,S2_panic_selling_defi,eurozone,USDC
214,0.7815500069084297,568998540586.8547,843,S2_panic_selling_defi,eurozone,USDC
215,0.7950756405809711,554773576136.1079,843,S2_panic_selling_defi,eurozone,USDC
216,0.7865384469521282,540904236014.9666,843,S2_panic_selling_defi,eurozone,USDC
217,0.8000337819126886,527381629510.02026,843,S2_panic_selling_defi,eurozone,USDC
218,0.796075811938012,514197088333.9689,843,S2_panic_selling_defi,eurozone,USDC
219,0.7629106499778564,501342160750.99805,843,S2_panic_selling_defi,eurozone,USDC
220,0.7617647831785681,488808606353.23987,843,S2_panic_selling_defi,eurozone,USDC
221,0.7658289229455566,476588390879.7319,843,S2_panic_selling_defi,eurozone,USDC
222,0.7757127993270372,464673680865.4381,843,S2_panic_selling_defi,eurozone,USDC
223,0.7837657260533913,453056838665.03656,843,S2_panic_selling_defi,eurozone,USDC
224,0.7980832884090989,441730417558.2389,843,S2_panic_selling_defi,eurozone,USDC
225,0.803869939566517,430687157016.8799,843,S2_panic_selling_defi,eurozone,USDC
226,0.8058372321550336,419919978011.24634,843,S2_panic_selling_defi,eurozone,USDC
227,0.7941636198779605,409421978496.1106,843,S2_panic_selling_defi,eurozone,USDC
228,0.8001299001451406,399186428971.6317,843,S2_panic_selling_defi,eurozone,USDC
229,0.7941303955859425,389206768198.2421,843,S2_panic_selling_defi,eurozone,USDC
230,0.8156091628448704,379476598951.3552,843,S2_panic_selling_defi,eurozone,USDC
231,0.8258650132241473,369989683948.59735,843,S2_panic_selling_defi,eurozone,USDC
232,0.8029454649464578,360739941826.0537,843,S2_panic_selling_defi,eurozone,USDC
233,0.8061673826971192,351721443257.8373,843,S2_panic_selling_defi,eurozone,USDC
234,0.7990892603353876,342928407157.14197,843,S2_panic_selling_defi,eurozone,USDC
235,0.7819807041010768,334355196962.17773,843,S2_panic_selling_defi,eurozone,USDC
236,0.7892456968061441,325996317023.4423,843,S2_panic_selling_defi,eurozone,USDC
237,0.7584003434518476,317846409086.3806,843,S2_panic_selling_defi,eurozone,USDC
238,0.7763828778628572,309900248848.1982,843,S2_panic_selling_defi,eurozone,USDC
239,0.789555924983202,302152742619.02893,843,S2_panic_selling_defi,eurozone,USDC
240,0.7823364507857844,294598924047.54974,843,S2_panic_selling_defi,eurozone,USDC
241,0.7636417517584229,287233950941.13306,843,S2_panic_selling_defi,eurozone,USDC
242,0.7626782701554077,280053102162.85876,843,S2_panic_selling_defi,eurozone,USDC
243,0.7569757527951162,273051774605.10342,843,S2_panic_selling_defi,eurozone,USDC
244,0.7772014837716993,266225480237.04504,843,S2_panic_selling_defi,eurozone,USDC
245,0.7930613603573399,259569843229.06863,843,S2_panic_selling_defi,eurozone,USDC
246,0.7786840241385214,253080597146.71887,843,S2_panic_selling_defi,eurozone,USDC
247,0.7633013275874196,246753582216.6435,843,S2_panic_selling_defi,eurozone,USDC
248,0.7658800843042582,240584742659.97717,843,S2_panic_selling_defi,eurozone,USDC
249,0.7839828425762949,234570124092.5619,843,S2_panic_selling_defi,eurozone,USDC
250,0.8025240595558571,228705870989.55127,843,S2_panic_selling_defi,eurozone,USDC
251,0.775769707094586,222988224214.32428,843,S2_panic_selling_defi,eurozone,USDC
252,0.7820968095124384,217413518608.46234,843,S2_panic_selling_defi,eurozone,USDC
253,0.7588466492829782,211978180642.8835,843,S2_panic_selling_defi,eurozone,USDC
254,0.7724030505738742,206678726126.45325,843,S2_panic_selling_defi,eurozone,USDC
255,0.7681506664588569,201511757973.02972,843,S2_panic_selling_defi,eurozone,USDC
256,0.7818528298090693,196473964023.50293,843,S2_panic_selling_defi,eurozone,USDC
257,0.7703431751631945,191562114922.75555,843,S2_panic_selling_defi,eurozone,USDC
258,0.7665431492684804,186773062049.55783,843,S2_panic_selling_defi,eurozone,USDC
259,0.752643988539285,182103735498.21307,843,S2_panic_selling_defi,eurozone,USDC
260,0.7808394313713354,177551142110.667,843,S2_panic_selling_defi,eurozone,USDC
261,0.7734261492922049,173112363557.83554,843,S2_panic_selling_defi,eurozone,USDC
262,0.7760924331732599,168784554468.83624,843,S2_panic_selling_defi,eurozone,USDC
263,0.7729871660272897,164564940607.0738,843,S2_panic_selling_defi,eurozone,USDC
264,0.7826315637499486,160450817091.86203,843,S2_panic_selling_defi,eurozone,USDC
265,0.7751811559905317,156439546664.53766,843,S2_panic_selling_defi,eurozone,USDC
266,0.7877062169783948,152528557997.90173,843,S2_panic_selling_defi,eurozone,USDC
267,0.8019934927077031,148715344047.93726,843,S2_panic_selling_defi,eurozone,USDC
268,0.79480624136228,144997460446.72552,843,S2_panic_selling_defi,eurozone,USDC
269,0.8055901064472666,141372523935.54657,843,S2_panic_selling_defi,eurozone,USDC
270,0.8001338561610545,137838210837.149,843,S2_panic_selling_defi,eurozone,USDC
271,0.8151689733384067,134392255566.21277,843,S2_panic_selling_defi,eurozone,USDC
272,0.8186738299750911,131032449177.05186,843,S2_panic_selling_defi,eurozone,USDC
273,0.8013285274306408,127756637947.62079,843,S2_panic_selling_defi,eurozone,USDC
274,0.8021900533474929,124562721998.92603,843,S2_panic_selling_defi,eurozone,USDC
275,0.7948874418750554,121448653948.94913,843,S2_panic_selling_defi,eurozone,USDC
276,0.772479985533722,118412437600.22217,843,S2_panic_selling_defi,eurozone,USDC
277,0.7630150440780363,115452126660.2136,843,S2_panic_selling_defi,eurozone,USDC
278,0.7703081542128488,112565823493.70586,843,S2_panic_selling_defi,eurozone,USDC
279,0.7549324413344376,109751677906.36136,843,S2_panic_selling_defi,eurozone,USDC
280,0.7718605283260319,107007885958.70068,843,S2_panic_selling_defi,eurozone,USDC
281,0.7671589865317048,104332688809.73206,843,S2_panic_selling_defi,eurozone,USDC
282,0.7895796378709127,101724371589.48782,843,S2_panic_selling_defi,eurozone,USDC
283,0.7773784343842911,99181262299.74992,843,S2_panic_selling_defi,eurozone,USDC
284,0.7805585432117009,96701730742.25558,843,S2_panic_selling_defi,eurozone,USDC
285,0.7953082865308554,94284187473.69873,843,S2_panic_selling_defi,eurozone,USDC
286,0.7854586927846139,91927082786.85591,843,S2_panic_selling_defi,eurozone,USDC
287,0.7885391684739699,89628905717.1842,843,S2_panic_selling_defi,eurozone,USDC
288,0.790162241111544,87388183074.25435,843,S2_panic_selling_defi,eurozone,USDC
289,0.7974932198806224,85203478497.39778,843,S2_panic_selling_defi,eurozone,USDC
290,0.8004244750097415,83073391534.96269,843,S2_panic_selling_defi,eurozone,USDC
291,0.8086348211871024,80996556746.58849,843,S2_panic_selling_defi,eurozone,USDC
292,0.8085724572689401,78971642827.92368,843,S2_panic_selling_defi,eurozone,USDC
293,0.8086917348866338,76997351757.22551,843,S2_panic_selling_defi,eurozone,USDC
294,0.8051968730071876,75072417963.2948,843,S2_panic_selling_defi,eurozone,USDC
295,0.8090926842796704,73195607514.21237,843,S2_panic_selling_defi,eurozone,USDC
296,0.8029031308313255,71365717326.35701,843,S2_panic_selling_defi,eurozone,USDC
297,0.8002229083443633,69581574393.19804,843,S2_panic_selling_defi,eurozone,USDC
298,0.8049032422984509,67842035033.36806,843,S2_panic_selling_defi,eurozone,USDC
299,0.7864788204362777,66145984157.53383,843,S2_panic_selling_defi,eurozone,USDC
300,0.8057804268696943,64492334553.59547,843,S2_panic_selling_defi,eurozone,USDC
301,0.7973455619652609,62880026189.75555,843,S2_panic_selling_defi,eurozone,USDC
302,0.806043441739094,61308025535.01164,843,S2_panic_selling_defi,eurozone,USDC
303,0.8112940177376041,59775324896.63634,843,S2_panic_selling_defi,eurozone,USDC
304,0.7925888235247431,58280941774.22041,843,S2_panic_selling_defi,eurozone,USDC
305,0.7527129285542451,56823918229.8649,843,S2_panic_selling_defi,eurozone,USDC
306,0.761621046769232,55403320274.11826,843,S2_panic_selling_defi,eurozone,USDC
307,0.750819465286385,54018237267.26529,843,S2_panic_selling_defi,eurozone,USDC
308,0.754330062922139,52667781335.58365,843,S2_panic_selling_defi,eurozone,USDC
309,0.7547322295414679,51351086802.19406,843,S2_panic_selling_defi,eurozone,USDC
310,0.7564326436198243,50067309632.139206,843,S2_panic_selling_defi,eurozone,USDC
311,0.7591197409192326,48815626891.335724,843,S2_panic_selling_defi,eurozone,USDC
312,0.7793439806398368,47595236219.05232,843,S2_panic_selling_defi,eurozone,USDC
313,0.7852872233168275,46405355313.57602,843,S2_panic_selling_defi,eurozone,USDC
314,0.7726364055035606,45245221430.73662,843,S2_panic_selling_defi,eurozone,USDC
315,0.7791064676999936,44114090894.9682,843,S2_panic_selling_defi,eurozone,USDC
316,0.7790762363591316,43011238622.593994,843,S2_panic_selling_defi,eurozone,USDC
317,0.7842918015473404,41935957657.029144,843,S2_panic_selling_defi,eurozone,USDC
318,0.7455742930426001,40887558715.603424,843,S2_panic_selling_defi,eurozone,USDC
319,0.7742461564447405,39865369747.71333,843,S2_panic_selling_defi,eurozone,USDC
320,0.8037440950935915,38868735504.0205,843,S2_panic_selling_defi,eurozone,USDC
321,0.8197927513598643,37897017116.41998,843,S2_panic_selling_defi,eurozone,USDC
322,0.796249580186037,36949591688.50949,843,S2_panic_selling_defi,eurozone,USDC
323,0.8131376870402047,36025851896.29675,843,S2_panic_selling_defi,eurozone,USDC
324,0.7973153961853198,35125205598.88933,843,S2_panic_selling_defi,eurozone,USDC
325,0.8029991529766011,34247075458.9171,843,S2_panic_selling_defi,eurozone,USDC
326,0.8021000816830922,33390898572.444168,843,S2_panic_selling_defi,eurozone,USDC
327,0.8242735953766206,32556126108.133068,843,S2_panic_selling_defi,eurozone,USDC
328,0.8171854683395138,31742222955.42974,843,S2_panic_selling_defi,eurozone,USDC
329,0.8142029019531215,30948667381.54399,843,S2_panic_selling_defi,eurozone,USDC
330,0.8258490973146091,30174950697.005394,843,S2_panic_selling_defi,eurozone,USDC
331,0.8215132500398991,29420576929.58026,843,S2_panic_selling_defi,eurozone,USDC
332,0.8379210669305054,28685062506.34075,843,S2_panic_selling_defi,eurozone,USDC
333,0.8404766315503792,27967935943.68223,843,S2_panic_selling_defi,eurozone,USDC
334,0.8366380892906812,27268737545.09018,843,S2_panic_selling_defi,eurozone,USDC
335,0.8330541113272009,26587019106.46292,843,S2_panic_selling_defi,eurozone,USDC
336,0.8573705488595241,25922343628.801353,843,S2_panic_selling_defi,eurozone,USDC
337,0.853119510502649,25274285038.081318,843,S2_panic_selling_defi,eurozone,USDC
338,0.8601127212481401,24642427912.129284,843,S2_panic_selling_defi,eurozone,USDC
339,0.9051249057425504,24026367214.326054,843,S2_panic_selling_defi,eurozone,USDC
340,0.8787023756652824,23425708033.9679,843,S2_panic_selling_defi,eurozone,USDC
341,0.8720390583774252,22840065333.118702,843,S2_panic_selling_defi,eurozone,USDC
342,0.8603825060721352,22269063699.790733,843,S2_panic_selling_defi,eurozone,USDC
343,0.8446131629737356,21712337107.295967,843,S2_panic_selling_defi,eurozone,USDC
344,0.8591257411843094,21169528679.613567,843,S2_panic_selling_defi,eurozone,USDC
345,0.8449171903307363,20640290462.62323,843,S2_panic_selling_defi,eurozone,USDC
346,0.833073496371345,20124283201.057648,843,S2_panic_selling_defi,eurozone,USDC
347,0.8776954749974362,19621176121.031204,843,S2_panic_selling_defi,eurozone,USDC
348,0.831554596225224,19130646718.005424,843,S2_panic_selling_defi,eurozone,USDC
349,0.81840225346427,18652380550.05529,843,S2_panic_selling_defi,eurozone,USDC
350,0.8148132443435213,18186071036.30391,843,S2_panic_selling_defi,eurozone,USDC
351,0.8151035048537523,17731419260.396313,843,S2_panic_selling_defi,eurozone,USDC
352,0.8214004323709942,17288133778.886406,843,S2_panic_selling_defi,eurozone,USDC
353,0.8104925775311349,16855930434.414244,843,S2_panic_selling_defi,eurozone,USDC
354,0.7967928168645645,16434532173.553886,843,S2_panic_selling_defi,eurozone,USDC
355,0.7674941325594627,16023668869.215038,843,S2_panic_selling_defi,eurozone,USDC
356,0.789573584472446,15623077147.484663,843,S2_panic_selling_defi,eurozone,USDC
357,0.7941860134452329,15232500218.797546,843,S2_panic_selling_defi,eurozone,USDC
358,0.8145755353750495,14851687713.327606,843,S2_panic_selling_defi,eurozone,USDC
359,0.8093255255227763,14480395520.494415,843,S2_panic_selling_defi,eurozone,USDC
360,0.7774451976209611,14118385632.482056,843,S2_panic_selling_defi,eurozone,USDC
361,0.7556659017504149,13765425991.670006,843,S2_panic_selling_defi,eurozone,USDC
362,0.7589824263869419,13421290341.878254,843,S2_panic_selling_defi,eurozone,USDC
363,0.7714359574553898,13085758083.3313,843,S2_panic_selling_defi,eurozone,USDC
364,0.7397985230317615,12758614131.248018,843,S2_panic_selling_defi,eurozone,USDC
365,0.7524195845942471,12439648777.966816,843,S2_panic_selling_defi,eurozone,USDC
366,0.7468443053601124,12128657558.517647,843,S2_panic_selling_defi,eurozone,USDC
367,0.7361257487254199,11825441119.554705,843,S2_panic_selling_defi,eurozone,USDC
368,0.755909173371179,11529805091.565838,843,S2_panic_selling_defi,eurozone,USDC
369,0.7821030963309397,11241559964.276691,843,S2_panic_selling_defi,eurozone,USDC
370,0.7980962735355328,10960520965.169773,843,S2_panic_selling_defi,eurozone,USDC
371,0.7996849336049049,10686507941.04053,843,S2_panic_selling_defi,eurozone,USDC
372,0.8013510265176097,10419345242.514517,843,S2_panic_selling_defi,eurozone,USDC
373,0.8113401481126444,10158861611.451653,843,S2_panic_selling_defi,eurozone,USDC
374,0.7879987395992046,9904890071.165361,843,S2_panic_selling_defi,eurozone,USDC
375,0.8023879498926499,9657267819.386229,843,S2_panic_selling_defi,eurozone,USDC
376,0.8063235308566662,9415836123.901573,843,S2_panic_selling_defi,eurozone,USDC
377,0.8104419034335859,9180440220.804033,843,S2_panic_selling_defi,eurozone,USDC
378,0.8169151118306498,8950929215.283932,843,S2_panic_selling_defi,eurozone,USDC
379,0.8103988509224713,8727155984.901834,843,S2_panic_selling_defi,eurozone,USDC
380,0.7929873334318799,8508977085.279288,843,S2_panic_selling_defi,eurozone,USDC
381,0.8027867408818146,8296252658.1473055,843,S2_panic_selling_defi,eurozone,USDC
382,0.794638207789982,8088846341.693623,843,S2_panic_selling_defi,eurozone,USDC
383,0.7992206472281035,7886625183.151283,843,S2_panic_selling_defi,eurozone,USDC
384,0.8303667630799151,7689459553.572501,843,S2_panic_selling_defi,eurozone,USDC
385,0.8417438638657655,7497223064.733189,843,S2_panic_selling_defi,eurozone,USDC
386,0.8364757439058574,7309792488.114859,843,S2_panic_selling_defi,eurozone,USDC
387,0.8204006543298479,7127047675.911987,843,S2_panic_selling_defi,eurozone,USDC
388,0.8224393121919547,6948871484.014188,843,S2_panic_selling_defi,eurozone,USDC
389,0.824463982016161,6775149696.913834,843,S2_panic_selling_defi,eurozone,USDC
390,0.7923112583967087,6605770954.490988,843,S2_panic_selling_defi,eurozone,USDC
391,0.7786402743234765,6440626680.628713,843,S2_panic_selling_defi,eurozone,USDC
392,0.7611525110370242,6279611013.612994,843,S2_panic_selling_defi,eurozone,USDC
393,0.767413534654975,6122620738.27267,843,S2_panic_selling_defi,eurozone,USDC
394,0.7603196002795983,5969555219.815853,843,S2_panic_selling_defi,eurozone,USDC
395,0.7677743258550317,5820316339.3204565,843,S2_panic_selling_defi,eurozone,USDC
396,0.7678819170272273,5674808430.837445,843,S2_panic_selling_defi,eurozone,USDC
397,0.7605841066374243,5532938220.066509,843,S2_panic_selling_defi,eurozone,USDC
398,0.7682467669599751,5394614764.564846,843,S2_panic_selling_defi,eurozone,USDC
399,0.7728061740673327,5259749395.450726,843,S2_panic_selling_defi,eurozone,USDC
400,0.7447578057833221,5128255660.564457,843,S2_panic_selling_defi,eurozone,USDC
401,0.7370219680059239,5000049269.050345,843,S2_panic_selling_defi,eurozone,USDC
402,0.7379024672818773,4875048037.324087,843,S2_panic_selling_defi,eurozone,USDC
403,0.7496000746082134,4753171836.390985,843,S2_panic_selling_defi,eurozone,USDC
404,0.7491301361888492,4634342540.48121,843,S2_panic_selling_defi,eurozone,USDC
405,0.7548087263877588,4518483976.969179,843,S2_panic_selling_defi,eurozone,USDC
406,0.77922186353117,4405521877.54495,843,S2_panic_selling_defi,eurozone,USDC
407,0.7650971337995485,4295383830.606326,843,S2_panic_selling_defi,eurozone,USDC
408,0.7979526283083027,4187999234.8411674,843,S2_panic_selling_defi,eurozone,USDC
409,0.8045296459012983,4083299253.9701385,843,S2_panic_selling_defi,eurozone,USDC
410,0.791645334062519,3981216772.6208854,843,S2_panic_selling_defi,eurozone,USDC
411,0.7769712131621941,3881686353.305363,843,S2_panic_selling_defi,eurozone,USDC
412,0.7986103795313674,3784644194.4727287,843,S2_panic_selling_defi,eurozone,USDC
413,0.8190804608640306,3690028089.6109104,843,S2_panic_selling_defi,eurozone,USDC
414,0.6952087928404203,3597777387.370638,843,S2_panic_selling_defi,eurozone,USDC
415,0.7174245848132027,3507832952.6863723,843,S2_panic_selling_defi,eurozone,USDC
416,0.721024473376252,3420137128.869212,843,S2_panic_selling_defi,eurozone,USDC
417,0.737193291786444,3334633700.647483,843,S2_panic_selling_defi,eurozone,USDC
418,0.7738606335550974,3251267858.1312957,843,S2_panic_selling_defi,eurozone,USDC
419,0.7615333757027645,3169986161.678013,843,S2_panic_selling_defi,eurozone,USDC
420,0.7541843720471211,3090736507.6360626,843,S2_panic_selling_defi,eurozone,USDC
421,0.7407107110907193,3013468094.945161,843,S2_panic_selling_defi,eurozone,USDC
422,0.7565613843442924,2938131392.5715322,843,S2_panic_selling_defi,eurozone,USDC
423,0.7506838754395249,2864678107.7572436,843,S2_panic_selling_defi,eurozone,USDC
424,0.770557229094655,2793061155.0633125,843,S2_panic_selling_defi,eurozone,USDC
425,0.75402951283969,2723234626.1867294,843,S2_panic_selling_defi,eurozone,USDC
426,0.7638353853134007,2655153760.5320616,843,S2_panic_selling_defi,eurozone,USDC
427,0.7650440675590949,2588774916.5187597,843,S2_panic_selling_defi,eurozone,USDC
428,0.7534216909306618,2524055543.605791,843,S2_panic_selling_defi,eurozone,USDC
429,0.7345394062175896,2460954155.0156465,843,S2_panic_selling_defi,eurozone,USDC
430,0.7389085848526262,2399430301.140255,843,S2_panic_selling_defi,eurozone,USDC
431,0.7245920833607857,2339444543.6117487,843,S2_panic_selling_defi,eurozone,USDC
432,0.7095824614814288,2280958430.021455,843,S2_panic_selling_defi,eurozone,USDC
433,0.748784114685666,2223934469.270919,843,S2_panic_selling_defi,eurozone,USDC
434,0.760105125606041,2168336107.5391455,843,S2_panic_selling_defi,eurozone,USDC
435,0.7607277124025982,2114127704.850667,843,S2_panic_selling_defi,eurozone,USDC
436,0.7960348860066702,2061274512.2294006,843,S2_panic_selling_defi,eurozone,USDC
437,0.8008167302985804,2009742649.4236655,843,S2_panic_selling_defi,eurozone,USDC
438,0.7963829207342356,1959499083.1880739,843,S2_panic_selling_defi,eurozone,USDC
439,0.7912251873959443,1910511606.1083717,843,S2_panic_selling_defi,eurozone,USDC
440,0.7942692591682338,1862748815.9556625,843,S2_panic_selling_defi,eurozone,USDC
441,0.8001746471822394,1816180095.5567708,843,S2_panic_selling_defi,eurozone,USDC
442,0.8098101014979947,1770775593.1678517,843,S2_panic_selling_defi,eurozone,USDC
443,0.8224504480163376,1726506203.3386555,843,S2_panic_selling_defi,eurozone,USDC
444,0.8139503531465203,1683343548.2551892,843,S2_panic_selling_defi,eurozone,USDC
445,0.8161514996621239,1641259959.548809,843,S2_panic_selling_defi,eurozone,USDC
446,0.8131134586634842,1600228460.560089,843,S2_panic_selling_defi,eurozone,USDC
447,0.8121811470881871,1560222749.0460868,843,S2_panic_selling_defi,eurozone,USDC
448,0.8240982628866623,1521217180.3199346,843,S2_panic_selling_defi,eurozone,USDC
449,0.8440540727935911,1483186750.8119364,843,S2_panic_selling_defi,eurozone,USDC
450,0.8451770860078979,1446107082.041638,843,S2_panic_selling_defi,eurozone,USDC
451,0.8663674476396893,1409954404.990597,843,S2_panic_selling_defi,eurozone,USDC
452,0.854078078762486,1374705544.865832,843,S2_panic_selling_defi,eurozone,USDC
453,0.8425534351255145,1340337906.2441862,843,S2_panic_selling_defi,eurozone,USDC
454,0.8521155070641728,1306829458.5880816,843,S2_panic_selling_defi,eurozone,USDC
455,0.850795043286213,1274158722.1233797,843,S2_panic_selling_defi,eurozone,USDC
456,0.855876124667639,1242304754.070295,843,S2_panic_selling_defi,eurozone,USDC
457,0.8225046962175581,1211247135.2185378,843,S2_panic_selling_defi,eurozone,USDC
458,0.8197648936714814,1180965956.8380742,843,S2_panic_selling_defi,eurozone,USDC
459,0.798761422745484,1151441807.9171224,843,S2_panic_selling_defi,eurozone,USDC
460,0.7974876183944718,1122655762.7191944,843,S2_panic_selling_defi,eurozone,USDC
461,0.8105166363349667,1094589368.6512146,843,S2_panic_selling_defi,eurozone,USDC
462,0.8035108728773,1067224634.4349341,843,S2_panic_selling_defi,eurozone,USDC
463,0.7890588316445609,1040544018.5740607,843,S2_panic_selling_defi,eurozone,USDC
464,0.8043325321844537,1014530418.1097093,843,S2_panic_selling_defi,eurozone,USDC
465,0.8048960374230772,989167157.6569664,843,S2_panic_selling_defi,eurozone,USDC
466,0.827115469996234,964437978.7155423,843,S2_panic_selling_defi,eurozone,USDC
467,0.8478824394239171,940327029.2476537,843,S2_panic_selling_defi,eurozone,USDC
468,0.8636338095176035,916818853.5164623,843,S2_panic_selling_defi,eurozone,USDC
469,0.8642155011702595,893898382.1785508,843,S2_panic_selling_defi,eurozone,USDC
470,0.8626697012241167,871550922.6240871,843,S2_panic_selling_defi,eurozone,USDC
471,0.842930455780991,849762149.5584849,843,S2_panic_selling_defi,eurozone,USDC
472,0.834939744257095,828518095.8195229,843,S2_panic_selling_defi,eurozone,USDC
473,0.820946533713694,807805143.4240348,843,S2_panic_selling_defi,eurozone,USDC
474,0.8175927930639608,787610014.8384339,843,S2_panic_selling_defi,eurozone,USDC
475,0.7883492600430342,767919764.467473,843,S2_panic_selling_defi,eurozone,USDC
476,0.7939248735677829,748721770.3557862,843,S2_panic_selling_defi,eurozone,USDC
477,0.7902988634823604,730003726.0968915,843,S2_panic_selling_defi,eurozone,USDC
478,0.8036641374152564,711753632.9444692,843,S2_panic_selling_defi,eurozone,USDC
479,0.8213705863498906,693959792.1208575,843,S2_panic_selling_defi,eurozone,USDC
480,0.829227073275624,676610797.317836,843,S2_panic_selling_defi,eurozone,USDC
481,0.8334140279614615,659695527.3848901,843,S2_panic_selling_defi,eurozone,USDC
482,0.819553662391176,643203139.2002678,843,S2_panic_selling_defi,eurozone,USDC
483,0.8092254695140793,627123060.7202611,843,S2_panic_selling_defi,eurozone,USDC
484,0.7799534515142129,611444984.2022547,843,S2_panic_selling_defi,eurozone,USDC
485,0.7766372579512927,596158859.5971982,843,S2_panic_selling_defi,eurozone,USDC
486,0.7812889624387207,581254888.1072682,843,S2_panic_selling_defi,eurozone,USDC
487,0.7663086084914493,566723515.9045866,843,S2_panic_selling_defi,eurozone,USDC
488,0.7700278331791393,552555428.0069718,843,S2_panic_selling_defi,eurozone,USDC
489,0.7672353291288289,538741542.3067975,843,S2_panic_selling_defi,eurozone,USDC
490,0.7567996240494207,525273003.7491276,843,S2_panic_selling_defi,eurozone,USDC
491,0.769740136779553,512141178.65539944,843,S2_panic_selling_defi,eurozone,USDC
492,0.7565686505828343,499337649.18901443,843,S2_panic_selling_defi,eurozone,USDC
493,0.7494322157772353,486854207.9592891,843,S2_panic_selling_defi,eurozone,USDC
494,0.7644366136215267,474682852.76030684,843,S2_panic_selling_defi,eurozone,USDC
495,0.737721032899354,462815781.4412992,843,S2_panic_selling_defi,eurozone,USDC
496,0.763612806014671,451245386.9052667,843,S2_panic_selling_defi,eurozone,USDC
497,0.7553966579722348,439964252.232635,843,S2_panic_selling_defi,eurozone,USDC
498,0.7300607610483607,428965145.9268191,843,S2_panic_selling_defi,eurozone,USDC
499,0.7391299210442173,418241017.2786486,843,S2_panic_selling_defi,eurozone,USDC
500,0.7655931810859911,407784991.8466824,843,S2_panic_selling_defi,eurozone,USDC
501,0.771783550878238,397590367.05051535,843,S2_panic_selling_defi,eurozone,USDC
502,0.7571164059641564,387650607.87425244,843,S2_panic_selling_defi,eurozone,USDC
503,0.7654700208518265,377959342.6773962,843,S2_panic_selling_defi,eurozone,USDC
504,0.7663228501754179,368510359.11046124,843,S2_panic_selling_defi,eurozone,USDC
505,0.7532326366190422,359297600.1326997,843,S2_panic_selling_defi,eurozone,USDC
506,0.7667512627002567,350315160.12938225,843,S2_panic_selling_defi,eurozone,USDC
507,0.7738902399352429,341557281.1261477,843,S2_panic_selling_defi,eurozone,USDC
508,0.7809295236244408,333018349.09799397,843,S2_panic_selling_defi,eurozone,USDC
509,0.7794418909607408,324692890.37054414,843,S2_panic_selling_defi,eurozone,USDC
510,0.7765170999555354,316575568.11128056,843,S2_panic_selling_defi,eurozone,USDC
511,0.7788635786766117,308661178.9084985,843,S2_panic_selling_defi,eurozone,USDC
512,0.8094196851165822,300944649.43578607,843,S2_panic_selling_defi,eurozone,USDC
513,0.8459558991659509,293421033.19989145,843,S2_panic_selling_defi,eurozone,USDC
514,0.8455445455239842,286085507.36989415,843,S2_panic_selling_defi,eurozone,USDC
515,0.833461753874581,278933369.6856468,843,S2_panic_selling_defi,eurozone,USDC
516,0.8376230522327427,271960035.4435056,843,S2_panic_selling_defi,eurozone,USDC
517,0.8143804563159988,265161034.55741793,843,S2_panic_selling_defi,eurozone,USDC
518,0.808389732262229,258532008.69348252,843,S2_panic_selling_defi,eurozone,USDC
519,0.805179104842215,252068708.47614545,843,S2_panic_selling_defi,eurozone,USDC
520,0.7869986888218028,245766990.7642418,843,S2_panic_selling_defi,eurozone,USDC
521,0.7744217694696977,239622815.99513575,843,S2_panic_selling_defi,eurozone,USDC
522,0.7871845007694054,233632245.59525734,843,S2_panic_selling_defi,eurozone,USDC
523,0.7632425889739173,227791439.4553759,843,S2_panic_selling_defi,eurozone,USDC
524,0.7717795615021984,222096653.46899155,843,S2_panic_selling_defi,eurozone,USDC
525,0.7505463327429406,216544237.13226676,843,S2_panic_selling_defi,eurozone,USDC
526,0.7525114466809365,211130631.20396006,843,S2_panic_selling_defi,eurozone,USDC
527,0.7712341934267569,205852365.42386106,843,S2_panic_selling_defi,eurozone,USDC
528,0.7808466192028315,200706056.28826454,843,S2_panic_selling_defi,eurozone,USDC
529,0.7852754561309296,195688404.88105792,843,S2_panic_selling_defi,eurozone,USDC
530,0.7664397732426002,190796194.75903147,843,S2_panic_selling_defi,eurozone,USDC
531,0.7563724157921466,186026289.8900557,843,S2_panic_selling_defi,eurozone,USDC
532,0.7847485646258703,181375632.6428043,843,S2_panic_selling_defi,eurozone,USDC
533,0.7961647495216388,176841241.8267342,843,S2_panic_selling_defi,eurozone,USDC
534,0.8032401670527548,172420210.78106582,843,S2_panic_selling_defi,eurozone,USDC
535,0.8133832719051657,168109705.5115392,843,S2_panic_selling_defi,eurozone,USDC
536,0.7941373810119896,163906962.87375072,843,S2_panic_selling_defi,eurozone,USDC
537,0.807004789939371,159809288.80190694,843,S2_panic_selling_defi,eurozone,USDC
538,0.7995465494036987,155814056.5818593,843,S2_panic_selling_defi,eurozone,USDC
539,0.8038899480080283,151918705.1673128,843,S2_panic_selling_defi,eurozone,USDC
540,0.7834577978399734,148120737.53813,843,S2_panic_selling_defi,eurozone,USDC
541,0.7993120509027711,144417719.09967673,843,S2_panic_selling_defi,eurozone,USDC
542,0.7788988412918788,140807276.1221848,843,S2_panic_selling_defi,eurozone,USDC
543,0.7736517200474564,137287094.2191302,843,S2_panic_selling_defi,eurozone,USDC
544,0.7437268795191774,133854916.86365193,843,S2_panic_selling_defi,eurozone,USDC
545,0.7667887152443157,130508543.94206063,843,S2_panic_selling_defi,eurozone,USDC
546,0.7740570074407507,127245830.34350912,843,S2_panic_selling_defi,eurozone,USDC
547,0.7604813244958564,124064684.5849214,843,S2_panic_selling_defi,eurozone,USDC
548,0.7506288637453006,120963067.47029836,843,S2_panic_selling_defi,eurozone,USDC
549,0.7448840439388664,117938990.7835409,843,S2_panic_selling_defi,eurozone,USDC
550,0.7703250496138582,114990516.01395237,843,S2_panic_selling_defi,eurozone,USDC
551,0.7582897800847075,112115753.11360356,843,S2_panic_selling_defi,eurozone,USDC
552,0.7732831544585125,109312859.2857635,843,S2_panic_selling_defi,eurozone,USDC
553,0.7460894633454153,106580037.80361941,843,S2_panic_selling_defi,eurozone,USDC
554,0.7566533201802783,103915536.85852891,843,S2_panic_selling_defi,eurozone,USDC
555,0.7372474979709123,101317648.43706569,843,S2_panic_selling_defi,eurozone,USDC
556,0.7415968489440156,98784707.22613905,843,S2_panic_selling_defi,eurozone,USDC
557,0.7164906290446256,96315089.54548557,843,S2_panic_selling_defi,eurozone,USDC
558,0.7676063351953278,93907212.30684844,843,S2_panic_selling_defi,eurozone,USDC
559,0.7334878724977598,91559531.99917722,843,S2_panic_selling_defi,eurozone,USDC
560,0.758423414290581,89270543.6991978,843,S2_panic_selling_defi,eurozone,USDC
561,0.7685296524658829,87038780.10671785,843,S2_panic_selling_defi,eurozone,USDC
562,0.7647617790262421,84862810.6040499,843,S2_panic_selling_defi,eurozone,USDC
563,0.7816875142333263,82741240.33894867,843,S2_panic_selling_defi,eurozone,USDC
564,0.7999793456190816,80672709.33047494,843,S2_panic_selling_defi,eurozone,USDC
565,0.7557886732942689,78655891.59721306,843,S2_panic_selling_defi,eurozone,USDC
566,0.7672753422936,76689494.30728275,843,S2_panic_selling_defi,eurozone,USDC
567,0.7580706748038232,74772256.94960067,843,S2_panic_selling_defi,eurozone,USDC
568,0.7594133593745537,72902950.52586065,843,S2_panic_selling_defi,eurozone,USDC
569,0.7728651961030332,71080376.76271415,843,S2_panic_selling_defi,eurozone,USDC
570,0.7702575897045987,69303367.34364629,843,S2_panic_selling_defi,eurozone,USDC
571,0.7654917657644871,67570783.16005513,843,S2_panic_selling_defi,eurozone,USDC
572,0.7556579490128239,65881513.58105375,843,S2_panic_selling_defi,eurozone,USDC
573,0.7521493066098895,64234475.74152741,843,S2_panic_selling_defi,eurozone,USDC
574,0.7595798319451941,62628613.84798922,843,S2_panic_selling_defi,eurozone,USDC
575,0.7512305997091133,61062898.50178948,843,S2_panic_selling_defi,eurozone,USDC
576,0.7487170036788267,59536326.039244756,843,S2_panic_selling_defi,eurozone,USDC
577,0.7509208076740532,58047917.88826363,843,S2_panic_selling_defi,eurozone,USDC
578,0.7376628106681165,56596719.94105704,843,S2_panic_selling_defi,eurozone,USDC
579,0.7210758489938058,55181801.94253061,843,S2_panic_selling_defi,eurozone,USDC
580,0.7308638247498158,53802256.893967345,843,S2_panic_selling_defi,eurozone,USDC
581,0.7400996910516608,52457200.47161816,843,S2_panic_selling_defi,eurozone,USDC
582,0.7213196657054044,51145770.459827706,843,S2_panic_selling_defi,eurozone,USDC
583,0.7241802893393264,49867126.19833201,843,S2_panic_selling_defi,eurozone,USDC
584,0.7486195378560231,48620448.04337371,843,S2_panic_selling_defi,eurozone,USDC
585,0.7652445091254427,47404936.84228937,843,S2_panic_selling_defi,eurozone,USDC
586,0.7557438235458888,46219813.421232134,843,S2_panic_selling_defi,eurozone,USDC
587,0.7664434273601924,45064318.08570133,843,S2_panic_selling_defi,eurozone,USDC
588,0.7753777468578641,43937710.1335588,843,S2_panic_selling_defi,eurozone,USDC
589,0.7423644764824269,42839267.38021983,843,S2_panic_selling_defi,eurozone,USDC
590,0.7360061256538201,41768285.69571433,843,S2_panic_selling_defi,eurozone,USDC
591,0.7506044097230529,40724078.55332147,843,S2_panic_selling_defi,eurozone,USDC
592,0.7610881817999008,39705976.58948843,843,S2_panic_selling_defi,eurozone,USDC
593,0.7515225619131425,38713327.17475122,843,S2_panic_selling_defi,eurozone,USDC
594,0.7516159255014235,37745493.99538244,843,S2_panic_selling_defi,eurozone,USDC
595,0.7682400531568114,36801856.64549788,843,S2_panic_selling_defi,eurozone,USDC
596,0.8104516859265828,35881810.22936043,843,S2_panic_selling_defi,eurozone,USDC
597,0.790159084633187,34984764.97362642,843,S2_panic_selling_defi,eurozone,USDC
598,0.7821314130919402,34110145.84928576,843,S2_panic_selling_defi,eurozone,USDC
599,0.7968358684536206,33257392.203053612,843,S2_panic_selling_defi,eurozone,USDC
600,0.761128221876292,32425957.39797727,843,S2_panic_selling_defi,eurozone,USDC
601,0.7810246785040399,31615308.463027842,843,S2_panic_selling_defi,eurozone,USDC
602,0.7651393566240321,30824925.751452144,843,S2_panic_selling_defi,eurozone,USDC
603,0.7618356326679999,30054302.60766584,843,S2_panic_selling_defi,eurozone,USDC
604,0.7566225585150669,29302945.042474195,843,S2_panic_selling_defi,eurozone,USDC
605,0.7474797713924646,28570371.41641234,843,S2_panic_selling_defi,eurozone,USDC
606,0.7225160054852429,27856112.131002035,843,S2_panic_selling_defi,eurozone,USDC
607,0.7204728394655016,27159709.327726983,843,S2_panic_selling_defi,eurozone,USDC
608,0.7259903445263443,26480716.59453381,843,S2_panic_selling_defi,eurozone,USDC
609,0.7282043309520772,25818698.67967046,843,S2_panic_selling_defi,eurozone,USDC
610,0.7116450566531624,25173231.2126787,843,S2_panic_selling_defi,eurozone,USDC
611,0.7270027345992336,24543900.432361733,843,S2_panic_selling_defi,eurozone,USDC
612,0.7400036747364526,23930302.921552688,843,S2_panic_selling_defi,eurozone,USDC
613,0.7465502772696163,23332045.34851387,843,S2_panic_selling_defi,eurozone,USDC
614,0.7503790928756227,22748744.214801025,843,S2_panic_selling_defi,eurozone,USDC
615,0.7826453986264992,22180025.609431,843,S2_panic_selling_defi,eurozone,USDC
616,0.7669073369677628,21625524.969195224,843,S2_panic_selling_defi,eurozone,USDC
617,0.7754669999719775,21084886.844965342,843,S2_panic_selling_defi,eurozone,USDC
618,0.782525822393191,20557764.67384121,843,S2_panic_selling_defi,eurozone,USDC
619,0.7916533512459661,20043820.55699518,843,S2_panic_selling_defi,eurozone,USDC
620,0.8025027533398112,19542725.0430703,843,S2_panic_selling_defi,eurozone,USDC
621,0.7882580887009815,19054156.916993544,843,S2_panic_selling_defi,eurozone,USDC
622,0.7944660461534819,18577802.994068705,843,S2_panic_selling_defi,eurozone,USDC
623,0.8058685500165933,18113357.91921699,843,S2_panic_selling_defi,eurozone,USDC
624,0.7884626711254937,17660523.97123656,843,S2_panic_selling_defi,eurozone,USDC
625,0.8061396841957507,17219010.871955648,843,S2_panic_selling_defi,eurozone,USDC
626,0.7875079033606006,16788535.600156758,843,S2_panic_selling_defi,eurozone,USDC
627,0.7752674458676009,16368822.210152838,843,S2_panic_selling_defi,eurozone,USDC
628,0.810264692540958,15959601.65489902,843,S2_panic_selling_defi,eurozone,USDC
629,0.784799603524247,15560611.613526542,843,S2_panic_selling_defi,eurozone,USDC
630,0.8102259489718117,15171596.32318838,843,S2_panic_selling_defi,eurozone,USDC
631,0.7972729884202829,14792306.41510867,843,S2_panic_selling_defi,eurozone,USDC
632,0.7354447301454008,14422498.754730953,843,S2_panic_selling_defi,eurozone,USDC
633,0.7303706233440995,14061936.285862677,843,S2_panic_selling_defi,eurozone,USDC
634,0.7194583773391159,13710387.878716111,843,S2_panic_selling_defi,eurozone,USDC
635,0.7273113388131275,13367628.181748211,843,S2_panic_selling_defi,eurozone,USDC
636,0.7389366986951595,13033437.477204505,843,S2_panic_selling_defi,eurozone,USDC
637,0.754383453550046,12707601.540274393,843,S2_panic_selling_defi,eurozone,USDC
638,0.7300553444679239,12389911.501767533,843,S2_panic_selling_defi,eurozone,USDC
639,0.7413443304897235,12080163.714223344,843,S2_panic_selling_defi,eurozone,USDC
640,0.7422164641994942,11778159.62136776,843,S2_panic_selling_defi,eurozone,USDC
641,0.7413490980434001,11483705.630833566,843,S2_panic_selling_defi,eurozone,USDC
642,0.7555259754081776,11196612.990062727,843,S2_panic_selling_defi,eurozone,USDC
643,0.7352762679470731,10916697.665311158,843,S2_panic_selling_defi,eurozone,USDC
644,0.7170681984067909,10643780.223678378,843,S2_panic_selling_defi,eurozone,USDC
645,0.7237917645100439,10377685.71808642,843,S2_panic_selling_defi,eurozone,USDC
646,0.7261636058772811,10118243.575134259,843,S2_panic_selling_defi,eurozone,USDC
647,0.736914466803335,9865287.485755902,843,S2_panic_selling_defi,eurozone,USDC
648,0.7452834641221958,9618655.298612004,843,S2_panic_selling_defi,eurozone,USDC
649,0.7421686214415801,9378188.916146705,843,S2_panic_selling_defi,eurozone,USDC
650,0.738027331552989,9143734.193243038,843,S2_panic_selling_defi,eurozone,USDC
651,0.7630272640652644,8915140.83841196,843,S2_panic_selling_defi,eurozone,USDC
652,0.7733361895050742,8692262.317451663,843,S2_panic_selling_defi,eurozone,USDC
653,0.7692487422703576,8474955.75951537,843,S2_panic_selling_defi,eurozone,USDC
654,0.7801891222543813,8263081.865527486,843,S2_panic_selling_defi,eurozone,USDC
655,0.7741500459695853,8056504.818889299,843,S2_panic_selling_defi,eurozone,USDC
656,0.7833950338707234,7855092.198417066,843,S2_panic_selling_defi,eurozone,USDC
657,0.7765854977096366,7658714.89345664,843,S2_panic_selling_defi,eurozone,USDC
658,0.8017916169549107,7467247.021120224,843,S2_panic_selling_defi,eurozone,USDC
659,0.7800038058686372,7280565.845592219,843,S2_panic_selling_defi,eurozone,USDC
660,0.7712800946699023,7098551.699452414,843,S2_panic_selling_defi,eurozone,USDC
661,0.7781887508706805,6921087.906966103,843,S2_panic_selling_defi,eurozone,USDC
662,0.8006502720236779,6748060.70929195,843,S2_panic_selling_defi,eurozone,USDC
663,0.6796619232647222,6579359.191559651,843,S2_panic_selling_defi,eurozone,USDC
664,0.6787661746531958,6414875.211770659,843,S2_panic_selling_defi,eurozone,USDC
665,0.6820733639818165,6254503.331476394,843,S2_panic_selling_defi,eurozone,USDC
666,0.7116870519792549,6098140.748189484,843,S2_panic_selling_defi,eurozone,USDC
667,0.7314999100528169,5945687.229484746,843,S2_panic_selling_defi,eurozone,USDC
668,0.7318747821938324,5797045.048747628,843,S2_panic_selling_defi,eurozone,USDC
669,0.7390597636762452,5652118.922528937,843,S2_panic_selling_defi,eurozone,USDC
670,0.7556611380750881,5510815.949465713,843,S2_panic_selling_defi,eurozone,USDC
671,0.753721996070361,5373045.550729071,843,S2_panic_selling_defi,eurozone,USDC
672,0.7644996501549826,5238719.411960844,843,S2_panic_selling_defi,eurozone,USDC
673,0.7936376388015943,5107751.426661823,843,S2_panic_selling_defi,eurozone,USDC
674,0.7851095415478312,4980057.640995277,843,S2_panic_selling_defi,eurozone,USDC
675,0.7913027144978402,4855556.199970395,843,S2_panic_selling_defi,eurozone,USDC
676,0.7826152564844862,4734167.294971135,843,S2_panic_selling_defi,eurozone,USDC
677,0.754796743776876,4615813.112596857,843,S2_panic_selling_defi,eurozone,USDC
678,0.7616209758192072,4500417.784781936,843,S2_panic_selling_defi,eurozone,USDC
679,0.7726582244596064,4387907.340162388,843,S2_panic_selling_defi,eurozone,USDC
680,0.7389591822156527,4278209.656658328,843,S2_panic_selling_defi,eurozone,USDC
681,0.7483427496988857,4171254.41524187,843,S2_panic_selling_defi,eurozone,USDC
682,0.756784094353345,4066973.0548608233,843,S2_panic_selling_defi,eurozone,USDC
683,0.7631615717320582,3965298.728489302,843,S2_panic_selling_defi,eurozone,USDC
684,0.755979596018994,3866166.2602770696,843,S2_panic_selling_defi,eurozone,USDC
685,0.7688359255633347,3769512.1037701434,843,S2_panic_selling_defi,eurozone,USDC
686,0.7356374932710457,3675274.3011758896,843,S2_panic_selling_defi,eurozone,USDC
687,0.7227047819290195,3583392.443646492,843,S2_panic_selling_defi,eurozone,USDC
688,0.7308799313302744,3493807.6325553297,843,S2_panic_selling_defi,eurozone,USDC
689,0.7178035444568597,3406462.441741447,843,S2_panic_selling_defi,eurozone,USDC
690,0.7453342739796941,3321300.8806979107,843,S2_panic_selling_defi,eurozone,USDC
691,0.7705760322292571,3238268.3586804625,843,S2_panic_selling_defi,eurozone,USDC
692,0.7727489602172533,3157311.649713451,843,S2_panic_selling_defi,eurozone,USDC
693,0.7565967301053701,3078378.858470615,843,S2_panic_selling_defi,eurozone,USDC
694,0.7460190248754475,3001419.3870088495,843,S2_panic_selling_defi,eurozone,USDC
695,0.7727218089183875,2926383.902333628,843,S2_panic_selling_defi,eurozone,USDC
696,0.7948536490546231,2853224.3047752874,843,S2_panic_selling_defi,eurozone,USDC
697,0.7900959345964583,2781893.697155905,843,S2_panic_selling_defi,eurozone,USDC
698,0.7854409480869557,2712346.3547270074,843,S2_panic_selling_defi,eurozone,USDC
699,0.7804873080606021,2644537.6958588324,843,S2_panic_selling_defi,eurozone,USDC
700,0.7678283528520546,2578424.2534623616,843,S2_panic_selling_defi,eurozone,USDC
701,0.757545648534607,2513963.6471258025,843,S2_panic_selling_defi,eurozone,USDC
702,0.7385323346345964,2451114.5559476577,843,S2_panic_selling_defi,eurozone,USDC
703,0.7569153255812252,2389836.692048966,843,S2_panic_selling_defi,eurozone,USDC
704,0.7582596637959579,2330090.774747742,843,S2_panic_selling_defi,eurozone,USDC
705,0.7544805711570536,2271838.505379048,843,S2_panic_selling_defi,eurozone,USDC
706,0.7567194735918615,2215042.5427445723,843,S2_panic_selling_defi,eurozone,USDC
707,0.7732546856350537,2159666.479175958,843,S2_panic_selling_defi,eurozone,USDC
708,0.7748483362216182,2105674.817196559,843,S2_panic_selling_defi,eurozone,USDC
709,0.7888262953936305,2053032.9467666452,843,S2_panic_selling_defi,eurozone,USDC
710,0.779550185021049,2001707.1230974789,843,S2_panic_selling_defi,eurozone,USDC
711,0.7992018095816376,1951664.445020042,843,S2_panic_selling_defi,eurozone,USDC
712,0.7901289573418896,1902872.8338945406,843,S2_panic_selling_defi,eurozone,USDC
713,0.8104579414955029,1855301.0130471773,843,S2_panic_selling_defi,eurozone,USDC
714,0.8085913863747608,1808918.4877209978,843,S2_panic_selling_defi,eurozone,USDC
715,0.7861129517680827,1763695.5255279727,843,S2_panic_selling_defi,eurozone,USDC
716,0.792794619868968,1719603.1373897733,843,S2_panic_selling_defi,eurozone,USDC
717,0.791743714463735,1676613.0589550291,843,S2_panic_selling_defi,eurozone,USDC
718,0.8154213848265869,1634697.7324811532,843,S2_panic_selling_defi,eurozone,USDC
719,0.793149997922265,1593830.2891691243,843,S2_panic_selling_defi,eurozone,USDC
720,0.8093336774898356,1553984.5319398963,843,S2_panic_selling_defi,eurozone,USDC
721,0.8139753386164145,1515134.918641399,843,S2_panic_selling_defi,eurozone,USDC
722,0.8112669172386436,1477256.5456753639,843,S2_panic_selling_defi,eurozone,USDC
723,0.7827718453764788,1440325.1320334799,843,S2_panic_selling_defi,eurozone,USDC
724,0.771239234853739,1404317.0037326426,843,S2_panic_selling_defi,eurozone,USDC
725,0.7754472396768645,1369209.0786393266,843,S2_panic_selling_defi,eurozone,USDC
726,0.7695953818040127,1334978.8516733435,843,S2_panic_selling_defi,eurozone,USDC
727,0.7786211700257328,1301604.38038151,843,S2_panic_selling_defi,eurozone,USDC
728,0.7633721790637779,1269064.2708719722,843,S2_panic_selling_defi,eurozone,USDC
729,0.7778898502507856,1237337.664100173,843,S2_panic_selling_defi,eurozone,USDC
730,0.7794233340856304,1206404.2224976686,843,S2_panic_selling_defi,eurozone,USDC
731,0.7853945195453624,1176244.1169352268,843,S2_panic_selling_defi,eurozone,USDC
732,0.788244112158837,1146838.0140118462,843,S2_panic_selling_defi,eurozone,USDC
733,0.8041995828550224,1118167.06366155,843,S2_panic_selling_defi,eurozone,USDC
734,0.8072864324866001,1090212.8870700113,843,S2_panic_selling_defi,eurozone,USDC
735,0.7785085894524477,1062957.564893261,843,S2_panic_selling_defi,eurozone,USDC
736,0.7775732633744675,1036383.6257709294,843,S2_panic_selling_defi,eurozone,USDC
737,0.7588710160676372,1010474.0351266563,843,S2_panic_selling_defi,eurozone,USDC
738,0.7617174529477297,985212.1842484897,843,S2_panic_selling_defi,eurozone,USDC
739,0.7765547509819953,960581.8796422775,843,S2_panic_selling_defi,eurozone,USDC
740,0.7807994520142784,936567.3326512205,843,S2_panic_selling_defi,eurozone,USDC
741,0.7720336683875144,913153.1493349399,843,S2_panic_selling_defi,eurozone,USDC
742,0.7853040931025507,890324.3206015665,843,S2_panic_selling_defi,eurozone,USDC
743,0.7536236123696907,868066.2125865272,843,S2_panic_selling_defi,eurozone,USDC
744,0.7790401375251657,846364.557271864,843,S2_panic_selling_defi,eurozone,USDC
745,0.7733462453267509,825205.4433400674,843,S2_panic_selling_defi,eurozone,USDC
746,0.758089440206011,804575.3072565657,843,S2_panic_selling_defi,eurozone,USDC
747,0.7919615020698719,784460.9245751516,843,S2_panic_selling_defi,eurozone,USDC
748,0.8014392794167163,764849.4014607728,843,S2_panic_selling_defi,eurozone,USDC
749,0.7814948482788474,745728.1664242535,843,S2_panic_selling_defi,eurozone,USDC
750,0.8056077890846772,727084.9622636472,843,S2_panic_selling_defi,eurozone,USDC
751,0.791504505711513,708907.838207056,843,S2_panic_selling_defi,eurozone,USDC
752,0.7985060082602805,691185.1422518796,843,S2_panic_selling_defi,eurozone,USDC
753,0.7984995481961575,673905.5136955825,843,S2_panic_selling_defi,eurozone,USDC
754,0.800945053019021,657057.875853193,843,S2_panic_selling_defi,eurozone,USDC
755,0.7790805549274145,640631.4289568631,843,S2_panic_selling_defi,eurozone,USDC
756,0.7756742280037733,624615.6432329416,843,S2_panic_selling_defi,eurozone,USDC
757,0.8004473018147129,609000.252152118,843,S2_panic_selling_defi,eurozone,USDC
758,0.7949424872231703,593775.2458483151,843,S2_panic_selling_defi,eurozone,USDC
759,0.8007856283047392,578930.8647021072,843,S2_panic_selling_defi,eurozone,USDC
760,0.7980565932900453,564457.5930845545,843,S2_panic_selling_defi,eurozone,USDC
761,0.804726495474604,550346.1532574405,843,S2_panic_selling_defi,eurozone,USDC
762,0.8139598846299976,536587.4994260046,843,S2_panic_selling_defi,eurozone,USDC
763,0.7812173064547133,523172.8119403544,843,S2_panic_selling_defi,eurozone,USDC
764,0.7736509516671356,510093.4916418456,843,S2_panic_selling_defi,eurozone,USDC
765,0.7866899752417132,497341.1543507995,843,S2_panic_selling_defi,eurozone,USDC
766,0.7769268213537259,484907.6254920295,843,S2_panic_selling_defi,eurozone,USDC
767,0.8154725404140221,472784.93485472875,843,S2_panic_selling_defi,eurozone,USDC
768,0.8078355596407083,460965.3114833606,843,S2_panic_selling_defi,eurozone,USDC
769,0.7682161990087458,449441.1786962765,843,S2_panic_selling_defi,eurozone,USDC
770,0.7858099669687335,438205.1492288696,843,S2_panic_selling_defi,eurozone,USDC
771,0.784456204240523,427250.02049814793,843,S2_panic_selling_defi,eurozone,USDC
772,0.7822205887963465,416568.7699856942,843,S2_panic_selling_defi,eurozone,USDC
773,0.768893033193692,406154.5507360518,843,S2_panic_selling_defi,eurozone,USDC
774,0.7872184739161718,396000.68696765054,843,S2_panic_selling_defi,eurozone,USDC
775,0.7829750745194584,386100.66979345924,843,S2_panic_selling_defi,eurozone,USDC
776,0.7917069746462254,376448.1530486228,843,S2_panic_selling_defi,eurozone,USDC
777,0.8041996931923935,367036.9492224072,843,S2_panic_selling_defi,eurozone,USDC
778,0.7960037095547987,357861.025491847,843,S2_panic_selling_defi,eurozone,USDC
779,0.7848760179233181,348914.4998545508,843,S2_panic_selling_defi,eurozone,USDC
780,0.7884254535867217,340191.63735818706,843,S2_panic_selling_defi,eurozone,USDC
781,0.7764230609927185,331686.84642423235,843,S2_panic_selling_defi,eurozone,USDC
782,0.7860101482729652,323394.67526362656,843,S2_panic_selling_defi,eurozone,USDC
783,0.7658434738536047,315309.80838203593,843,S2_panic_selling_defi,eurozone,USDC
784,0.7757466050826596,307427.06317248504,843,S2_panic_selling_defi,eurozone,USDC
785,0.7676002573704414,299741.3865931729,843,S2_panic_selling_defi,eurozone,USDC
786,0.771174365912784,292247.85192834353,843,S2_panic_selling_defi,eurozone,USDC
787,0.7865041607857189,284941.655630135,843,S2_panic_selling_defi,eurozone,USDC
788,0.7905414878688459,277818.1142393816,843,S2_panic_selling_defi,eurozone,USDC
789,0.7994674891591287,270872.6613833971,843,S2_panic_selling_defi,eurozone,USDC
790,0.8223395394979209,264100.8448488122,843,S2_panic_selling_defi,eurozone,USDC
791,0.8008148892830252,257498.32372759184,843,S2_panic_selling_defi,eurozone,USDC
792,0.7976722445546202,251060.86563440203,843,S2_panic_selling_defi,eurozone,USDC
793,0.7989411064006352,244784.34399354196,843,S2_panic_selling_defi,eurozone,USDC
794,0.8002158202934166,238664.73539370345,843,S2_panic_selling_defi,eurozone,USDC
795,0.7949935480301805,232698.11700886086,843,S2_panic_selling_defi,eurozone,USDC
796,0.7963521302275954,226880.66408363933,843,S2_panic_selling_defi,eurozone,USDC
797,0.7955608342785628,221208.64748154837,843,S2_panic_selling_defi,eurozone,USDC
798,0.8057619651091738,215678.43129450965,843,S2_panic_selling_defi,eurozone,USDC
799,0.7972412268313019,210286.4705121469,843,S2_panic_selling_defi,eurozone,USDC
800,0.7913574588921525,205029.3087493432,843,S2_panic_selling_defi,eurozone,USDC
801,0.8089943609923342,199903.57603060963,843,S2_panic_selling_defi,eurozone,USDC
802,0.7946235072359525,194905.9866298444,843,S2_panic_selling_defi,eurozone,USDC
803,0.8367235951736939,190033.3369640983,843,S2_panic_selling_defi,eurozone,USDC
804,0.8358951332325434,185282.50353999584,843,S2_panic_selling_defi,eurozone,USDC
805,0.8363297266956478,180650.44095149596,843,S2_panic_selling_defi,eurozone,USDC
806,0.8590046054273465,176134.17992770855,843,S2_panic_selling_defi,eurozone,USDC
807,0.8663441963007154,171730.82542951583,843,S2_panic_selling_defi,eurozone,USDC
808,0.8350478406942143,167437.55479377793,843,S2_panic_selling_defi,eurozone,USDC
809,0.8131811542462419,163251.61592393348,843,S2_panic_selling_defi,eurozone,USDC
810,0.8031219917896695,159170.32552583516,843,S2_panic_selling_defi,eurozone,USDC
811,0.8250220051011631,155191.06738768925,843,S2_panic_selling_defi,eurozone,USDC
812,0.8115017048036195,151311.29070299704,843,S2_panic_selling_defi,eurozone,USDC
813,0.8077058404512982,147528.50843542212,843,S2_panic_selling_defi,eurozone,USDC
814,0.815785031377135,143840.29572453658,843,S2_panic_selling_defi,eurozone,USDC
815,0.8251159626429888,140244.28833142316,843,S2_panic_selling_defi,eurozone,USDC
816,0.7892642394637772,136738.1811231376,843,S2_panic_selling_defi,eurozone,USDC
817,0.7592255264679106,133319.72659505915,843,S2_panic_selling_defi,eurozone,USDC
818,0.7571459034522359,129986.73343018268,843,S2_panic_selling_defi,eurozone,USDC
819,0.7731318430061318,126737.06509442811,843,S2_panic_selling_defi,eurozone,USDC
820,0.7844589863003572,123568.63846706739,843,S2_panic_selling_defi,eurozone,USDC
821,0.744695973720571,120479.42250539071,843,S2_panic_selling_defi,eurozone,USDC
822,0.7428408409396501,117467.43694275596,843,S2_panic_selling_defi,eurozone,USDC
823,0.713474579527245,114530.75101918704,843,S2_panic_selling_defi,eurozone,USDC
824,0.7077841934426775,111667.48224370736,843,S2_panic_selling_defi,eurozone,USDC
825,0.7146589036274857,108875.79518761468,843,S2_panic_selling_defi,eurozone,USDC
826,0.7216651451416315,106153.90030792431,843,S2_panic_selling_defi,eurozone,USDC
827,0.7217617611370347,103500.05280022621,843,S2_panic_selling_defi,eurozone,USDC
828,0.7349631746993515,100912.55148022056,843,S2_panic_selling_defi,eurozone,USDC
829,0.7200225493434064,98389.73769321505,843,S2_panic_selling_defi,eurozone,USDC
830,0.7649143231941602,95929.99425088467,843,S2_panic_selling_defi,eurozone,USDC
831,0.7697109736843647,93531.74439461256,843,S2_panic_selling_defi,eurozone,USDC
832,0.7718839697128375,91193.45078474724,843,S2_panic_selling_defi,eurozone,USDC
833,0.7674261840239999,88913.61451512856,843,S2_panic_selling_defi,eurozone,USDC
834,0.7802769182740992,86690.77415225035,843,S2_panic_selling_defi,eurozone,USDC
835,0.7987265587489494,84523.50479844409,843,S2_panic_selling_defi,eurozone,USDC
836,0.8145069316507814,82410.41717848298,843,S2_panic_selling_defi,eurozone,USDC
837,0.8459599932880825,80350.15674902091,843,S2_panic_selling_defi,eurozone,USDC
838,0.8344136501013368,78341.40283029538,843,S2_panic_selling_defi,eurozone,USDC
839,0.8347830503928625,76382.867759538,843,S2_panic_selling_defi,eurozone,USDC
840,0.8501430659396662,74473.29606554956,843,S2_panic_selling_defi,eurozone,USDC
841,0.8404209491094224,72611.4636639108,843,S2_panic_selling_defi,eurozone,USDC
842,0.820718059225599,70796.17707231305,843,S2_panic_selling_defi,eurozone,USDC
843,0.814906755734821,69026.2726455052,843,S2_panic_selling_defi,eurozone,USDC
844,0.7937168545973403,67300.61582936758,843,S2_panic_selling_defi,eurozone,USDC
845,0.7930422051677471,65618.10043363339,843,S2_panic_selling_defi,eurozone,USDC
846,0.7908377116472832,63977.64792279256,843,S2_panic_selling_defi,eurozone,USDC
847,0.7969339572099879,62378.206724722746,843,S2_panic_selling_defi,eurozone,USDC
848,0.7921017528213512,60818.75155660468,843,S2_panic_selling_defi,eurozone,USDC
849,0.8058903746114164,59298.28276768956,843,S2_panic_selling_defi,eurozone,USDC
850,0.804669997105898,57815.82569849732,843,S2_panic_selling_defi,eurozone,USDC
851,0.8128236155585249,56370.430056034886,843,S2_panic_selling_defi,eurozone,USDC
852,0.7979850380745924,54961.16930463402,843,S2_panic_selling_defi,eurozone,USDC
853,0.8051266598368452,53587.14007201817,843,S2_panic_selling_defi,eurozone,USDC
854,0.7938015660927527,52247.46157021772,843,S2_panic_selling_defi,eurozone,USDC
855,0.8076345814193118,50941.275030962264,843,S2_panic_selling_defi,eurozone,USDC
856,0.7969005937190264,49667.74315518822,843,S2_panic_selling_defi,eurozone,USDC
857,0.8035845788443948,48426.049576308505,843,S2_panic_selling_defi,eurozone,USDC
858,0.8103251748670883,47215.39833690079,843,S2_panic_selling_defi,eurozone,USDC
859,0.8367299551612145,46035.013378478274,843,S2_panic_selling_defi,eurozone,USDC
860,0.8206723571184206,44884.13804401632,843,S2_panic_selling_defi,eurozone,USDC
861,0.79199893444515,43762.03459291591,843,S2_panic_selling_defi,eurozone,USDC
862,0.790797999414624,42667.983728093015,843,S2_panic_selling_defi,eurozone,USDC
863,0.7868209071866847,41601.28413489069,843,S2_panic_selling_defi,eurozone,USDC
864,0.8206751623255256,40561.25203151842,843,S2_panic_selling_defi,eurozone,USDC
865,0.8151986510441291,39547.22073073046,843,S2_panic_selling_defi,eurozone,USDC
866,0.8026387911068819,38558.540212462205,843,S2_panic_selling_defi,eurozone,USDC
867,0.8049223765321948,37594.57670715065,843,S2_panic_selling_defi,eurozone,USDC
868,0.8331670064517831,36654.71228947188,843,S2_panic_selling_defi,eurozone,USDC
869,0.8266013839943683,35738.34448223508,843,S2_panic_selling_defi,eurozone,USDC
870,0.8174589991801606,34844.885870179205,843,S2_panic_selling_defi,eurozone,USDC
871,0.8234316752560198,33973.76372342472,843,S2_panic_selling_defi,eurozone,USDC
872,0.8311961623972204,33124.41963033911,843,S2_panic_selling_defi,eurozone,USDC
873,0.8404581288430836,32296.309139580626,843,S2_panic_selling_defi,eurozone,USDC
874,0.8147545539447211,31488.901411091116,843,S2_panic_selling_defi,eurozone,USDC
875,0.809410868204183,30701.678875813832,843,S2_panic_selling_defi,eurozone,USDC
876,0.8133310567048733,29934.136903918486,843,S2_panic_selling_defi,eurozone,USDC
877,0.8306050175876469,29185.783481320526,843,S2_panic_selling_defi,eurozone,USDC
878,0.8333983537799015,28456.138894287513,843,S2_panic_selling_defi,eurozone,USDC
879,0.8262054516575279,27744.735421930323,843,S2_panic_selling_defi,eurozone,USDC
880,0.8234117036208171,27051.117036382064,843,S2_panic_selling_defi,eurozone,USDC
881,0.8159213709868133,26374.839110472516,843,S2_panic_selling_defi,eurozone,USDC
882,0.8178906748260885,25715.468132710703,843,S2_panic_selling_defi,eurozone,USDC
883,0.8180560479244392,25072.581429392936,843,S2_panic_selling_defi,eurozone,USDC
884,0.8224071687971152,24445.766893658114,843,S2_panic_selling_defi,eurozone,USDC
885,0.8259321358223493,23834.62272131666,843,S2_panic_selling_defi,eurozone,USDC
886,0.8045295731480017,23238.757153283743,843,S2_panic_selling_defi,eurozone,USDC
887,0.7867193645496798,22657.78822445165,843,S2_panic_selling_defi,eurozone,USDC
888,0.7945136842270477,22091.34351884036,843,S2_panic_selling_defi,eurozone,USDC
889,0.8079094624976161,21539.05993086935,843,S2_panic_selling_defi,eurozone,USDC
890,0.8190496857733611,21000.583432597618,843,S2_panic_selling_defi,eurozone,USDC
891,0.7982438684716191,20475.568846782677,843,S2_panic_selling_defi,eurozone,USDC
892,0.7921058107659518,19963.67962561311,843,S2_panic_selling_defi,eurozone,USDC
893,0.8027265091509769,19464.58763497278,843,S2_panic_selling_defi,eurozone,USDC
894,0.7974369536508186,18977.97294409846,843,S2_panic_selling_defi,eurozone,USDC
895,0.7980316374338962,18503.523620496,843,S2_panic_selling_defi,eurozone,USDC
896,0.8046082590824627,18040.9355299836,843,S2_panic_selling_defi,eurozone,USDC
897,0.8113949864746812,17589.912141734007,843,S2_panic_selling_defi,eurozone,USDC
898,0.8085397492593855,17150.16433819066,843,S2_panic_selling_defi,eurozone,USDC
899,0.8209482032233895,16721.410229735895,843,S2_panic_selling_defi,eurozone,USDC
900,0.8015280697790622,16303.374973992497,843,S2_panic_selling_defi,eurozone,USDC
901,0.8107526078807987,15895.790599642683,843,S2_panic_selling_defi,eurozone,USDC
902,0.7823141817376214,15498.395834651617,843,S2_panic_selling_defi,eurozone,USDC
903,0.7757688383960295,15110.935938785326,843,S2_panic_selling_defi,eurozone,USDC
904,0.7588594666088972,14733.16254031569,843,S2_panic_selling_defi,eurozone,USDC
905,0.7478407314691937,14364.8334768078,843,S2_panic_selling_defi,eurozone,USDC
906,0.7497670978819204,14005.712639887606,843,S2_panic_selling_defi,eurozone,USDC
907,0.7785763495213628,13655.569823890415,843,S2_panic_selling_defi,eurozone,USDC
908,0.7820141944289799,13314.180578293155,843,S2_panic_selling_defi,eurozone,USDC
909,0.7905700503903053,12981.326063835826,843,S2_panic_selling_defi,eurozone,USDC
910,0.7817776651267694,12656.79291223993,843,S2_panic_selling_defi,eurozone,USDC
911,0.7899616965156733,12340.373089433931,843,S2_panic_selling_defi,eurozone,USDC
912,0.7936887243924678,12031.863762198083,843,S2_panic_selling_defi,eurozone,USDC
913,0.7979757048121541,11731.067168143132,843,S2_panic_selling_defi,eurozone,USDC
914,0.7872425668786636,11437.790488939554,843,S2_panic_selling_defi,eurozone,USDC
915,0.7689718012413088,11151.845726716065,843,S2_panic_selling_defi,eurozone,USDC
916,0.7581371694705513,10873.049583548163,843,S2_panic_selling_defi,eurozone,USDC
917,0.7450234375194835,10601.22334395946,843,S2_panic_selling_defi,eurozone,USDC
918,0.737669174843019,10336.192760360473,843,S2_panic_selling_defi,eurozone,USDC
919,0.7195650625471174,10077.78794135146,843,S2_panic_selling_defi,eurozone,USDC
920,0.7374538889928345,9825.843242817675,843,S2_panic_selling_defi,eurozone,USDC
921,0.7500033078685693,9580.197161747234,843,S2_panic_selling_defi,eurozone,USDC
922,0.7298387789598034,9340.692232703552,843,S2_panic_selling_defi,eurozone,USDC
923,0.7300938100867831,9107.174926885962,843,S2_panic_selling_defi,eurozone,USDC
924,0.7362921828153657,8879.495553713814,843,S2_panic_selling_defi,eurozone,USDC
925,0.7517569169047499,8657.508164870967,843,S2_panic_selling_defi,eurozone,USDC
926,0.7376893845446216,8441.070460749193,843,S2_panic_selling_defi,eurozone,USDC
927,0.7356576370677335,8230.043699230464,843,S2_panic_selling_defi,eurozone,USDC
928,0.749334544621384,8024.292606749703,843,S2_panic_selling_defi,eurozone,USDC
929,0.7380716861622756,7823.6852915809595,843,S2_panic_selling_defi,eurozone,USDC
930,0.7655006111211508,7628.093159291437,843,S2_panic_selling_defi,eurozone,USDC
931,0.7750769740318071,7437.39083030915,843,S2_panic_selling_defi,eurozone,USDC
932,0.7674913604680365,7251.456059551421,843,S2_panic_selling_defi,eurozone,USDC
933,0.770389069252804,7070.169658062636,843,S2_panic_selling_defi,eurozone,USDC
934,0.7780882320802797,6893.415416611071,843,S2_panic_selling_defi,eurozone,USDC
935,0.7706689368738204,6721.080031195794,843,S2_panic_selling_defi,eurozone,USDC
936,0.7684951839684233,6553.053030415898,843,S2_panic_selling_defi,eurozone,USDC
937,0.7733488488145099,6389.2267046555025,843,S2_panic_selling_defi,eurozone,USDC
938,0.7352489963147222,6229.4960370391145,843,S2_panic_selling_defi,eurozone,USDC
939,0.7465308079384432,6073.758636113136,843,S2_panic_selling_defi,eurozone,USDC
940,0.7550078147020576,5921.914670210308,843,S2_panic_selling_defi,eurozone,USDC
941,0.7659050679811861,5773.86680345505,843,S2_panic_selling_defi,eurozone,USDC
942,0.775280917521728,5629.520133368675,843,S2_panic_selling_defi,eurozone,USDC
943,0.7682614788147527,5488.782130034458,843,S2_panic_selling_defi,eurozone,USDC
944,0.783475946395588,5351.562576783596,843,S2_panic_selling_defi,eurozone,USDC
945,0.7920359738560088,5217.773512364007,843,S2_panic_selling_defi,eurozone,USDC
946,0.8158956670148805,5087.329174554907,843,S2_panic_selling_defi,eurozone,USDC
947,0.8052351971720573,4960.145945191034,843,S2_panic_selling_defi,eurozone,USDC
948,0.8018131959024734,4836.142296561257,843,S2_panic_selling_defi,eurozone,USDC
949,0.7935703140988934,4715.238739147226,843,S2_panic_selling_defi,eurozone,USDC
950,0.8124128359556244,4597.3577706685455,843,S2_panic_selling_defi,eurozone,USDC
951,0.8167776819068382,4482.423826401832,843,S2_panic_selling_defi,eurozone,USDC
952,0.8174859513235365,4370.3632307417865,843,S2_panic_selling_defi,eurozone,USDC
953,0.8152273498609667,4261.104149973242,843,S2_panic_selling_defi,eurozone,USDC
954,0.79249822494217,4154.576546223911,843,S2_panic_selling_defi,eurozone,USDC
955,0.7967989286122762,4050.712132568313,843,S2_panic_selling_defi,eurozone,USDC
956,0.8146714491628553,3949.444329254105,843,S2_panic_selling_defi,eurozone,USDC
957,0.813926831614873,3850.708221022752,843,S2_panic_selling_defi,eurozone,USDC
958,0.8041293019914175,3754.4405154971837,843,S2_panic_selling_defi,eurozone,USDC
959,0.8054787559964851,3660.579502609754,843,S2_panic_selling_defi,eurozone,USDC
960,0.8021090369880788,3569.06501504451,843,S2_panic_selling_defi,eurozone,USDC
961,0.8033118582465231,3479.838389668397,843,S2_panic_selling_defi,eurozone,USDC
962,0.7970506180811884,3392.842429926687,843,S2_panic_selling_defi,eurozone,USDC
963,0.7969637156390443,3308.02136917852,843,S2_panic_selling_defi,eurozone,USDC
964,0.8028410239883446,3225.320834949057,843,S2_panic_selling_defi,eurozone,USDC
965,0.8229055524466634,3144.687814075331,843,S2_panic_selling_defi,eurozone,USDC
966,0.8221963178454574,3066.0706187234473,843,S2_panic_selling_defi,eurozone,USDC
967,0.8128995701563966,2989.4188532553612,843,S2_panic_selling_defi,eurozone,USDC
968,0.7927307638004022,2914.6833819239773,843,S2_panic_selling_defi,eurozone,USDC
969,0.8083188929068209,2841.816297375878,843,S2_panic_selling_defi,eurozone,USDC
970,0.8017591619888813,2770.770889941481,843,S2_panic_selling_defi,eurozone,USDC
971,0.7920293316695278,2701.501617692944,843,S2_panic_selling_defi,eurozone,USDC
972,0.7899918087319484,2633.9640772506204,843,S2_panic_selling_defi,eurozone,USDC
973,0.7749356123453832,2568.114975319355,843,S2_panic_selling_defi,eurozone,USDC
974,0.8037519701302742,2503.912100936371,843,S2_panic_selling_defi,eurozone,USDC
975,0.8100794521830432,2441.3142984129618,843,S2_panic_selling_defi,eurozone,USDC
976,0.7970388460802683,2380.281440952638,843,S2_panic_selling_defi,eurozone,USDC
977,0.7864587447075652,2320.774404928822,843,S2_panic_selling_defi,eurozone,USDC
978,0.7901074096225656,2262.7550448056013,843,S2_panic_selling_defi,eurozone,USDC
979,0.7752773104630621,2206.1861686854613,843,S2_panic_selling_defi,eurozone,USDC
980,0.7787008368779057,2151.0315144683245,843,S2_panic_selling_defi,eurozone,USDC
981,0.7837705237748374,2097.255726606617,843,S2_panic_selling_defi,eurozone,USDC
982,0.80879059558853,2044.824333441451,843,S2_panic_selling_defi,eurozone,USDC
983,0.8055899045163263,1993.7037251054148,843,S2_panic_selling_defi,eurozone,USDC
984,0.8052926360209206,1943.8611319777797,843,S2_panic_selling_defi,eurozone,USDC
985,0.8126340253846439,1895.2646036783349,843,S2_panic_selling_defi,eurozone,USDC
986,0.8252662181009435,1847.8829885863768,843,S2_panic_selling_defi,eurozone,USDC
987,0.8120004429214704,1801.6859138717173,843,S2_panic_selling_defi,eurozone,USDC
988,0.8344564603694564,1756.6437660249244,843,S2_panic_selling_defi,eurozone,USDC
989,0.8185535305254681,1712.7276718743014,843,S2_panic_selling_defi,eurozone,USDC
990,0.8231146606305403,1669.909480077444,843,S2_panic_selling_defi,eurozone,USDC
991,0.7982605735563695,1628.1617430755077,843,S2_panic_selling_defi,eurozone,USDC
992,0.7839449492202694,1587.45769949862,843,S2_panic_selling_defi,eurozone,USDC
993,0.798451510575212,1547.7712570111544,843,S2_panic_selling_defi,eurozone,USDC
994,0.8083291173993484,1509.0769755858757,843,S2_panic_selling_defi,eurozone,USDC
995,0.8241011101553093,1471.3500511962288,843,S2_panic_selling_defi,eurozone,USDC
996,0.8447340458228252,1434.566299916323,843,S2_panic_selling_defi,eurozone,USDC
997,0.8355305897583443,1398.702142418415,843,S2_panic_selling_defi,eurozone,USDC
998,0.802535560355812,1363.7345888579548,843,S2_panic_selling_defi,eurozone,USDC
999,0.7660355226843222,1329.6412241365058,843,S2_panic_selling_defi,eurozone,USDC
1000,0.7666883111470775,1296.4001935330932,843,S2_panic_selling_defi,eurozone,USDC
