Step,price,liquidity,iteration,scenario,region,coin
1,0.9818670692307193,2989164301322.3335,673,S3_twin_shock,indonesia,USDC
2,1.0128846916573242,2989164301322.3335,673,S3_twin_shock,indonesia,USDC
3,1.0527723728967957,2989164301322.3335,673,S3_twin_shock,indonesia,USDC
4,1.0795601563958572,2989164301322.3335,673,S3_twin_shock,indonesia,USDC
5,1.059888562774928,2989164301322.3335,673,S3_twin_shock,indonesia,USDC
6,1.0556044411098637,2989164301322.3335,673,S3_twin_shock,indonesia,USDC
7,1.056298945252977,2989164301322.3335,673,S3_twin_shock,indonesia,USDC
8,1.0422453973630736,2989164301322.3335,673,S3_twin_shock,indonesia,USDC
9,1.0321324976933863,2989164301322.3335,673,S3_twin_shock,indonesia,USDC
10,1.0529501544788038,2989164301322.3335,673,S3_twin_shock,indonesia,USDC
11,1.0663548126001037,2989164301322.3335,673,S3_twin_shock,indonesia,USDC
12,1.0662928810782455,2989164301322.3335,673,S3_twin_shock,indonesia,USDC
13,1.077031244913387,2989164301322.3335,673,S3_twin_shock,indonesia,USDC
14,1.0701894891519286,2989164301322.3335,673,S3_twin_shock,indonesia,USDC
15,1.0558149035763245,2989164301322.3335,673,S3_twin_shock,indonesia,USDC
16,1.0285471792333911,2989164301322.3335,673,S3_twin_shock,indonesia,USDC
17,1.030332247537073,2989164301322.3335,673,S3_twin_shock,indonesia,USDC
18,1.0351997379200857,2989164301322.3335,673,S3_twin_shock,indonesia,USDC
19,1.061779742432809,2989164301322.3335,673,S3_twin_shock,indonesia,USDC
20,1.0301475543571477,2989164301322.3335,673,S3_twin_shock,indonesia,USDC
21,1.008426298258504,2989164301322.3335,673,S3_twin_shock,indonesia,USDC
22,0.9875207879781757,2989164301322.3335,673,S3_twin_shock,indonesia,USDC
23,0.9834999574649969,2989164301322.3335,673,S3_twin_shock,indonesia,USDC
24,0.9814228570909319,2989164301322.3335,673,S3_twin_shock,indonesia,USDC
25,0.9675062914678068,2989164301322.3335,673,S3_twin_shock,indonesia,USDC
26,0.9675358215973662,2989010051310.033,673,S3_twin_shock,indonesia,USDC
27,0.9732554068046564,2988898149226.2065,673,S3_twin_shock,indonesia,USDC
28,0.9572309418492727,2988898149226.2065,673,S3_twin_shock,indonesia,USDC
29,0.961104934180484,2988165439375.9673,673,S3_twin_shock,indonesia,USDC
30,0.9544137168576713,2987624388853.8916,673,S3_twin_shock,indonesia,USDC
31,0.9681741718112005,2986723863382.3936,673,S3_twin_shock,indonesia,USDC
32,0.9731130161190357,2986615519185.544,673,S3_twin_shock,indonesia,USDC
33,0.9764826068834449,2986615519185.544,673,S3_twin_shock,indonesia,USDC
34,0.9726894605523269,2986615519185.544,673,S3_twin_shock,indonesia,USDC
35,0.9675890983838928,2986615519185.544,673,S3_twin_shock,indonesia,USDC
36,0.9701752197563575,2986486826597.9077,673,S3_twin_shock,indonesia,USDC
37,0.9710375641501111,2986486826597.9077,673,S3_twin_shock,indonesia,USDC
38,0.9683195371486069,2986486826597.9077,673,S3_twin_shock,indonesia,USDC
39,0.9702412665585607,2986429428773.944,673,S3_twin_shock,indonesia,USDC
40,0.9896759213446545,2986429428773.944,673,S3_twin_shock,indonesia,USDC
41,0.9483061878969409,2986429428773.944,673,S3_twin_shock,indonesia,USDC
42,0.9726405971882198,2985171860399.1567,673,S3_twin_shock,indonesia,USDC
43,0.9842986292471019,2985171860399.1567,673,S3_twin_shock,indonesia,USDC
44,0.9768710157266229,2985171860399.1567,673,S3_twin_shock,indonesia,USDC
45,0.9690822751011686,2985171860399.1567,673,S3_twin_shock,indonesia,USDC
46,1.012187000499768,2985146638856.468,673,S3_twin_shock,indonesia,USDC
47,0.9940749250837413,2985146638856.468,673,S3_twin_shock,indonesia,USDC
48,0.9855458277274732,2985146638856.468,673,S3_twin_shock,indonesia,USDC
49,0.9791010343787341,2985146638856.468,673,S3_twin_shock,indonesia,USDC
50,1.0021171892035212,2985146638856.468,673,S3_twin_shock,indonesia,USDC
51,1.015574590266203,2985146638856.468,673,S3_twin_shock,indonesia,USDC
52,1.011199168015104,2985146638856.468,673,S3_twin_shock,indonesia,USDC
53,0.971902696681863,2985146638856.468,673,S3_twin_shock,indonesia,USDC
54,0.947673901677036,2985146638856.468,673,S3_twin_shock,indonesia,USDC
55,0.9191566341837359,2983882007476.748,673,S3_twin_shock,indonesia,USDC
56,0.9209907781651026,2981013932888.4634,673,S3_twin_shock,indonesia,USDC
57,0.9294605056780891,2978429781405.3896,673,S3_twin_shock,indonesia,USDC
58,0.9094687248390633,2976433609269.2295,673,S3_twin_shock,indonesia,USDC
59,0.9359926872676158,2973563786020.763,673,S3_twin_shock,indonesia,USDC
60,0.9496826394541192,2972090531300.738,673,S3_twin_shock,indonesia,USDC
61,0.929384630639543,2971191409969.452,673,S3_twin_shock,indonesia,USDC
62,0.9310144050487192,2969523759107.952,673,S3_twin_shock,indonesia,USDC
63,0.9344114585529852,2967961299541.775,673,S3_twin_shock,indonesia,USDC
64,0.9177947856347687,2966594300305.0337,673,S3_twin_shock,indonesia,USDC
65,0.8975501775367982,2964685434535.935,673,S3_twin_shock,indonesia,USDC
66,0.9047953800441604,2962119184650.0034,673,S3_twin_shock,indonesia,USDC
67,0.9149292032302925,2959903915945.808,673,S3_twin_shock,indonesia,USDC
68,0.9241533172237406,2958227181229.345,673,S3_twin_shock,indonesia,USDC
69,0.9566767386530293,2956913719147.257,673,S3_twin_shock,indonesia,USDC
70,0.9468609079911078,2956549658797.41,673,S3_twin_shock,indonesia,USDC
71,0.9256743058714628,2955896388378.5317,673,S3_twin_shock,indonesia,USDC
72,0.8854144012415328,2954733903045.634,673,S3_twin_shock,indonesia,USDC
73,0.9371387771607808,2952549441602.7544,673,S3_twin_shock,indonesia,USDC
74,0.9238601320123621,2951805330303.4062,673,S3_twin_shock,indonesia,USDC
75,0.9489108671175903,2950728367325.787,673,S3_twin_shock,indonesia,USDC
76,0.9395871657618696,2950316323014.699,673,S3_twin_shock,indonesia,USDC
77,0.9340053344959235,2949675137362.037,673,S3_twin_shock,indonesia,USDC
78,0.934251748801313,2948937380388.943,673,S3_twin_shock,indonesia,USDC
79,0.9560799290188807,2948231151540.416,673,S3_twin_shock,indonesia,USDC
80,0.9610926725862134,2947957531016.2695,673,S3_twin_shock,indonesia,USDC
81,0.9356607551639531,2947797541798.513,673,S3_twin_shock,indonesia,USDC
82,0.9549148103431833,2947199697493.62,673,S3_twin_shock,indonesia,USDC
83,0.9508322074177096,2946961129546.2656,673,S3_twin_shock,indonesia,USDC
84,0.946535261816085,2946624534856.7305,673,S3_twin_shock,indonesia,USDC
85,0.9828274961991478,2946218322657.3945,673,S3_twin_shock,indonesia,USDC
86,1.0035410511116514,2946218322657.3945,673,S3_twin_shock,indonesia,USDC
87,1.0127083495450766,2946218322657.3945,673,S3_twin_shock,indonesia,USDC
88,1.0436502784474637,2946218322657.3945,673,S3_twin_shock,indonesia,USDC
89,1.0411046794707695,2946218322657.3945,673,S3_twin_shock,indonesia,USDC
90,1.0407028081553604,2946218322657.3945,673,S3_twin_shock,indonesia,USDC
91,1.0138978126754485,2946218322657.3945,673,S3_twin_shock,indonesia,USDC
92,1.0104666976854388,2946218322657.3945,673,S3_twin_shock,indonesia,USDC
93,1.0209004722436155,2946218322657.3945,673,S3_twin_shock,indonesia,USDC
94,1.0092361266206469,2946218322657.3945,673,S3_twin_shock,indonesia,USDC
95,1.0139204430528936,2946218322657.3945,673,S3_twin_shock,indonesia,USDC
96,1.0088335000572957,2946218322657.3945,673,S3_twin_shock,indonesia,USDC
97,0.9527625626874805,2946218322657.3945,673,S3_twin_shock,indonesia,USDC
98,0.9537399052325612,2945942817783.4297,673,S3_twin_shock,indonesia,USDC
99,0.9627139091747251,2945674998230.0303,673,S3_twin_shock,indonesia,USDC
100,1.0040608950813317,2945561655008.444,673,S3_twin_shock,indonesia,USDC
101,0.8374940017594467,2945561655008.444,673,S3_twin_shock,indonesia,USDC
102,0.8385528667380107,2943321708906.71,673,S3_twin_shock,indonesia,USDC
103,0.8480964217977173,2941442602977.3604,673,S3_twin_shock,indonesia,USDC
104,0.8659748157302832,2939931044926.756,673,S3_twin_shock,indonesia,USDC
105,0.8995218700471466,2938825872333.685,673,S3_twin_shock,indonesia,USDC
106,0.8980991013800805,2938157255905.243,673,S3_twin_shock,indonesia,USDC
107,0.903633053586677,2937506577603.2075,673,S3_twin_shock,indonesia,USDC
108,0.8912978813956699,2936963517035.368,673,S3_twin_shock,indonesia,USDC
109,0.9198623001617411,2936359951614.742,673,S3_twin_shock,indonesia,USDC
110,0.9446045853325832,2935997820537.503,673,S3_twin_shock,indonesia,USDC
111,0.9515044374667462,2935838425926.5967,673,S3_twin_shock,indonesia,USDC
112,0.9998708268738589,2935722333410.6714,673,S3_twin_shock,indonesia,USDC
113,1.036224631253098,2935722333410.6714,673,S3_twin_shock,indonesia,USDC
114,1.033544715084879,2935722333410.6714,673,S3_twin_shock,indonesia,USDC
115,1.0287748179147291,2935722333410.6714,673,S3_twin_shock,indonesia,USDC
116,1.0600728377438395,2935722333410.6714,673,S3_twin_shock,indonesia,USDC
117,1.0649911210294531,2935722333410.6714,673,S3_twin_shock,indonesia,USDC
118,1.06891529194162,2935722333410.6714,673,S3_twin_shock,indonesia,USDC
119,1.0995419411180458,2935722333410.6714,673,S3_twin_shock,indonesia,USDC
120,1.0732745629172076,2935722333410.6714,673,S3_twin_shock,indonesia,USDC
121,1.067379703343624,2862329275075.405,673,S3_twin_shock,indonesia,USDC
122,1.0516398059565344,2790771043198.5195,673,S3_twin_shock,indonesia,USDC
123,1.0030656187200848,2721001767118.5566,673,S3_twin_shock,indonesia,USDC
124,0.9879499397746223,2652976722940.593,673,S3_twin_shock,indonesia,USDC
125,0.9816484335904452,2586652304867.078,673,S3_twin_shock,indonesia,USDC
126,0.948121689623145,2521985997245.401,673,S3_twin_shock,indonesia,USDC
127,0.9258878073825922,2458809227738.7236,673,S3_twin_shock,indonesia,USDC
128,0.9324769161230128,2397061900780.8496,673,S3_twin_shock,indonesia,USDC
129,0.9028163939369,2336910710121.3506,673,S3_twin_shock,indonesia,USDC
130,0.8775038145793124,2278117515389.335,673,S3_twin_shock,indonesia,USDC
131,0.8594229808571058,2220684210601.0366,673,S3_twin_shock,indonesia,USDC
132,0.8579885800680738,2164618615160.1504,673,S3_twin_shock,indonesia,USDC
133,0.8670659967674237,2109998990046.6406,673,S3_twin_shock,indonesia,USDC
134,0.8497535607309187,2056839212901.6907,673,S3_twin_shock,indonesia,USDC
135,0.842051083736781,2005008179914.8877,673,S3_twin_shock,indonesia,USDC
136,0.8462219103776979,1954506493578.0474,673,S3_twin_shock,indonesia,USDC
137,0.8302647097745464,1905317870277.0908,673,S3_twin_shock,indonesia,USDC
138,0.8060422283149375,1857347904954.935,673,S3_twin_shock,indonesia,USDC
139,0.8137642600350348,1810595754168.333,673,S3_twin_shock,indonesia,USDC
140,0.797679303633119,1765064982087.9097,673,S3_twin_shock,indonesia,USDC
141,0.8119536766678039,1720701215875.5854,673,S3_twin_shock,indonesia,USDC
142,0.7981541390076334,1677495087159.6099,673,S3_twin_shock,indonesia,USDC
143,0.7853784637760254,1635381897364.1682,673,S3_twin_shock,indonesia,USDC
144,0.7767322090459872,1594347907581.7483,673,S3_twin_shock,indonesia,USDC
145,0.7793430164703911,1554358793238.7483,673,S3_twin_shock,indonesia,USDC
146,0.7915147984711672,1515398397222.2783,673,S3_twin_shock,indonesia,USDC
147,0.8038458791127373,1477438019005.5874,673,S3_twin_shock,indonesia,USDC
148,0.8072320999004664,1440444063264.0225,673,S3_twin_shock,indonesia,USDC
149,0.8226872445608364,1404384313489.8284,673,S3_twin_shock,indonesia,USDC
150,0.823144286084897,1369238563651.0708,673,S3_twin_shock,indonesia,USDC
151,0.8000067927846753,1334976041187.7947,673,S3_twin_shock,indonesia,USDC
152,0.7863511502865895,1301569127502.8142,673,S3_twin_shock,indonesia,USDC
153,0.7661511784211412,1269002615532.8782,673,S3_twin_shock,indonesia,USDC
154,0.7768448478160673,1237251128739.5,673,S3_twin_shock,indonesia,USDC
155,0.7839959832941342,1206301218686.663,673,S3_twin_shock,indonesia,USDC
156,0.8127930478929418,1176128515190.2048,673,S3_twin_shock,indonesia,USDC
157,0.8103664441951441,1146715109608.7092,673,S3_twin_shock,indonesia,USDC
158,0.7892528744622309,1118038670828.9968,673,S3_twin_shock,indonesia,USDC
159,0.7971811223465655,1090079332006.7544,673,S3_twin_shock,indonesia,USDC
160,0.7915621557600415,1062820512152.1511,673,S3_twin_shock,indonesia,USDC
161,0.8018691515950689,1036244310332.395,673,S3_twin_shock,indonesia,USDC
162,0.7881886167316327,1010333986511.3645,673,S3_twin_shock,indonesia,USDC
163,0.7792476748172297,985071661400.9885,673,S3_twin_shock,indonesia,USDC
164,0.7909916473187802,960441533030.5586,673,S3_twin_shock,indonesia,USDC
165,0.775143985753877,936428006583.9641,673,S3_twin_shock,indonesia,USDC
166,0.7718315810238902,913015067045.551,673,S3_twin_shock,indonesia,USDC
167,0.7273055029496777,890187805762.1606,673,S3_twin_shock,indonesia,USDC
168,0.7365778307962545,867931255506.7627,673,S3_twin_shock,indonesia,USDC
169,0.7385445205648592,846231566085.1526,673,S3_twin_shock,indonesia,USDC
170,0.7299269730920009,825074776619.4214,673,S3_twin_shock,indonesia,USDC
171,0.7307508301502101,804447103040.7815,673,S3_twin_shock,indonesia,USDC
172,0.7481462841935523,784335274642.927,673,S3_twin_shock,indonesia,USDC
173,0.7710559632995576,764726463934.553,673,S3_twin_shock,indonesia,USDC
174,0.7937971837470065,745607988768.1592,673,S3_twin_shock,indonesia,USDC
175,0.7843461664339926,726967571810.5872,673,S3_twin_shock,indonesia,USDC
176,0.7887460349148143,708793189354.0873,673,S3_twin_shock,indonesia,USDC
177,0.7833433995787684,691073203587.089,673,S3_twin_shock,indonesia,USDC
178,0.809099277381797,673796245420.6516,673,S3_twin_shock,indonesia,USDC
179,0.8014594452297177,656951249763.0548,673,S3_twin_shock,indonesia,USDC
180,0.8194312852019444,640527393071.9033,673,S3_twin_shock,indonesia,USDC
181,0.8153815249651574,624514150684.5198,673,S3_twin_shock,indonesia,USDC
182,0.8068365857751356,608901247697.2097,673,S3_twin_shock,indonesia,USDC
183,0.7953647007977825,593678671388.0713,673,S3_twin_shock,indonesia,USDC
184,0.7918353411564559,578836663291.7306,673,S3_twin_shock,indonesia,USDC
185,0.8008871406474405,564365713376.0808,673,S3_twin_shock,indonesia,USDC
186,0.8144310736319417,550256542750.24,673,S3_twin_shock,indonesia,USDC
187,0.795611478193326,536500108073.01,673,S3_twin_shock,indonesia,USDC
188,0.7744051672877473,523087585904.17523,673,S3_twin_shock,indonesia,USDC
189,0.7767339570717469,510010378265.82654,673,S3_twin_shock,indonesia,USDC
190,0.77055821529656,497260104814.3114,673,S3_twin_shock,indonesia,USDC
191,0.7826542886854507,484828590750.28064,673,S3_twin_shock,indonesia,USDC
192,0.7914369938740196,472707866786.06885,673,S3_twin_shock,indonesia,USDC
193,0.7790770953561409,460890163189.9492,673,S3_twin_shock,indonesia,USDC
194,0.7651153119785454,449367903270.9917,673,S3_twin_shock,indonesia,USDC
195,0.7687662078531666,438133700271.5592,673,S3_twin_shock,indonesia,USDC
196,0.7779289562606355,427180353567.5852,673,S3_twin_shock,indonesia,USDC
197,0.7845087679798484,416500841553.41064,673,S3_twin_shock,indonesia,USDC
198,0.8127266843971527,406088318055.5028,673,S3_twin_shock,indonesia,USDC
199,0.8321062472932539,395936108518.2344,673,S3_twin_shock,indonesia,USDC
200,0.8349584359320584,386037704576.3326,673,S3_twin_shock,indonesia,USDC
201,0.8344544378319936,376386760970.42126,673,S3_twin_shock,indonesia,USDC
202,0.8229198310937893,366977091043.2231,673,S3_twin_shock,indonesia,USDC
203,0.8010453010591976,357802662938.9822,673,S3_twin_shock,indonesia,USDC
204,0.782741551282686,348857595518.49243,673,S3_twin_shock,indonesia,USDC
205,0.7935821761908178,340136154884.3474,673,S3_twin_shock,indonesia,USDC
206,0.7814235775152606,331632750428.693,673,S3_twin_shock,indonesia,USDC
207,0.7928357655924828,323341931176.0335,673,S3_twin_shock,indonesia,USDC
208,0.7607177196933785,315258382511.7527,673,S3_twin_shock,indonesia,USDC
209,0.7772261327649943,307376922580.9088,673,S3_twin_shock,indonesia,USDC
210,0.8209024392930047,299692499246.50726,673,S3_twin_shock,indonesia,USDC
211,0.809474588698462,292200186585.2939,673,S3_twin_shock,indonesia,USDC
212,0.8122279936831198,284895181763.2303,673,S3_twin_shock,indonesia,USDC
213,0.8186733013863259,277772802086.3534,673,S3_twin_shock,indonesia,USDC
214,0.830405177721804,270828481931.37152,673,S3_twin_shock,indonesia,USDC
215,0.8343253154475787,264057769800.5663,673,S3_twin_shock,indonesia,USDC
216,0.8231113054270979,257456325484.97858,673,S3_twin_shock,indonesia,USDC
217,0.8161424452962459,251019917280.43982,673,S3_twin_shock,indonesia,USDC
218,0.8043171047479146,244744419290.80896,673,S3_twin_shock,indonesia,USDC
219,0.790925591603453,238625808756.0157,673,S3_twin_shock,indonesia,USDC
220,0.7861086761516428,232660163490.59293,673,S3_twin_shock,indonesia,USDC
221,0.798117638417567,226843659362.18036,673,S3_twin_shock,indonesia,USDC
222,0.8021439871406049,221172567846.90332,673,S3_twin_shock,indonesia,USDC
223,0.8032908115342936,215643253624.99344,673,S3_twin_shock,indonesia,USDC
224,0.8258716194136406,210252172263.67676,673,S3_twin_shock,indonesia,USDC
225,0.8246935825173177,204995867942.8026,673,S3_twin_shock,indonesia,USDC
226,0.8049805869155048,199870971231.5559,673,S3_twin_shock,indonesia,USDC
227,0.8168626757073303,194874196938.43567,673,S3_twin_shock,indonesia,USDC
228,0.7932894655261248,190002342005.42755,673,S3_twin_shock,indonesia,USDC
229,0.7956702905774296,185252283445.73386,673,S3_twin_shock,indonesia,USDC
230,0.7645292390894384,180620976352.16223,673,S3_twin_shock,indonesia,USDC
231,0.739387563884301,176105451935.77444,673,S3_twin_shock,indonesia,USDC
232,0.7652258464694968,171702815630.6481,673,S3_twin_shock,indonesia,USDC
233,0.7868436209618794,167410245235.38474,673,S3_twin_shock,indonesia,USDC
234,0.7972139718692701,163224989101.16476,673,S3_twin_shock,indonesia,USDC
235,0.7808656237515454,159144364371.23306,673,S3_twin_shock,indonesia,USDC
236,0.7602353702663529,155165755259.76157,673,S3_twin_shock,indonesia,USDC
237,0.7566813717758302,151286611376.20068,673,S3_twin_shock,indonesia,USDC
238,0.7483173134481146,147504446090.17102,673,S3_twin_shock,indonesia,USDC
239,0.7474329218471875,143816834936.5355,673,S3_twin_shock,indonesia,USDC
240,0.7504201464599229,140221414062.11295,673,S3_twin_shock,indonesia,USDC
241,0.7644601588620085,136715878709.78008,673,S3_twin_shock,indonesia,USDC
242,0.7833718355955075,133297981741.46158,673,S3_twin_shock,indonesia,USDC
243,0.7810517030040895,129965532197.4917,673,S3_twin_shock,indonesia,USDC
244,0.7969356401714205,126716393892.19763,673,S3_twin_shock,indonesia,USDC
245,0.8002364511767196,123548484044.62341,673,S3_twin_shock,indonesia,USDC
246,0.82051095611976,120459771943.30356,673,S3_twin_shock,indonesia,USDC
247,0.8143623071839855,117448277644.56134,673,S3_twin_shock,indonesia,USDC
248,0.8118882897914609,114512070703.31241,673,S3_twin_shock,indonesia,USDC
249,0.8172223065550565,111649268935.61337,673,S3_twin_shock,indonesia,USDC
250,0.8167441631202842,108858037212.1305,673,S3_twin_shock,indonesia,USDC
251,0.8269709401334446,106136586281.74652,673,S3_twin_shock,indonesia,USDC
252,0.8170254610719715,103483171624.64026,673,S3_twin_shock,indonesia,USDC
253,0.8099188826532179,100896092333.96408,673,S3_twin_shock,indonesia,USDC
254,0.8060475980723263,98373690025.56181,673,S3_twin_shock,indonesia,USDC
255,0.8513264314444062,95914347774.87799,673,S3_twin_shock,indonesia,USDC
256,0.8442287289101279,93516489080.47777,673,S3_twin_shock,indonesia,USDC
257,0.840358342014953,91178576853.44064,673,S3_twin_shock,indonesia,USDC
258,0.8028653101660177,88899112432.08235,673,S3_twin_shock,indonesia,USDC
259,0.7969843894987917,86676634621.2546,673,S3_twin_shock,indonesia,USDC
260,0.7962679200868658,84509718755.70097,673,S3_twin_shock,indonesia,USDC
261,0.7640705881051025,82396975786.78922,673,S3_twin_shock,indonesia,USDC
262,0.7926794297508065,80337051392.10149,673,S3_twin_shock,indonesia,USDC
263,0.7811432225119626,78328625107.28662,673,S3_twin_shock,indonesia,USDC
264,0.784108460404127,76370409479.59344,673,S3_twin_shock,indonesia,USDC
265,0.7806622682166422,74461149242.59479,673,S3_twin_shock,indonesia,USDC
266,0.8121625990195845,72599620511.52267,673,S3_twin_shock,indonesia,USDC
267,0.7926896505327191,70784629998.72989,673,S3_twin_shock,indonesia,USDC
268,0.7759617623680617,69015014248.75708,673,S3_twin_shock,indonesia,USDC
269,0.7830297873240802,67289638892.53402,673,S3_twin_shock,indonesia,USDC
270,0.7636167375599094,65607397920.217514,673,S3_twin_shock,indonesia,USDC
271,0.7608188251596675,63967212972.209114,673,S3_twin_shock,indonesia,USDC
272,0.7336182995798869,62368032647.90146,673,S3_twin_shock,indonesia,USDC
273,0.7451496779223916,60808831831.701775,673,S3_twin_shock,indonesia,USDC
274,0.7427975174493628,59288611035.907684,673,S3_twin_shock,indonesia,USDC
275,0.769133238214697,57806395760.008835,673,S3_twin_shock,indonesia,USDC
276,0.7644991391300484,56361235866.00781,673,S3_twin_shock,indonesia,USDC
277,0.7822714783564001,54952204969.35695,673,S3_twin_shock,indonesia,USDC
278,0.7921891460412961,53578399845.12256,673,S3_twin_shock,indonesia,USDC
279,0.7795323327851779,52238939848.99413,673,S3_twin_shock,indonesia,USDC
280,0.7835156005670026,50932966352.76896,673,S3_twin_shock,indonesia,USDC
281,0.7656175579794693,49659642193.94948,673,S3_twin_shock,indonesia,USDC
282,0.7709143965041796,48418151139.10051,673,S3_twin_shock,indonesia,USDC
283,0.7577607945107341,47207697360.622826,673,S3_twin_shock,indonesia,USDC
284,0.7448185761512025,46027504926.60711,673,S3_twin_shock,indonesia,USDC
285,0.7679922056334733,44876817303.44181,673,S3_twin_shock,indonesia,USDC
286,0.7688711721432719,43754896870.855675,673,S3_twin_shock,indonesia,USDC
287,0.7923511307970129,42661024449.08422,673,S3_twin_shock,indonesia,USDC
288,0.7763175317022925,41594498837.85706,673,S3_twin_shock,indonesia,USDC
289,0.8002122869307254,40554636366.9106,673,S3_twin_shock,indonesia,USDC
290,0.7996513631481036,39540770457.73781,673,S3_twin_shock,indonesia,USDC
291,0.786305786709606,38552251196.29433,673,S3_twin_shock,indonesia,USDC
292,0.7775256818353175,37588444916.38695,673,S3_twin_shock,indonesia,USDC
293,0.7887659671321013,36648733793.47726,673,S3_twin_shock,indonesia,USDC
294,0.8010654273217168,35732515448.640305,673,S3_twin_shock,indonesia,USDC
295,0.7895913434365048,34839202562.424286,673,S3_twin_shock,indonesia,USDC
296,0.7823452366865004,33968222498.363663,673,S3_twin_shock,indonesia,USDC
297,0.7818908172129548,33119016935.904564,673,S3_twin_shock,indonesia,USDC
298,0.7880705677028043,32291041512.506947,673,S3_twin_shock,indonesia,USDC
299,0.793782534732877,31483765474.694267,673,S3_twin_shock,indonesia,USDC
300,0.7955913824308354,30696671337.826904,673,S3_twin_shock,indonesia,USDC
301,0.7749529812044919,29929254554.381226,673,S3_twin_shock,indonesia,USDC
302,0.763055956069653,29181023190.52169,673,S3_twin_shock,indonesia,USDC
303,0.7559659626512919,28451497610.758644,673,S3_twin_shock,indonesia,USDC
304,0.7523054121452425,27740210170.48968,673,S3_twin_shock,indonesia,USDC
305,0.7500227553325034,27046704916.22744,673,S3_twin_shock,indonesia,USDC
306,0.7349578373668489,26370537293.32175,673,S3_twin_shock,indonesia,USDC
307,0.7466043252860344,25711273860.98871,673,S3_twin_shock,indonesia,USDC
308,0.7550665711813938,25068492014.463993,673,S3_twin_shock,indonesia,USDC
309,0.7365234795498382,24441779714.102394,673,S3_twin_shock,indonesia,USDC
310,0.7304672546369323,23830735221.249832,673,S3_twin_shock,indonesia,USDC
311,0.7392054867301631,23234966840.718586,673,S3_twin_shock,indonesia,USDC
312,0.7656576032212417,22654092669.700623,673,S3_twin_shock,indonesia,USDC
313,0.7509002457733651,22087740352.958107,673,S3_twin_shock,indonesia,USDC
314,0.7568872976459836,21535546844.134155,673,S3_twin_shock,indonesia,USDC
315,0.771929436468627,20997158173.0308,673,S3_twin_shock,indonesia,USDC
316,0.7775059118693878,20472229218.705032,673,S3_twin_shock,indonesia,USDC
317,0.7657294304111449,19960423488.237404,673,S3_twin_shock,indonesia,USDC
318,0.7541814851847825,19461412901.03147,673,S3_twin_shock,indonesia,USDC
319,0.7765863727531086,18974877578.505684,673,S3_twin_shock,indonesia,USDC
320,0.7745920371298464,18500505639.043037,673,S3_twin_shock,indonesia,USDC
321,0.759471854395965,18037992998.066963,673,S3_twin_shock,indonesia,USDC
322,0.7062414059876455,17587043173.11529,673,S3_twin_shock,indonesia,USDC
323,0.7210872057747969,17147367093.787407,673,S3_twin_shock,indonesia,USDC
324,0.7237006258414096,16718682916.442722,673,S3_twin_shock,indonesia,USDC
325,0.7059825185781065,16300715843.531654,673,S3_twin_shock,indonesia,USDC
326,0.6817664358792622,15893197947.443361,673,S3_twin_shock,indonesia,USDC
327,0.6881192017894371,15495867998.757278,673,S3_twin_shock,indonesia,USDC
328,0.6874911417758303,15108471298.788345,673,S3_twin_shock,indonesia,USDC
329,0.7044283727794023,14730759516.318638,673,S3_twin_shock,indonesia,USDC
330,0.7028291699234034,14362490528.410671,673,S3_twin_shock,indonesia,USDC
331,0.7179060343206586,14003428265.200405,673,S3_twin_shock,indonesia,USDC
332,0.7406817541055225,13653342558.570395,673,S3_twin_shock,indonesia,USDC
333,0.7126117871939949,13312008994.606134,673,S3_twin_shock,indonesia,USDC
334,0.7063757503954022,12979208769.740978,673,S3_twin_shock,indonesia,USDC
335,0.712532204740134,12654728550.497456,673,S3_twin_shock,indonesia,USDC
336,0.7147767346044508,12338360336.73502,673,S3_twin_shock,indonesia,USDC
337,0.7103691945392995,12029901328.316643,673,S3_twin_shock,indonesia,USDC
338,0.729956928263145,11729153795.108728,673,S3_twin_shock,indonesia,USDC
339,0.7605343586576637,11435924950.23101,673,S3_twin_shock,indonesia,USDC
340,0.7887399713336972,11150026826.475235,673,S3_twin_shock,indonesia,USDC
341,0.8170908946127917,10871276155.813353,673,S3_twin_shock,indonesia,USDC
342,0.8234777758872824,10599494251.918018,673,S3_twin_shock,indonesia,USDC
343,0.8300930279546069,10334506895.62007,673,S3_twin_shock,indonesia,USDC
344,0.8187696474499148,10076144223.229568,673,S3_twin_shock,indonesia,USDC
345,0.6957602824265589,9824240617.648827,673,S3_twin_shock,indonesia,USDC
346,0.6913159281267384,9578634602.207607,673,S3_twin_shock,indonesia,USDC
347,0.6984384624716016,9339168737.152416,673,S3_twin_shock,indonesia,USDC
348,0.7098224854593876,9105689518.723606,673,S3_twin_shock,indonesia,USDC
349,0.719656513772288,8878047280.755516,673,S3_twin_shock,indonesia,USDC
350,0.7289809020485071,8656096098.736628,673,S3_twin_shock,indonesia,USDC
351,0.7306585349491871,8439693696.268213,673,S3_twin_shock,indonesia,USDC
352,0.7247327081085958,8228701353.861507,673,S3_twin_shock,indonesia,USDC
353,0.7425571866903791,8022983820.014969,673,S3_twin_shock,indonesia,USDC
354,0.7474629938646118,7822409224.514595,673,S3_twin_shock,indonesia,USDC
355,0.7481380711670259,7626848993.9017315,673,S3_twin_shock,indonesia,USDC
356,0.7668891396390772,7436177769.054188,673,S3_twin_shock,indonesia,USDC
357,0.765121457056331,7250273324.827833,673,S3_twin_shock,indonesia,USDC
358,0.7665405880398075,7069016491.707138,673,S3_twin_shock,indonesia,USDC
359,0.7785678259911215,6892291079.414459,673,S3_twin_shock,indonesia,USDC
360,0.7752884541478892,6719983802.429098,673,S3_twin_shock,indonesia,USDC
361,0.7840582167689839,6551984207.36837,673,S3_twin_shock,indonesia,USDC
362,0.7986164679630996,6388184602.184161,673,S3_twin_shock,indonesia,USDC
363,0.781010842075543,6228479987.129557,673,S3_twin_shock,indonesia,USDC
364,0.7726307941012924,6072767987.451318,673,S3_twin_shock,indonesia,USDC
365,0.7888976663489036,5920948787.765035,673,S3_twin_shock,indonesia,USDC
366,0.775637995970899,5772925068.0709095,673,S3_twin_shock,indonesia,USDC
367,0.7697525228438565,5628601941.369137,673,S3_twin_shock,indonesia,USDC
368,0.7896248044716093,5487886892.834908,673,S3_twin_shock,indonesia,USDC
369,0.8029415998457192,5350689720.514036,673,S3_twin_shock,indonesia,USDC
370,0.8069109053487432,5216922477.501184,673,S3_twin_shock,indonesia,USDC
371,0.7943601646454783,5086499415.563655,673,S3_twin_shock,indonesia,USDC
372,0.8170517080617665,4959336930.174564,673,S3_twin_shock,indonesia,USDC
373,0.8208420799356149,4835353506.9202,673,S3_twin_shock,indonesia,USDC
374,0.8363568063561163,4714469669.247194,673,S3_twin_shock,indonesia,USDC
375,0.8392607935632378,4596607927.516015,673,S3_twin_shock,indonesia,USDC
376,0.8253528472912891,4481692729.3281145,673,S3_twin_shock,indonesia,USDC
377,0.824005458988389,4369650411.094912,673,S3_twin_shock,indonesia,USDC
378,0.8187212059629166,4260409150.8175387,673,S3_twin_shock,indonesia,USDC
379,0.8018177232767423,4153898922.0471,673,S3_twin_shock,indonesia,USDC
380,0.7990764512675297,4050051448.995923,673,S3_twin_shock,indonesia,USDC
381,0.7717140866779935,3948800162.7710247,673,S3_twin_shock,indonesia,USDC
382,0.7572917251870869,3850080158.701749,673,S3_twin_shock,indonesia,USDC
383,0.7556590424500037,3753828154.7342057,673,S3_twin_shock,indonesia,USDC
384,0.7672164831945921,3659982450.8658504,673,S3_twin_shock,indonesia,USDC
385,0.7684921952052564,3568482889.594204,673,S3_twin_shock,indonesia,USDC
386,0.7551908914660972,3479270817.3543487,673,S3_twin_shock,indonesia,USDC
387,0.7623365030900842,3392289046.9204903,673,S3_twin_shock,indonesia,USDC
388,0.7495091192953408,3307481820.747478,673,S3_twin_shock,indonesia,USDC
389,0.7409000834319284,3224794775.228791,673,S3_twin_shock,indonesia,USDC
390,0.7461591598190569,3144174905.8480716,673,S3_twin_shock,indonesia,USDC
391,0.774502088431526,3065570533.20187,673,S3_twin_shock,indonesia,USDC
392,0.7609888752377998,2988931269.8718233,673,S3_twin_shock,indonesia,USDC
393,0.7623247467389987,2914207988.1250277,673,S3_twin_shock,indonesia,USDC
394,0.7722808352960822,2841352788.4219017,673,S3_twin_shock,indonesia,USDC
395,0.7669249743805979,2770318968.7113543,673,S3_twin_shock,indonesia,USDC
396,0.7597399875343824,2701060994.4935703,673,S3_twin_shock,indonesia,USDC
397,0.7508836195925451,2633534469.631231,673,S3_twin_shock,indonesia,USDC
398,0.7431763402763168,2567696107.8904505,673,S3_twin_shock,indonesia,USDC
399,0.7230974099555049,2503503705.1931887,673,S3_twin_shock,indonesia,USDC
400,0.7368838999738406,2440916112.5633593,673,S3_twin_shock,indonesia,USDC
401,0.7531351281160251,2379893209.749275,673,S3_twin_shock,indonesia,USDC
402,0.7748275536075487,2320395879.5055437,673,S3_twin_shock,indonesia,USDC
403,0.812590406973851,2262385982.517905,673,S3_twin_shock,indonesia,USDC
404,0.8392131279231708,2205826332.954957,673,S3_twin_shock,indonesia,USDC
405,0.8276141001792311,2150680674.6310835,673,S3_twin_shock,indonesia,USDC
406,0.7995585965701943,2096913657.7653065,673,S3_twin_shock,indonesia,USDC
407,0.7995754867609276,2044490816.3211737,673,S3_twin_shock,indonesia,USDC
408,0.7984400840081756,1993378545.913144,673,S3_twin_shock,indonesia,USDC
409,0.7981396177418294,1943544082.265316,673,S3_twin_shock,indonesia,USDC
410,0.7832075593086891,1894955480.2086828,673,S3_twin_shock,indonesia,USDC
411,0.7709096515395949,1847581593.2034657,673,S3_twin_shock,indonesia,USDC
412,0.7853039928171631,1801392053.373379,673,S3_twin_shock,indonesia,USDC
413,0.7861564241863631,1756357252.0390444,673,S3_twin_shock,indonesia,USDC
414,0.8073896709754941,1712448320.738068,673,S3_twin_shock,indonesia,USDC
415,0.7551437895195104,1669637112.719617,673,S3_twin_shock,indonesia,USDC
416,0.7590132551369356,1627896184.901626,673,S3_twin_shock,indonesia,USDC
417,0.769956706293908,1587198780.2790856,673,S3_twin_shock,indonesia,USDC
418,0.7774824720154785,1547518810.7721086,673,S3_twin_shock,indonesia,USDC
419,0.7667223714267138,1508830840.5028057,673,S3_twin_shock,indonesia,USDC
420,0.7732887305929397,1471110069.4902358,673,S3_twin_shock,indonesia,USDC
421,0.7652032000653337,1434332317.7529798,673,S3_twin_shock,indonesia,USDC
422,0.7544097878835038,1398474009.8091552,673,S3_twin_shock,indonesia,USDC
423,0.7554958377990622,1363512159.5639262,673,S3_twin_shock,indonesia,USDC
424,0.7794023421123376,1329424355.5748281,673,S3_twin_shock,indonesia,USDC
425,0.7773064133943842,1296188746.6854575,673,S3_twin_shock,indonesia,USDC
426,0.7824067802390452,1263784028.018321,673,S3_twin_shock,indonesia,USDC
427,0.7924712829571242,1232189427.317863,673,S3_twin_shock,indonesia,USDC
428,0.7548996810366599,1201384691.6349165,673,S3_twin_shock,indonesia,USDC
429,0.7699948624686606,1171350074.3440435,673,S3_twin_shock,indonesia,USDC
430,0.7494145440646318,1142066322.4854424,673,S3_twin_shock,indonesia,USDC
431,0.7733988112248038,1113514664.4233065,673,S3_twin_shock,indonesia,USDC
432,0.7791611194305775,1085676797.8127236,673,S3_twin_shock,indonesia,USDC
433,0.781036184650268,1058534877.8674057,673,S3_twin_shock,indonesia,USDC
434,0.777064482982699,1032071505.9207206,673,S3_twin_shock,indonesia,USDC
435,0.794891671059389,1006269718.2727026,673,S3_twin_shock,indonesia,USDC
436,0.7930916263192874,981112975.315885,673,S3_twin_shock,indonesia,USDC
437,0.8062979351807487,956585150.9329879,673,S3_twin_shock,indonesia,USDC
438,0.8214565237285306,932670522.1596632,673,S3_twin_shock,indonesia,USDC
439,0.8242602082851754,909353759.1056716,673,S3_twin_shock,indonesia,USDC
440,0.8367209985818828,886619915.1280298,673,S3_twin_shock,indonesia,USDC
441,0.8224785769035047,864454417.249829,673,S3_twin_shock,indonesia,USDC
442,0.823825850071047,842843056.8185833,673,S3_twin_shock,indonesia,USDC
443,0.8324501967033449,821771980.3981187,673,S3_twin_shock,indonesia,USDC
444,0.8350125545487603,801227680.8881657,673,S3_twin_shock,indonesia,USDC
445,0.8268527541106098,781196988.8659616,673,S3_twin_shock,indonesia,USDC
446,0.8107012857964614,761667064.1443125,673,S3_twin_shock,indonesia,USDC
447,0.7749894388703931,742625387.5407047,673,S3_twin_shock,indonesia,USDC
448,0.8200779646766579,724059752.8521872,673,S3_twin_shock,indonesia,USDC
449,0.8440429761495362,705958259.0308824,673,S3_twin_shock,indonesia,USDC
450,0.8367452816603079,688309302.5551105,673,S3_twin_shock,indonesia,USDC
451,0.8182788754557417,671101569.9912326,673,S3_twin_shock,indonesia,USDC
452,0.8141228207480226,654324030.7414519,673,S3_twin_shock,indonesia,USDC
453,0.8035491571681072,637965929.9729154,673,S3_twin_shock,indonesia,USDC
454,0.7687097022492165,622016781.7235926,673,S3_twin_shock,indonesia,USDC
455,0.7778071525721514,606466362.1805028,673,S3_twin_shock,indonesia,USDC
456,0.7741978701664919,591304703.1259903,673,S3_twin_shock,indonesia,USDC
457,0.79420270061423,576522085.5478405,673,S3_twin_shock,indonesia,USDC
458,0.7919790477967493,562109033.4091444,673,S3_twin_shock,indonesia,USDC
459,0.7963468356263907,548056307.5739158,673,S3_twin_shock,indonesia,USDC
460,0.7957384518284047,534354899.8845679,673,S3_twin_shock,indonesia,USDC
461,0.8047278608123475,520996027.3874537,673,S3_twin_shock,indonesia,USDC
462,0.8307166662284304,507971126.7027674,673,S3_twin_shock,indonesia,USDC
463,0.832381049293014,495271848.53519815,673,S3_twin_shock,indonesia,USDC
464,0.8133138563468808,482890052.32181823,673,S3_twin_shock,indonesia,USDC
465,0.8069114533221139,470817801.0137728,673,S3_twin_shock,indonesia,USDC
466,0.7734943724969231,459047355.9884284,673,S3_twin_shock,indonesia,USDC
467,0.8005190382178071,447571172.0887177,673,S3_twin_shock,indonesia,USDC
468,0.8019236352009654,436381892.78649974,673,S3_twin_shock,indonesia,USDC
469,0.803250000074561,425472345.4668373,673,S3_twin_shock,indonesia,USDC
470,0.7817471264046979,414835536.83016634,673,S3_twin_shock,indonesia,USDC
471,0.7702256331872424,404464648.40941215,673,S3_twin_shock,indonesia,USDC
472,0.7745943179659994,394353032.19917685,673,S3_twin_shock,indonesia,USDC
473,0.7847358233169336,384494206.39419746,673,S3_twin_shock,indonesia,USDC
474,0.7786128740941954,374881851.2343425,673,S3_twin_shock,indonesia,USDC
475,0.7461273363763332,365509804.95348394,673,S3_twin_shock,indonesia,USDC
476,0.7401437912045971,356372059.8296468,673,S3_twin_shock,indonesia,USDC
477,0.7571495588088175,347462758.3339057,673,S3_twin_shock,indonesia,USDC
478,0.791666128243505,338776189.375558,673,S3_twin_shock,indonesia,USDC
479,0.7876315689440757,330306784.6411691,673,S3_twin_shock,indonesia,USDC
480,0.7755335037198459,322049115.02513987,673,S3_twin_shock,indonesia,USDC
481,0.7438248803846739,313997887.1495114,673,S3_twin_shock,indonesia,USDC
482,0.7510740745098594,306147939.97077364,673,S3_twin_shock,indonesia,USDC
483,0.7514695086433408,298494241.4715043,673,S3_twin_shock,indonesia,USDC
484,0.7374438763040722,291031885.43471664,673,S3_twin_shock,indonesia,USDC
485,0.7342976528302243,283756088.29884875,673,S3_twin_shock,indonesia,USDC
486,0.7473346551556029,276662186.0913775,673,S3_twin_shock,indonesia,USDC
487,0.7461870722470944,269745631.43909305,673,S3_twin_shock,indonesia,USDC
488,0.7601264493189891,263001990.65311575,673,S3_twin_shock,indonesia,USDC
489,0.754416526507051,256426940.8867879,673,S3_twin_shock,indonesia,USDC
490,0.7715666294125295,250016267.36461818,673,S3_twin_shock,indonesia,USDC
491,0.7678085308690532,243765860.6805027,673,S3_twin_shock,indonesia,USDC
492,0.7912952685257816,237671714.16349015,673,S3_twin_shock,indonesia,USDC
493,0.7889450195221056,231729921.30940288,673,S3_twin_shock,indonesia,USDC
494,0.7921074187268735,225936673.2766678,673,S3_twin_shock,indonesia,USDC
495,0.7682250552587445,220288256.44475108,673,S3_twin_shock,indonesia,USDC
496,0.7692444101081469,214781050.03363234,673,S3_twin_shock,indonesia,USDC
497,0.759814724256254,209411523.78279153,673,S3_twin_shock,indonesia,USDC
498,0.77766573137104,204176235.68822175,673,S3_twin_shock,indonesia,USDC
499,0.7965053948294991,199071829.79601622,673,S3_twin_shock,indonesia,USDC
500,0.7999504952025125,194095034.0511158,673,S3_twin_shock,indonesia,USDC
501,0.8132299902797369,189242658.1998379,673,S3_twin_shock,indonesia,USDC
502,0.8161389191405727,184511591.74484193,673,S3_twin_shock,indonesia,USDC
503,0.8042735932715042,179898801.9512209,673,S3_twin_shock,indonesia,USDC
504,0.7871428309342188,175401331.90244037,673,S3_twin_shock,indonesia,USDC
505,0.7974909873306492,171016298.60487938,673,S3_twin_shock,indonesia,USDC
506,0.8018776589508501,166740891.1397574,673,S3_twin_shock,indonesia,USDC
507,0.8006638362673982,162572368.86126345,673,S3_twin_shock,indonesia,USDC
508,0.7917816356509756,158508059.63973185,673,S3_twin_shock,indonesia,USDC
509,0.7768494577790629,154545358.14873856,673,S3_twin_shock,indonesia,USDC
510,0.7549625179087784,150681724.19502008,673,S3_twin_shock,indonesia,USDC
511,0.7606579252333059,146914681.0901446,673,S3_twin_shock,indonesia,USDC
512,0.7491674636323398,143241814.06289098,673,S3_twin_shock,indonesia,USDC
513,0.7420128466622385,139660768.7113187,673,S3_twin_shock,indonesia,USDC
514,0.7503070163693114,136169249.49353573,673,S3_twin_shock,indonesia,USDC
515,0.7629827322708569,132765018.25619733,673,S3_twin_shock,indonesia,USDC
516,0.7754784733877715,129445892.79979242,673,S3_twin_shock,indonesia,USDC
517,0.7561043469731635,126209745.4797976,673,S3_twin_shock,indonesia,USDC
518,0.7774540447322825,123054501.84280267,673,S3_twin_shock,indonesia,USDC
519,0.7701621759267857,119978139.2967326,673,S3_twin_shock,indonesia,USDC
520,0.7631608189031325,116978685.81431429,673,S3_twin_shock,indonesia,USDC
521,0.761877142159408,114054218.66895643,673,S3_twin_shock,indonesia,USDC
522,0.7794429111363044,111202863.20223251,673,S3_twin_shock,indonesia,USDC
523,0.7849632051831349,108422791.6221767,673,S3_twin_shock,indonesia,USDC
524,0.7800034752453955,105712221.8316223,673,S3_twin_shock,indonesia,USDC
525,0.7912960728940334,103069416.28583173,673,S3_twin_shock,indonesia,USDC
526,0.7945041891381813,100492680.87868595,673,S3_twin_shock,indonesia,USDC
527,0.7846120822859108,97980363.8567188,673,S3_twin_shock,indonesia,USDC
528,0.78329753049582,95530854.76030083,673,S3_twin_shock,indonesia,USDC
529,0.7508094632467854,93142583.3912933,673,S3_twin_shock,indonesia,USDC
530,0.7450945607565447,90814018.80651097,673,S3_twin_shock,indonesia,USDC
531,0.7481985804026836,88543668.33634819,673,S3_twin_shock,indonesia,USDC
532,0.7586027099560523,86330076.62793949,673,S3_twin_shock,indonesia,USDC
533,0.7653718510011986,84171824.712241,673,S3_twin_shock,indonesia,USDC
534,0.7732961370843219,82067529.09443498,673,S3_twin_shock,indonesia,USDC
535,0.7695401679567101,80015840.8670741,673,S3_twin_shock,indonesia,USDC
536,0.7762993407708025,78015444.84539725,673,S3_twin_shock,indonesia,USDC
537,0.7843118205839823,76065058.72426231,673,S3_twin_shock,indonesia,USDC
538,0.7959244306920636,74163432.25615576,673,S3_twin_shock,indonesia,USDC
539,0.8013379236603516,72309346.44975187,673,S3_twin_shock,indonesia,USDC
540,0.7721365524694893,70501612.78850807,673,S3_twin_shock,indonesia,USDC
541,0.7555499129531461,68739072.46879537,673,S3_twin_shock,indonesia,USDC
542,0.7711624307116886,67020595.65707548,673,S3_twin_shock,indonesia,USDC
543,0.8126735076931122,65345080.765648596,673,S3_twin_shock,indonesia,USDC
544,0.8238836989734949,63711453.74650738,673,S3_twin_shock,indonesia,USDC
545,0.8003242638425759,62118667.4028447,673,S3_twin_shock,indonesia,USDC
546,0.7981814540785515,60565700.71777357,673,S3_twin_shock,indonesia,USDC
547,0.7913129803246045,59051558.199829236,673,S3_twin_shock,indonesia,USDC
548,0.7833812621601045,57575269.244833514,673,S3_twin_shock,indonesia,USDC
549,0.7157411178226922,56135887.51371267,673,S3_twin_shock,indonesia,USDC
550,0.7154696628605244,54732490.32586986,673,S3_twin_shock,indonesia,USDC
551,0.7193064231754077,53364178.06772311,673,S3_twin_shock,indonesia,USDC
552,0.747676763649789,52030073.61603003,673,S3_twin_shock,indonesia,USDC
553,0.7581925926800198,50729321.77562927,673,S3_twin_shock,indonesia,USDC
554,0.7365668398655821,49461088.731238544,673,S3_twin_shock,indonesia,USDC
555,0.7356767127878989,48224561.51295757,673,S3_twin_shock,indonesia,USDC
556,0.7379249976719023,47018947.475133635,673,S3_twin_shock,indonesia,USDC
557,0.7346817278424175,45843473.7882553,673,S3_twin_shock,indonesia,USDC
558,0.753901908917012,44697386.94354892,673,S3_twin_shock,indonesia,USDC
559,0.7480424353141146,43579952.269960195,673,S3_twin_shock,indonesia,USDC
560,0.7480522816637701,42490453.463211186,673,S3_twin_shock,indonesia,USDC
561,0.7281259458627087,41428192.12663091,673,S3_twin_shock,indonesia,USDC
562,0.7416420305123596,40392487.32346513,673,S3_twin_shock,indonesia,USDC
563,0.7468822447771178,39382675.140378505,673,S3_twin_shock,indonesia,USDC
564,0.74052034751364,38398108.26186904,673,S3_twin_shock,indonesia,USDC
565,0.7396838671412455,37438155.55532232,673,S3_twin_shock,indonesia,USDC
566,0.7450045487779984,36502201.66643926,673,S3_twin_shock,indonesia,USDC
567,0.7530424284728022,35589646.62477828,673,S3_twin_shock,indonesia,USDC
568,0.7385383938482665,34699905.45915882,673,S3_twin_shock,indonesia,USDC
569,0.7361346287820952,33832407.82267985,673,S3_twin_shock,indonesia,USDC
570,0.7561272832852085,32986597.62711285,673,S3_twin_shock,indonesia,USDC
571,0.7559241491781216,32161932.686435033,673,S3_twin_shock,indonesia,USDC
572,0.7656694836029155,31357884.369274154,673,S3_twin_shock,indonesia,USDC
573,0.7662208026334953,30573937.260042302,673,S3_twin_shock,indonesia,USDC
574,0.7699331660382546,29809588.828541245,673,S3_twin_shock,indonesia,USDC
575,0.7636060258695853,29064349.107827708,673,S3_twin_shock,indonesia,USDC
576,0.7615805906587121,28337740.38013202,673,S3_twin_shock,indonesia,USDC
577,0.7568238066489189,27629296.870628715,673,S3_twin_shock,indonesia,USDC
578,0.7157894226389484,26938564.448863,673,S3_twin_shock,indonesia,USDC
579,0.7413549936004765,26265100.337641425,673,S3_twin_shock,indonesia,USDC
580,0.7737681058520254,25608472.829200387,673,S3_twin_shock,indonesia,USDC
581,0.788958620874908,24968261.00847038,673,S3_twin_shock,indonesia,USDC
582,0.7261075778243333,24344054.48325862,673,S3_twin_shock,indonesia,USDC
583,0.7358409679835745,23735453.121177156,673,S3_twin_shock,indonesia,USDC
584,0.7529460217528202,23142066.793147728,673,S3_twin_shock,indonesia,USDC
585,0.7551652538171673,22563515.123319034,673,S3_twin_shock,indonesia,USDC
586,0.7487186797348794,21999427.245236054,673,S3_twin_shock,indonesia,USDC
587,0.7544495323434273,21449441.564105153,673,S3_twin_shock,indonesia,USDC
588,0.7635871977732693,20913205.525002524,673,S3_twin_shock,indonesia,USDC
589,0.7870054456326517,20390375.386877462,673,S3_twin_shock,indonesia,USDC
590,0.8106199387296817,19880616.002205525,673,S3_twin_shock,indonesia,USDC
591,0.8179862000785166,19383600.602150384,673,S3_twin_shock,indonesia,USDC
592,0.8109601095647053,18899010.587096628,673,S3_twin_shock,indonesia,USDC
593,0.7936352752672906,18426535.32241921,673,S3_twin_shock,indonesia,USDC
594,0.7643701674943526,17965871.93935873,673,S3_twin_shock,indonesia,USDC
595,0.78008876923309,17516725.140874762,673,S3_twin_shock,indonesia,USDC
596,0.7876758012723679,17078807.01235289,673,S3_twin_shock,indonesia,USDC
597,0.80196921403896,16651836.83704407,673,S3_twin_shock,indonesia,USDC
598,0.8036926190242801,16235540.916117968,673,S3_twin_shock,indonesia,USDC
599,0.8147221343310189,15829652.39321502,673,S3_twin_shock,indonesia,USDC
600,0.8175232087301298,15433911.083384644,673,S3_twin_shock,indonesia,USDC
601,0.7958290571342724,15048063.30630003,673,S3_twin_shock,indonesia,USDC
602,0.7949070231994628,14671861.723642528,673,S3_twin_shock,indonesia,USDC
603,0.7794047622760434,14305065.180551466,673,S3_twin_shock,indonesia,USDC
604,0.7731718421797154,13947438.55103768,673,S3_twin_shock,indonesia,USDC
605,0.7932792580482879,13598752.587261736,673,S3_twin_shock,indonesia,USDC
606,0.7929895310362054,13258783.772580195,673,S3_twin_shock,indonesia,USDC
607,0.7810782217775446,12927314.178265689,673,S3_twin_shock,indonesia,USDC
608,0.7769468274502734,12604131.323809046,673,S3_twin_shock,indonesia,USDC
609,0.7753852924313808,12289028.04071382,673,S3_twin_shock,indonesia,USDC
610,0.7756656640518782,11981802.339695975,673,S3_twin_shock,indonesia,USDC
611,0.7978180257236082,11682257.281203575,673,S3_twin_shock,indonesia,USDC
612,0.7915094090659099,11390200.849173486,673,S3_twin_shock,indonesia,USDC
613,0.7904390763615282,11105445.82794415,673,S3_twin_shock,indonesia,USDC
614,0.8062252262730282,10827809.682245545,673,S3_twin_shock,indonesia,USDC
615,0.8161421570173933,10557114.440189406,673,S3_twin_shock,indonesia,USDC
616,0.8112775568391624,10293186.57918467,673,S3_twin_shock,indonesia,USDC
617,0.7962860181944982,10035856.914705055,673,S3_twin_shock,indonesia,USDC
618,0.79687539579016,9784960.491837427,673,S3_twin_shock,indonesia,USDC
619,0.8081369593044437,9540336.479541492,673,S3_twin_shock,indonesia,USDC
620,0.8017992373998454,9301828.067552954,673,S3_twin_shock,indonesia,USDC
621,0.7793106873241791,9069282.365864132,673,S3_twin_shock,indonesia,USDC
622,0.7571058173301052,8842550.306717526,673,S3_twin_shock,indonesia,USDC
623,0.7516068577140282,8621486.54904959,673,S3_twin_shock,indonesia,USDC
624,0.765224321266941,8405949.38532335,673,S3_twin_shock,indonesia,USDC
625,0.7841732301002594,8195800.650690266,673,S3_twin_shock,indonesia,USDC
626,0.7819146627763736,7990905.63442301,673,S3_twin_shock,indonesia,USDC
627,0.7780754309525607,7791132.993562434,673,S3_twin_shock,indonesia,USDC
628,0.8045955910019679,7596354.668723373,673,S3_twin_shock,indonesia,USDC
629,0.779701771264315,7406445.802005289,673,S3_twin_shock,indonesia,USDC
630,0.7733104284503939,7221284.6569551565,673,S3_twin_shock,indonesia,USDC
631,0.7835498009221405,7040752.540531278,673,S3_twin_shock,indonesia,USDC
632,0.7651703873905903,6864733.727017995,673,S3_twin_shock,indonesia,USDC
633,0.7976548885816951,6693115.3838425465,673,S3_twin_shock,indonesia,USDC
634,0.8276628812602007,6525787.499246482,673,S3_twin_shock,indonesia,USDC
635,0.8060644832861827,6362642.811765321,673,S3_twin_shock,indonesia,USDC
636,0.7839894042450642,6203576.741471187,673,S3_twin_shock,indonesia,USDC
637,0.7847332960049476,6048487.322934408,673,S3_twin_shock,indonesia,USDC
638,0.7734112233442232,5897275.139861047,673,S3_twin_shock,indonesia,USDC
639,0.7592026567661235,5749843.261364521,673,S3_twin_shock,indonesia,USDC
640,0.7638098549546712,5606097.179830408,673,S3_twin_shock,indonesia,USDC
641,0.7669260327861878,5465944.750334648,673,S3_twin_shock,indonesia,USDC
642,0.7903279071441284,5329296.131576282,673,S3_twin_shock,indonesia,USDC
643,0.7663000708332902,5196063.728286875,673,S3_twin_shock,indonesia,USDC
644,0.7703426725342789,5066162.135079702,673,S3_twin_shock,indonesia,USDC
645,0.7679058530735807,4939508.081702711,673,S3_twin_shock,indonesia,USDC
646,0.7645430150563814,4816020.379660143,673,S3_twin_shock,indonesia,USDC
647,0.760921175553777,4695619.870168639,673,S3_twin_shock,indonesia,USDC
648,0.7377560583907843,4578229.373414423,673,S3_twin_shock,indonesia,USDC
649,0.7353829572637554,4463773.639079062,673,S3_twin_shock,indonesia,USDC
650,0.7388578039484011,4352179.298102086,673,S3_twin_shock,indonesia,USDC
651,0.7653791006005837,4243374.815649534,673,S3_twin_shock,indonesia,USDC
652,0.7754101809754489,4137290.445258295,673,S3_twin_shock,indonesia,USDC
653,0.7699587416149949,4033858.184126838,673,S3_twin_shock,indonesia,USDC
654,0.7766177835688186,3933011.7295236676,673,S3_twin_shock,indonesia,USDC
655,0.7719149628077032,3834686.436285576,673,S3_twin_shock,indonesia,USDC
656,0.7542037006159804,3738819.2753784363,673,S3_twin_shock,indonesia,USDC
657,0.7692231636425013,3645348.7934939754,673,S3_twin_shock,indonesia,USDC
658,0.7597573946414374,3554215.073656626,673,S3_twin_shock,indonesia,USDC
659,0.7811065510317771,3465359.6968152104,673,S3_twin_shock,indonesia,USDC
660,0.7845404237843833,3378725.7043948304,673,S3_twin_shock,indonesia,USDC
661,0.7634829094767047,3294257.5617849594,673,S3_twin_shock,indonesia,USDC
662,0.7691010011121916,3211901.1227403358,673,S3_twin_shock,indonesia,USDC
663,0.7767753988420857,3131603.5946718273,673,S3_twin_shock,indonesia,USDC
664,0.7751737784343067,3053313.5048050317,673,S3_twin_shock,indonesia,USDC
665,0.6660888590357062,2976980.667184906,673,S3_twin_shock,indonesia,USDC
666,0.694682680455111,2902556.1505052834,673,S3_twin_shock,indonesia,USDC
667,0.6884427904614109,2829992.2467426513,673,S3_twin_shock,indonesia,USDC
668,0.6864799211848648,2759242.440574085,673,S3_twin_shock,indonesia,USDC
669,0.7354156533543065,2690261.379559733,673,S3_twin_shock,indonesia,USDC
670,0.7510975040937845,2623004.8450707397,673,S3_twin_shock,indonesia,USDC
671,0.7557527376397261,2557429.723943971,673,S3_twin_shock,indonesia,USDC
672,0.7349642210006359,2493493.980845372,673,S3_twin_shock,indonesia,USDC
673,0.7911934412466545,2431156.6313242377,673,S3_twin_shock,indonesia,USDC
674,0.7996973247861712,2370377.715541132,673,S3_twin_shock,indonesia,USDC
675,0.7944695470006148,2311118.272652603,673,S3_twin_shock,indonesia,USDC
676,0.7913451691162935,2253340.315836288,673,S3_twin_shock,indonesia,USDC
677,0.7932249587266417,2197006.807940381,673,S3_twin_shock,indonesia,USDC
678,0.8237170217517555,2142081.637741871,673,S3_twin_shock,indonesia,USDC
679,0.8107129915877617,2088529.5967983247,673,S3_twin_shock,indonesia,USDC
680,0.8060749949913485,2036316.3568783666,673,S3_twin_shock,indonesia,USDC
681,0.7942228368110135,1985408.4479564074,673,S3_twin_shock,indonesia,USDC
682,0.7809662675072269,1935773.2367574973,673,S3_twin_shock,indonesia,USDC
683,0.7938839951593014,1887378.9058385598,673,S3_twin_shock,indonesia,USDC
684,0.8002411672015439,1840194.4331925958,673,S3_twin_shock,indonesia,USDC
685,0.8403501157874814,1794189.572362781,673,S3_twin_shock,indonesia,USDC
686,0.8440199511063053,1749334.8330537118,673,S3_twin_shock,indonesia,USDC
687,0.8760087421754827,1705601.4622273687,673,S3_twin_shock,indonesia,USDC
688,0.862086967746091,1662961.4256716848,673,S3_twin_shock,indonesia,USDC
689,0.8405616849083203,1621387.3900298926,673,S3_twin_shock,indonesia,USDC
690,0.8377513666852289,1580852.7052791454,673,S3_twin_shock,indonesia,USDC
691,0.8349601065617336,1541331.3876471666,673,S3_twin_shock,indonesia,USDC
692,0.8248324903721358,1502798.1029559874,673,S3_twin_shock,indonesia,USDC
693,0.8126484526844447,1465228.1503820878,673,S3_twin_shock,indonesia,USDC
694,0.7799666754806032,1428597.4466225356,673,S3_twin_shock,indonesia,USDC
695,0.6661820733101016,1392882.5104569723,673,S3_twin_shock,indonesia,USDC
696,0.6686879434612509,1358060.4476955482,673,S3_twin_shock,indonesia,USDC
697,0.6820569821306698,1324108.9365031593,673,S3_twin_shock,indonesia,USDC
698,0.686732288369902,1291006.2130905804,673,S3_twin_shock,indonesia,USDC
699,0.7234842756614732,1258731.0577633157,673,S3_twin_shock,indonesia,USDC
700,0.7533122729307684,1227262.781319233,673,S3_twin_shock,indonesia,USDC
701,0.7499938754729096,1196581.211786252,673,S3_twin_shock,indonesia,USDC
702,0.7345908624206744,1166666.6814915957,673,S3_twin_shock,indonesia,USDC
703,0.7219975092029052,1137500.0144543059,673,S3_twin_shock,indonesia,USDC
704,0.7506730608829625,1109062.5140929483,673,S3_twin_shock,indonesia,USDC
705,0.728446627730035,1081335.9512406245,673,S3_twin_shock,indonesia,USDC
706,0.7255505280887835,1054302.5524596088,673,S3_twin_shock,indonesia,USDC
707,0.7343729253654699,1027944.9886481185,673,S3_twin_shock,indonesia,USDC
708,0.7640844570867418,1002246.3639319156,673,S3_twin_shock,indonesia,USDC
709,0.7711101999192688,977190.2048336177,673,S3_twin_shock,indonesia,USDC
710,0.7768013105315734,952760.4497127773,673,S3_twin_shock,indonesia,USDC
711,0.7894989200917816,928941.4384699579,673,S3_twin_shock,indonesia,USDC
712,0.7837217872518374,905717.9025082088,673,S3_twin_shock,indonesia,USDC
713,0.8181538944728922,883074.9549455036,673,S3_twin_shock,indonesia,USDC
714,0.832104207709592,860998.0810718661,673,S3_twin_shock,indonesia,USDC
715,0.8134199517932027,839473.1290450693,673,S3_twin_shock,indonesia,USDC
716,0.8055247533287692,818486.3008189425,673,S3_twin_shock,indonesia,USDC
717,0.7903589859221242,798024.143298469,673,S3_twin_shock,indonesia,USDC
718,0.7964958023946249,778073.5397160074,673,S3_twin_shock,indonesia,USDC
719,0.8317205573294227,758621.7012231072,673,S3_twin_shock,indonesia,USDC
720,0.8385716348895209,739656.1586925295,673,S3_twin_shock,indonesia,USDC
721,0.8458356474608643,721164.7547252163,673,S3_twin_shock,indonesia,USDC
722,0.835228138833843,703135.6358570859,673,S3_twin_shock,indonesia,USDC
723,0.8497736933940756,685557.2449606587,673,S3_twin_shock,indonesia,USDC
724,0.854869501793301,668418.3138366423,673,S3_twin_shock,indonesia,USDC
725,0.8274951893233118,651707.8559907262,673,S3_twin_shock,indonesia,USDC
726,0.8256072913466351,635415.159590958,673,S3_twin_shock,indonesia,USDC
727,0.7885222746240484,619529.7806011841,673,S3_twin_shock,indonesia,USDC
728,0.7696293121966605,604041.5360861545,673,S3_twin_shock,indonesia,USDC
729,0.7638716307418847,588940.4976840005,673,S3_twin_shock,indonesia,USDC
730,0.759060637815851,574216.9852419005,673,S3_twin_shock,indonesia,USDC
731,0.7607572409899245,559861.560610853,673,S3_twin_shock,indonesia,USDC
732,0.779292632432061,545865.0215955818,673,S3_twin_shock,indonesia,USDC
733,0.7873504424914025,532218.3960556922,673,S3_twin_shock,indonesia,USDC
734,0.7109587034904772,518912.9361542999,673,S3_twin_shock,indonesia,USDC
735,0.7210490608196161,505940.11275044235,673,S3_twin_shock,indonesia,USDC
736,0.7372621215959653,493291.6099316813,673,S3_twin_shock,indonesia,USDC
737,0.7357907097966297,480959.3196833893,673,S3_twin_shock,indonesia,USDC
738,0.7288657375943054,468935.3366913046,673,S3_twin_shock,indonesia,USDC
739,0.733729785403416,457211.953274022,673,S3_twin_shock,indonesia,USDC
740,0.7469971120839592,445781.6544421714,673,S3_twin_shock,indonesia,USDC
741,0.7446160480168823,434637.11308111716,673,S3_twin_shock,indonesia,USDC
742,0.7488909087569064,423771.1852540892,673,S3_twin_shock,indonesia,USDC
743,0.7466522568593951,413176.9056227369,673,S3_twin_shock,indonesia,USDC
744,0.7679111537779085,402847.48298216856,673,S3_twin_shock,indonesia,USDC
745,0.770376793916011,392776.2959076143,673,S3_twin_shock,indonesia,USDC
746,0.7719155551594196,382956.88850992394,673,S3_twin_shock,indonesia,USDC
747,0.7682005633843011,373382.96629717585,673,S3_twin_shock,indonesia,USDC
748,0.7963503330141163,364048.39213974646,673,S3_twin_shock,indonesia,USDC
749,0.7873522845855345,354947.1823362528,673,S3_twin_shock,indonesia,USDC
750,0.785411650761878,346073.5027778465,673,S3_twin_shock,indonesia,USDC
751,0.7775714957252203,337421.6652084003,673,S3_twin_shock,indonesia,USDC
752,0.7731295939346678,328986.1235781903,673,S3_twin_shock,indonesia,USDC
753,0.7490920651306894,320761.47048873553,673,S3_twin_shock,indonesia,USDC
754,0.778912879255568,312742.43372651713,673,S3_twin_shock,indonesia,USDC
755,0.790099870841927,304923.8728833542,673,S3_twin_shock,indonesia,USDC
756,0.7755327832985691,297300.7760612704,673,S3_twin_shock,indonesia,USDC
757,0.7223228331880244,289868.2566597386,673,S3_twin_shock,indonesia,USDC
758,0.7301347382896212,282621.55024324515,673,S3_twin_shock,indonesia,USDC
759,0.7334016855277758,275556.01148716407,673,S3_twin_shock,indonesia,USDC
760,0.7416181202197266,268667.1111999849,673,S3_twin_shock,indonesia,USDC
761,0.7394317380352189,261950.43341998532,673,S3_twin_shock,indonesia,USDC
762,0.7449633853196576,255401.67258448567,673,S3_twin_shock,indonesia,USDC
763,0.7657509497138841,249016.6307698735,673,S3_twin_shock,indonesia,USDC
764,0.7759327926542487,242791.2150006267,673,S3_twin_shock,indonesia,USDC
765,0.8011573665996211,236721.43462561103,673,S3_twin_shock,indonesia,USDC
766,0.7958761565111114,230803.39875997073,673,S3_twin_shock,indonesia,USDC
767,0.8117809652187817,225033.31379097147,673,S3_twin_shock,indonesia,USDC
768,0.7847851613600797,219407.48094619717,673,S3_twin_shock,indonesia,USDC
769,0.7739781332803438,213922.29392254227,673,S3_twin_shock,indonesia,USDC
770,0.7696322191190256,208574.23657447868,673,S3_twin_shock,indonesia,USDC
771,0.7566922107730258,203359.88066011673,673,S3_twin_shock,indonesia,USDC
772,0.7638191507851733,198275.88364361384,673,S3_twin_shock,indonesia,USDC
773,0.7481312714862939,193318.9865525235,673,S3_twin_shock,indonesia,USDC
774,0.7570153577635441,188486.0118887104,673,S3_twin_shock,indonesia,USDC
775,0.7578203319890963,183773.86159149263,673,S3_twin_shock,indonesia,USDC
776,0.786132390902413,179179.51505170533,673,S3_twin_shock,indonesia,USDC
777,0.7919552927787907,174700.0271754127,673,S3_twin_shock,indonesia,USDC
778,0.7969107247341098,170332.52649602736,673,S3_twin_shock,indonesia,USDC
779,0.8288097401185026,166074.21333362669,673,S3_twin_shock,indonesia,USDC
780,0.8371919578664514,161922.358000286,673,S3_twin_shock,indonesia,USDC
781,0.8269240936895385,157874.29905027887,673,S3_twin_shock,indonesia,USDC
782,0.8137078634082912,153927.44157402188,673,S3_twin_shock,indonesia,USDC
783,0.8120587412258315,150079.25553467133,673,S3_twin_shock,indonesia,USDC
784,0.8199406691979888,146327.27414630458,673,S3_twin_shock,indonesia,USDC
785,0.8209696116186098,142669.09229264694,673,S3_twin_shock,indonesia,USDC
786,0.7934066228196749,139102.3649853308,673,S3_twin_shock,indonesia,USDC
787,0.7837050678552189,135624.80586069752,673,S3_twin_shock,indonesia,USDC
788,0.7802421948631814,132234.18571418006,673,S3_twin_shock,indonesia,USDC
789,0.7599290357773558,128928.33107132558,673,S3_twin_shock,indonesia,USDC
790,0.7589857301132158,125705.12279454243,673,S3_twin_shock,indonesia,USDC
791,0.7730193064044482,122562.49472467888,673,S3_twin_shock,indonesia,USDC
792,0.7759588503532538,119498.43235656191,673,S3_twin_shock,indonesia,USDC
793,0.7798729650634503,116510.97154764785,673,S3_twin_shock,indonesia,USDC
794,0.7037283522723379,113598.19725895667,673,S3_twin_shock,indonesia,USDC
795,0.6975767524730064,110758.24232748276,673,S3_twin_shock,indonesia,USDC
796,0.7093989144495284,107989.2862692957,673,S3_twin_shock,indonesia,USDC
797,0.7115589689629973,105289.55411256329,673,S3_twin_shock,indonesia,USDC
798,0.7387481828246896,102657.31525974919,673,S3_twin_shock,indonesia,USDC
799,0.7414507619330524,100090.88237825545,673,S3_twin_shock,indonesia,USDC
800,0.7397396773277511,97588.61031879908,673,S3_twin_shock,indonesia,USDC
801,0.7304992763194662,95148.8950608291,673,S3_twin_shock,indonesia,USDC
802,0.7497550545868754,92770.17268430837,673,S3_twin_shock,indonesia,USDC
803,0.7594078643927294,90450.91836720068,673,S3_twin_shock,indonesia,USDC
804,0.7589903576792105,88189.64540802065,673,S3_twin_shock,indonesia,USDC
805,0.7753440796855432,85984.90427282013,673,S3_twin_shock,indonesia,USDC
806,0.7220855404731125,83835.28166599963,673,S3_twin_shock,indonesia,USDC
807,0.7345021538912215,81739.39962434964,673,S3_twin_shock,indonesia,USDC
808,0.7476153883748176,79695.9146337409,673,S3_twin_shock,indonesia,USDC
809,0.7569936410739214,77703.51676789738,673,S3_twin_shock,indonesia,USDC
810,0.7503577824263629,75760.92884869994,673,S3_twin_shock,indonesia,USDC
811,0.7479394162902373,73866.90562748245,673,S3_twin_shock,indonesia,USDC
812,0.741808561829389,72020.2329867954,673,S3_twin_shock,indonesia,USDC
813,0.7437656451470454,70219.7271621255,673,S3_twin_shock,indonesia,USDC
814,0.731413827444177,68464.23398307236,673,S3_twin_shock,indonesia,USDC
815,0.7338588436560345,66752.62813349556,673,S3_twin_shock,indonesia,USDC
816,0.7384072051809719,65083.81243015817,673,S3_twin_shock,indonesia,USDC
817,0.73871134068883,63456.71711940422,673,S3_twin_shock,indonesia,USDC
818,0.7278913944992393,61870.299191419115,673,S3_twin_shock,indonesia,USDC
819,0.7260099917756769,60323.54171163363,673,S3_twin_shock,indonesia,USDC
820,0.7556024722163004,58815.45316884278,673,S3_twin_shock,indonesia,USDC
821,0.7565511453950501,57345.066839621715,673,S3_twin_shock,indonesia,USDC
822,0.7580137048983983,55911.440168631176,673,S3_twin_shock,indonesia,USDC
823,0.7812491276854864,54513.65416441539,673,S3_twin_shock,indonesia,USDC
824,0.8006034345287945,53150.81281030501,673,S3_twin_shock,indonesia,USDC
825,0.7995882742331254,51822.04249004737,673,S3_twin_shock,indonesia,USDC
826,0.8205816204647298,50526.491427796194,673,S3_twin_shock,indonesia,USDC
827,0.8144890327471833,49263.329142101284,673,S3_twin_shock,indonesia,USDC
828,0.8177136265933319,48031.74591354876,673,S3_twin_shock,indonesia,USDC
829,0.8205545493588847,46830.95226571004,673,S3_twin_shock,indonesia,USDC
830,0.8097559546665031,45660.17845906729,673,S3_twin_shock,indonesia,USDC
831,0.6892411401415772,44518.6739975906,673,S3_twin_shock,indonesia,USDC
832,0.6984790215380975,43405.70714765084,673,S3_twin_shock,indonesia,USDC
833,0.7324540197528213,42320.564468959565,673,S3_twin_shock,indonesia,USDC
834,0.7356910871985329,41262.55035723558,673,S3_twin_shock,indonesia,USDC
835,0.7628764376327191,40230.98659830469,673,S3_twin_shock,indonesia,USDC
836,0.7458428692976544,39225.21193334707,673,S3_twin_shock,indonesia,USDC
837,0.7818663655439562,38244.58163501339,673,S3_twin_shock,indonesia,USDC
838,0.7808115247734564,37288.467094138054,673,S3_twin_shock,indonesia,USDC
839,0.7718207527217607,36356.25541678461,673,S3_twin_shock,indonesia,USDC
840,0.7472961169222165,35447.34903136499,673,S3_twin_shock,indonesia,USDC
841,0.7327110144017156,34561.16530558087,673,S3_twin_shock,indonesia,USDC
842,0.7330932945590614,33697.13617294135,673,S3_twin_shock,indonesia,USDC
843,0.7434673475116308,32854.70776861781,673,S3_twin_shock,indonesia,USDC
844,0.7549048460212491,32033.340074402364,673,S3_twin_shock,indonesia,USDC
845,0.7740996604687566,31232.506572542305,673,S3_twin_shock,indonesia,USDC
846,0.7703014181834519,30451.693908228746,673,S3_twin_shock,indonesia,USDC
847,0.7714038865273635,29690.401560523027,673,S3_twin_shock,indonesia,USDC
848,0.7543820823795875,28948.141521509955,673,S3_twin_shock,indonesia,USDC
849,0.7790519810086584,28224.437983472206,673,S3_twin_shock,indonesia,USDC
850,0.7880025315050824,27518.827033885398,673,S3_twin_shock,indonesia,USDC
851,0.7853745688772434,26830.85635803826,673,S3_twin_shock,indonesia,USDC
852,0.7398769299237179,26160.084949087304,673,S3_twin_shock,indonesia,USDC
853,0.7269030716342553,25506.08282536012,673,S3_twin_shock,indonesia,USDC
854,0.7471523160385786,24868.430754726116,673,S3_twin_shock,indonesia,USDC
855,0.7140051541257221,24246.719985857966,673,S3_twin_shock,indonesia,USDC
856,0.7461395008187883,23640.551986211518,673,S3_twin_shock,indonesia,USDC
857,0.7513567401796741,23049.538186556227,673,S3_twin_shock,indonesia,USDC
858,0.7353955150473749,22473.299731892323,673,S3_twin_shock,indonesia,USDC
859,0.760204127968423,21911.467238595014,673,S3_twin_shock,indonesia,USDC
860,0.7688236584792204,21363.68055763014,673,S3_twin_shock,indonesia,USDC
861,0.7680108877285582,20829.588543689384,673,S3_twin_shock,indonesia,USDC
862,0.7722683643438735,20308.84883009715,673,S3_twin_shock,indonesia,USDC
863,0.7819275093409778,19801.127609344723,673,S3_twin_shock,indonesia,USDC
864,0.7927480584229621,19306.099419111106,673,S3_twin_shock,indonesia,USDC
865,0.8039164207365126,18823.446933633328,673,S3_twin_shock,indonesia,USDC
866,0.8217626470135804,18352.860760292493,673,S3_twin_shock,indonesia,USDC
867,0.8168040066977073,17894.03924128518,673,S3_twin_shock,indonesia,USDC
868,0.8028335529711838,17446.688260253053,673,S3_twin_shock,indonesia,USDC
869,0.7945327548654976,17010.52105374673,673,S3_twin_shock,indonesia,USDC
870,0.8076679526061818,16585.25802740306,673,S3_twin_shock,indonesia,USDC
871,0.8237890906155441,16170.626576717983,673,S3_twin_shock,indonesia,USDC
872,0.8177450238080045,15766.360912300031,673,S3_twin_shock,indonesia,USDC
873,0.8027458661559983,15372.201889492533,673,S3_twin_shock,indonesia,USDC
874,0.7944572953283014,14987.89684225522,673,S3_twin_shock,indonesia,USDC
875,0.7760708683123647,14613.199421198839,673,S3_twin_shock,indonesia,USDC
876,0.7765470640459414,14247.869435668868,673,S3_twin_shock,indonesia,USDC
877,0.7657396073602459,13891.672699777146,673,S3_twin_shock,indonesia,USDC
878,0.7855584854426482,13544.380882282716,673,S3_twin_shock,indonesia,USDC
879,0.8013560525813682,13205.77136022565,673,S3_twin_shock,indonesia,USDC
880,0.7791210540863657,12875.627076220007,673,S3_twin_shock,indonesia,USDC
881,0.7956864691885733,12553.736399314508,673,S3_twin_shock,indonesia,USDC
882,0.8088211550249398,12239.892989331645,673,S3_twin_shock,indonesia,USDC
883,0.7943178820027618,11933.895664598354,673,S3_twin_shock,indonesia,USDC
884,0.7852887277330604,11635.548272983397,673,S3_twin_shock,indonesia,USDC
885,0.793389047780913,11344.65956615881,673,S3_twin_shock,indonesia,USDC
886,0.7860622950058712,11061.04307700484,673,S3_twin_shock,indonesia,USDC
887,0.784570032987962,10784.517000079719,673,S3_twin_shock,indonesia,USDC
888,0.7374443849798195,10514.904075077726,673,S3_twin_shock,indonesia,USDC
889,0.7513409777796989,10252.031473200783,673,S3_twin_shock,indonesia,USDC
890,0.761808434208623,9995.730686370764,673,S3_twin_shock,indonesia,USDC
891,0.764399207738212,9745.837419211493,673,S3_twin_shock,indonesia,USDC
892,0.7599097530954325,9502.191483731207,673,S3_twin_shock,indonesia,USDC
893,0.7617932579823712,9264.636696637926,673,S3_twin_shock,indonesia,USDC
894,0.7858658833462268,9033.020779221977,673,S3_twin_shock,indonesia,USDC
895,0.7692963994926887,8807.19525974143,673,S3_twin_shock,indonesia,USDC
896,0.7910097463267176,8587.015378247892,673,S3_twin_shock,indonesia,USDC
897,0.7763936288817849,8372.339993791695,673,S3_twin_shock,indonesia,USDC
898,0.8067096081266588,8163.031493946903,673,S3_twin_shock,indonesia,USDC
899,0.7896633829330071,7958.95570659823,673,S3_twin_shock,indonesia,USDC
900,0.7900201985312895,7759.981813933275,673,S3_twin_shock,indonesia,USDC
901,0.7984306457002901,7565.982268584943,673,S3_twin_shock,indonesia,USDC
902,0.792996757871541,7376.832711870318,673,S3_twin_shock,indonesia,USDC
903,0.773499627166223,7192.411894073561,673,S3_twin_shock,indonesia,USDC
904,0.7817310651517223,7012.601596721723,673,S3_twin_shock,indonesia,USDC
905,0.7916695591453481,6837.286556803679,673,S3_twin_shock,indonesia,USDC
906,0.8030613406950605,6666.354392883588,673,S3_twin_shock,indonesia,USDC
907,0.8087853748518535,6499.6955330614965,673,S3_twin_shock,indonesia,USDC
908,0.7959260848831693,6337.20314473496,673,S3_twin_shock,indonesia,USDC
909,0.7723560245478491,6178.773066116586,673,S3_twin_shock,indonesia,USDC
910,0.7586591733370422,6024.303739463671,673,S3_twin_shock,indonesia,USDC
911,0.7542825226208161,5873.69614597708,673,S3_twin_shock,indonesia,USDC
912,0.759653797647382,5726.853742327652,673,S3_twin_shock,indonesia,USDC
913,0.7659798193434051,5583.6823987694615,673,S3_twin_shock,indonesia,USDC
914,0.7816942110924091,5444.090338800225,673,S3_twin_shock,indonesia,USDC
915,0.7829931226809498,5307.988080330219,673,S3_twin_shock,indonesia,USDC
916,0.7858031861099309,5175.288378321964,673,S3_twin_shock,indonesia,USDC
917,0.7935558301458963,5045.906168863915,673,S3_twin_shock,indonesia,USDC
918,0.777620756075467,4919.758514642317,673,S3_twin_shock,indonesia,USDC
919,0.7926938409211383,4796.764551776259,673,S3_twin_shock,indonesia,USDC
920,0.7962934864555321,4676.845437981852,673,S3_twin_shock,indonesia,USDC
921,0.8317589762950349,4559.9243020323065,673,S3_twin_shock,indonesia,USDC
922,0.8420333668499752,4445.926194481499,673,S3_twin_shock,indonesia,USDC
923,0.8125653526696778,4334.778039619461,673,S3_twin_shock,indonesia,USDC
924,0.8246565005310539,4226.408588628975,673,S3_twin_shock,indonesia,USDC
925,0.8112901853766078,4120.74837391325,673,S3_twin_shock,indonesia,USDC
926,0.8233237016326013,4017.7296645654187,673,S3_twin_shock,indonesia,USDC
927,0.8301447461513438,3917.2864229512834,673,S3_twin_shock,indonesia,USDC
928,0.8213606829377834,3819.354262377501,673,S3_twin_shock,indonesia,USDC
929,0.807356651984825,3723.870405818064,673,S3_twin_shock,indonesia,USDC
930,0.8140559357064344,3630.7736456726125,673,S3_twin_shock,indonesia,USDC
931,0.8249034465653388,3540.004304530797,673,S3_twin_shock,indonesia,USDC
932,0.8276340660756165,3451.504196917527,673,S3_twin_shock,indonesia,USDC
933,0.8611069538640717,3365.216591994589,673,S3_twin_shock,indonesia,USDC
934,0.8495442912860003,3281.0861771947248,673,S3_twin_shock,indonesia,USDC
935,0.8623286084587186,3199.0590227648563,673,S3_twin_shock,indonesia,USDC
936,0.8413388651634262,3119.082547195735,673,S3_twin_shock,indonesia,USDC
937,0.8339510487669933,3041.105483515841,673,S3_twin_shock,indonesia,USDC
938,0.8175299519577736,2965.0778464279456,673,S3_twin_shock,indonesia,USDC
939,0.8471272922330647,2890.9509002672467,673,S3_twin_shock,indonesia,USDC
940,0.8214935262990626,2818.6771277605653,673,S3_twin_shock,indonesia,USDC
941,0.8228573699884736,2748.210199566551,673,S3_twin_shock,indonesia,USDC
942,0.8397406544963383,2679.5049445773875,673,S3_twin_shock,indonesia,USDC
943,0.8234228644418101,2612.517320962953,673,S3_twin_shock,indonesia,USDC
944,0.7983563501949533,2547.204387938879,673,S3_twin_shock,indonesia,USDC
945,0.7781620253611249,2483.524278240407,673,S3_twin_shock,indonesia,USDC
946,0.8036778626483334,2421.4361712843966,673,S3_twin_shock,indonesia,USDC
947,0.8061910869133623,2360.9002670022865,673,S3_twin_shock,indonesia,USDC
948,0.8047580082352762,2301.8777603272297,673,S3_twin_shock,indonesia,USDC
949,0.7969594006908486,2244.3308163190486,673,S3_twin_shock,indonesia,USDC
950,0.7783218747121664,2188.2225459110728,673,S3_twin_shock,indonesia,USDC
951,0.7614738320713097,2133.516982263296,673,S3_twin_shock,indonesia,USDC
952,0.7714778789462695,2080.1790577067136,673,S3_twin_shock,indonesia,USDC
953,0.7817244706253186,2028.1745812640456,673,S3_twin_shock,indonesia,USDC
954,0.7740387221046622,1977.4702167324444,673,S3_twin_shock,indonesia,USDC
955,0.7388216481485977,1928.033461314133,673,S3_twin_shock,indonesia,USDC
956,0.7662242246234848,1879.8326247812797,673,S3_twin_shock,indonesia,USDC
957,0.7717528433134297,1832.836809161748,673,S3_twin_shock,indonesia,USDC
958,0.7639785819764205,1787.0158889327045,673,S3_twin_shock,indonesia,USDC
959,0.7710284529892875,1742.3404917093867,673,S3_twin_shock,indonesia,USDC
960,0.7702905820230506,1698.7819794166521,673,S3_twin_shock,indonesia,USDC
961,0.7657122991385353,1656.3124299312358,673,S3_twin_shock,indonesia,USDC
962,0.7878671441682131,1614.904619182955,673,S3_twin_shock,indonesia,USDC
963,0.7964637979306072,1574.5320037033812,673,S3_twin_shock,indonesia,USDC
964,0.7955964751732532,1535.1687036107965,673,S3_twin_shock,indonesia,USDC
965,0.8042985905123553,1496.7894860205267,673,S3_twin_shock,indonesia,USDC
966,0.8030741776232952,1459.3697488700134,673,S3_twin_shock,indonesia,USDC
967,0.7870773175480431,1422.885505148263,673,S3_twin_shock,indonesia,USDC
968,0.782818413412172,1387.3133675195563,673,S3_twin_shock,indonesia,USDC
969,0.7747157431782938,1352.6305333315677,673,S3_twin_shock,indonesia,USDC
970,0.762395044347231,1318.8147699982785,673,S3_twin_shock,indonesia,USDC
971,0.7384704748597751,1285.8444007483215,673,S3_twin_shock,indonesia,USDC
972,0.7769583503632479,1253.6982907296135,673,S3_twin_shock,indonesia,USDC
973,0.7842414489766419,1222.355833461373,673,S3_twin_shock,indonesia,USDC
974,0.776026632194282,1191.7969376248386,673,S3_twin_shock,indonesia,USDC
975,0.7652530635258712,1162.0020141842178,673,S3_twin_shock,indonesia,USDC
976,0.7593596010519709,1132.9519638296124,673,S3_twin_shock,indonesia,USDC
977,0.7572102088412886,1104.628164733872,673,S3_twin_shock,indonesia,USDC
978,0.7873804916369251,1077.0124606155252,673,S3_twin_shock,indonesia,USDC
979,0.773982537946109,1050.0871491001371,673,S3_twin_shock,indonesia,USDC
980,0.7730041406201772,1023.8349703726336,673,S3_twin_shock,indonesia,USDC
981,0.768038513250223,998.2390961133178,673,S3_twin_shock,indonesia,USDC
982,0.7617528228853159,973.2831187104848,673,S3_twin_shock,indonesia,USDC
983,0.7356895230895759,948.9510407427227,673,S3_twin_shock,indonesia,USDC
984,0.7628832023619356,925.2272647241546,673,S3_twin_shock,indonesia,USDC
985,0.7766386864531392,902.0965831060507,673,S3_twin_shock,indonesia,USDC
986,0.7763044980280398,879.5441685283995,673,S3_twin_shock,indonesia,USDC
987,0.7805500566426934,857.5555643151895,673,S3_twin_shock,indonesia,USDC
988,0.7936589328043615,836.1166752073098,673,S3_twin_shock,indonesia,USDC
989,0.8009519540421162,815.2137583271272,673,S3_twin_shock,indonesia,USDC
990,0.7724779507715299,794.8334143689489,673,S3_twin_shock,indonesia,USDC
991,0.7665072281384405,774.9625790097252,673,S3_twin_shock,indonesia,USDC
992,0.7760160405232259,755.5885145344821,673,S3_twin_shock,indonesia,USDC
993,0.8069339809110786,736.69880167112,673,S3_twin_shock,indonesia,USDC
994,0.7862289676788856,718.281331629342,673,S3_twin_shock,indonesia,USDC
995,0.7928062145408141,700.3242983386085,673,S3_twin_shock,indonesia,USDC
996,0.762597666870308,682.8161908801434,673,S3_twin_shock,indonesia,USDC
997,0.7624934572016179,665.7457861081398,673,S3_twin_shock,indonesia,USDC
998,0.7485896961297925,649.1021414554361,673,S3_twin_shock,indonesia,USDC
999,0.7470144981868139,632.8745879190503,673,S3_twin_shock,indonesia,USDC
1000,0.7479948378712007,617.0527232210741,673,S3_twin_shock,indonesia,USDC
