Step,price,liquidity,iteration,scenario,region,coin
1,1.0099575612584035,2990189316250.714,654,S0_baseline,indonesia,USDC
2,1.0532762812261793,2990189316250.714,654,S0_baseline,indonesia,USDC
3,1.0798288511121958,2990189316250.714,654,S0_baseline,indonesia,USDC
4,1.0866783555143689,2990189316250.714,654,S0_baseline,indonesia,USDC
5,1.1085485602288676,2990189316250.714,654,S0_baseline,indonesia,USDC
6,1.1118318381593832,2990189316250.714,654,S0_baseline,indonesia,USDC
7,1.1427707876632196,2990189316250.714,654,S0_baseline,indonesia,USDC
8,1.1005426358266992,2990189316250.714,654,S0_baseline,indonesia,USDC
9,1.118471603312412,2990189316250.714,654,S0_baseline,indonesia,USDC
10,1.154765001360091,2990189316250.714,654,S0_baseline,indonesia,USDC
11,1.1420583365789212,2990189316250.714,654,S0_baseline,indonesia,USDC
12,1.0888179683270276,2990189316250.714,654,S0_baseline,indonesia,USDC
13,1.0800414640907499,2990189316250.714,654,S0_baseline,indonesia,USDC
14,1.1077021274649135,2990189316250.714,654,S0_baseline,indonesia,USDC
15,1.1259296017140175,2990189316250.714,654,S0_baseline,indonesia,USDC
16,1.11984362125624,2990189316250.714,654,S0_baseline,indonesia,USDC
17,1.0908449671788474,2990189316250.714,654,S0_baseline,indonesia,USDC
18,1.08333710535996,2990189316250.714,654,S0_baseline,indonesia,USDC
19,1.0600713552146728,2990189316250.714,654,S0_baseline,indonesia,USDC
20,1.0582246344196953,2990189316250.714,654,S0_baseline,indonesia,USDC
21,1.0297793770830512,2990189316250.714,654,S0_baseline,indonesia,USDC
22,1.025498619446931,2990189316250.714,654,S0_baseline,indonesia,USDC
23,1.0230037021335832,2990189316250.714,654,S0_baseline,indonesia,USDC
24,1.0372514879011567,2990189316250.714,654,S0_baseline,indonesia,USDC
25,1.036036907453387,2990189316250.714,654,S0_baseline,indonesia,USDC
26,1.0128918256723718,2990189316250.714,654,S0_baseline,indonesia,USDC
27,0.9953361483457893,2990189316250.714,654,S0_baseline,indonesia,USDC
28,1.0045944905143172,2990189316250.714,654,S0_baseline,indonesia,USDC
29,1.0255617518443816,2990189316250.714,654,S0_baseline,indonesia,USDC
30,1.0461854049757489,2990189316250.714,654,S0_baseline,indonesia,USDC
31,1.0479155640487494,2990189316250.714,654,S0_baseline,indonesia,USDC
32,1.0476821470309916,2990189316250.714,654,S0_baseline,indonesia,USDC
33,1.0320918018828915,2990189316250.714,654,S0_baseline,indonesia,USDC
34,1.0160827634248317,2990189316250.714,654,S0_baseline,indonesia,USDC
35,1.0330654490517648,2990189316250.714,654,S0_baseline,indonesia,USDC
36,1.0050333416096233,2990189316250.714,654,S0_baseline,indonesia,USDC
37,1.0339845924188662,2990189316250.714,654,S0_baseline,indonesia,USDC
38,1.0261614778898027,2990189316250.714,654,S0_baseline,indonesia,USDC
39,1.0369003464332545,2990189316250.714,654,S0_baseline,indonesia,USDC
40,1.0133339590539117,2990189316250.714,654,S0_baseline,indonesia,USDC
41,0.9875421384749824,2990189316250.714,654,S0_baseline,indonesia,USDC
42,0.9982209600473119,2990189316250.714,654,S0_baseline,indonesia,USDC
43,1.0019827148376534,2990189316250.714,654,S0_baseline,indonesia,USDC
44,1.0241384411030714,2990189316250.714,654,S0_baseline,indonesia,USDC
45,1.0235503111089987,2990189316250.714,654,S0_baseline,indonesia,USDC
46,0.9976576897575066,2990189316250.714,654,S0_baseline,indonesia,USDC
47,0.9881007415742178,2990189316250.714,654,S0_baseline,indonesia,USDC
48,0.9741850958499527,2990189316250.714,654,S0_baseline,indonesia,USDC
49,0.9847895332898156,2990189316250.714,654,S0_baseline,indonesia,USDC
50,1.0188045696216026,2990189316250.714,654,S0_baseline,indonesia,USDC
51,0.9886848933759844,2990189316250.714,654,S0_baseline,indonesia,USDC
52,1.0082257600610915,2990189316250.714,654,S0_baseline,indonesia,USDC
53,0.9967117226799529,2990189316250.714,654,S0_baseline,indonesia,USDC
54,0.9885417707430677,2990189316250.714,654,S0_baseline,indonesia,USDC
55,0.9799525836814377,2990189316250.714,654,S0_baseline,indonesia,USDC
56,0.9645483763995651,2990189316250.714,654,S0_baseline,indonesia,USDC
57,0.9908117933716327,2989852102419.759,654,S0_baseline,indonesia,USDC
58,0.9913772607907926,2989852102419.759,654,S0_baseline,indonesia,USDC
59,1.0174795929353924,2989852102419.759,654,S0_baseline,indonesia,USDC
60,1.025587307893319,2989852102419.759,654,S0_baseline,indonesia,USDC
61,1.0062973980083454,2989852102419.759,654,S0_baseline,indonesia,USDC
62,0.983466755521335,2989852102419.759,654,S0_baseline,indonesia,USDC
63,1.016992194486563,2989852102419.759,654,S0_baseline,indonesia,USDC
64,1.014971335807038,2989852102419.759,654,S0_baseline,indonesia,USDC
65,0.9751765619203819,2989852102419.759,654,S0_baseline,indonesia,USDC
66,0.9779947003248246,2989852102419.759,654,S0_baseline,indonesia,USDC
67,0.9809710207143297,2989852102419.759,654,S0_baseline,indonesia,USDC
68,0.9652841482432002,2989852102419.759,654,S0_baseline,indonesia,USDC
69,0.9743880383373088,2989616748424.4526,654,S0_baseline,indonesia,USDC
70,0.9623283871720857,2989616748424.4526,654,S0_baseline,indonesia,USDC
71,0.9913607368441351,2989206930693.524,654,S0_baseline,indonesia,USDC
72,0.984181194045288,2989206930693.524,654,S0_baseline,indonesia,USDC
73,0.971710370777951,2989206930693.524,654,S0_baseline,indonesia,USDC
74,0.970525119740888,2989206930693.524,654,S0_baseline,indonesia,USDC
75,0.9586491666937328,2989206930693.524,654,S0_baseline,indonesia,USDC
76,0.9547407410392814,2988516313060.87,654,S0_baseline,indonesia,USDC
77,0.9692880477462501,2987672491951.4688,654,S0_baseline,indonesia,USDC
78,0.8374775373682185,2987630300944.775,654,S0_baseline,indonesia,USDC
79,0.8500526016414617,2979782650689.4644,654,S0_baseline,indonesia,USDC
80,0.8463165487490683,2974000036895.753,654,S0_baseline,indonesia,USDC
81,0.8399257061940001,2968527288658.132,654,S0_baseline,indonesia,USDC
82,0.8611987018170144,2963702609798.4463,654,S0_baseline,indonesia,USDC
83,0.9030641628199182,2960103740041.109,654,S0_baseline,indonesia,USDC
84,0.9134021586242462,2958089701880.072,654,S0_baseline,indonesia,USDC
85,0.955666885877793,2956503255352.862,654,S0_baseline,indonesia,USDC
86,0.9364615706449587,2956154465285.2705,654,S0_baseline,indonesia,USDC
87,0.9292366737291787,2955284704034.5713,654,S0_baseline,indonesia,USDC
88,0.9200554788108808,2954230094261.2456,654,S0_baseline,indonesia,USDC
89,0.9181066144187143,2953091322382.4863,654,S0_baseline,indonesia,USDC
90,0.8773498513130412,2951962779605.327,654,S0_baseline,indonesia,USDC
91,0.8834315953359188,2949974388677.554,654,S0_baseline,indonesia,USDC
92,0.8680099396605825,2948287816758.278,654,S0_baseline,indonesia,USDC
93,0.8810619467634829,2946466644315.7666,654,S0_baseline,indonesia,USDC
94,0.8939069173382094,2945073990517.4155,654,S0_baseline,indonesia,USDC
95,0.8776087849918414,2943987740310.713,654,S0_baseline,indonesia,USDC
96,0.8826683891567493,2942673458698.238,654,S0_baseline,indonesia,USDC
97,0.8403229186066551,2941599803046.5293,654,S0_baseline,indonesia,USDC
98,0.8388992969866058,2940137095538.771,654,S0_baseline,indonesia,USDC
99,0.855260205462858,2938875207759.132,654,S0_baseline,indonesia,USDC
100,0.8555821376336668,2937912570955.5933,654,S0_baseline,indonesia,USDC
101,0.8675684477372761,2937001562405.2393,654,S0_baseline,indonesia,USDC
102,0.8534460392891482,2936282192355.751,654,S0_baseline,indonesia,USDC
103,0.8925403276509652,2935550080147.336,654,S0_baseline,indonesia,USDC
104,0.8966844613503956,2935131969532.745,654,S0_baseline,indonesia,USDC
105,0.8914034643986123,2934767166552.4277,654,S0_baseline,indonesia,USDC
106,0.9128149238290805,2934413235088.836,654,S0_baseline,indonesia,USDC
107,0.9460200499262504,2934176951052.29,654,S0_baseline,indonesia,USDC
108,0.9092368866008044,2934089465828.497,654,S0_baseline,indonesia,USDC
109,0.9258744795595997,2933851140757.8193,654,S0_baseline,indonesia,USDC
110,0.9738626113543992,2933684563528.8115,654,S0_baseline,indonesia,USDC
111,0.9494675435929326,2933684563528.8115,654,S0_baseline,indonesia,USDC
112,0.9882555861240556,2933613630066.4375,654,S0_baseline,indonesia,USDC
113,0.9722873255982046,2933613630066.4375,654,S0_baseline,indonesia,USDC
114,0.9823785734436826,2933613630066.4375,654,S0_baseline,indonesia,USDC
115,0.9443963562938497,2933613630066.4375,654,S0_baseline,indonesia,USDC
116,0.9781376653135965,2933529769226.8164,654,S0_baseline,indonesia,USDC
117,0.9533233550626873,2933529769226.8164,654,S0_baseline,indonesia,USDC
118,0.9523039977285063,2933477728633.9136,654,S0_baseline,indonesia,USDC
119,0.9727674876926017,2933420443300.397,654,S0_baseline,indonesia,USDC
120,0.9515432495034785,2933420443300.397,654,S0_baseline,indonesia,USDC
121,0.9508339047638095,2933358962778.9756,654,S0_baseline,indonesia,USDC
122,0.9638704462294351,2933304367119.108,654,S0_baseline,indonesia,USDC
123,1.0244916679420062,2933284682715.1943,654,S0_baseline,indonesia,USDC
124,0.991573242915067,2933284682715.1943,654,S0_baseline,indonesia,USDC
125,0.9742319834362813,2933284682715.1943,654,S0_baseline,indonesia,USDC
126,0.996429374637039,2933284682715.1943,654,S0_baseline,indonesia,USDC
127,0.9798903901941224,2933284682715.1943,654,S0_baseline,indonesia,USDC
128,0.9835803300023591,2933284682715.1943,654,S0_baseline,indonesia,USDC
129,0.946991151388152,2933284682715.1943,654,S0_baseline,indonesia,USDC
130,0.9531452276524119,2933211259191.092,654,S0_baseline,indonesia,USDC
131,0.899751929516577,2933161147820.624,654,S0_baseline,indonesia,USDC
132,0.9218880596287845,2932956137770.513,654,S0_baseline,indonesia,USDC
133,0.9657859786526949,2932826295132.5967,654,S0_baseline,indonesia,USDC
134,0.9679547432606765,2932819489768.975,654,S0_baseline,indonesia,USDC
135,0.9419888578275186,2932816854052.0396,654,S0_baseline,indonesia,USDC
136,0.9418992693479378,2932743568855.784,654,S0_baseline,indonesia,USDC
137,0.9573748140045911,2932674666588.591,654,S0_baseline,indonesia,USDC
138,0.9662212283702676,2932647778872.86,654,S0_baseline,indonesia,USDC
139,0.9698477563449562,2932642482196.122,654,S0_baseline,indonesia,USDC
140,0.9943042010039675,2932642097166.277,654,S0_baseline,indonesia,USDC
141,1.0003704618441247,2932642097166.277,654,S0_baseline,indonesia,USDC
142,1.0271726763759632,2932642097166.277,654,S0_baseline,indonesia,USDC
143,1.0208088248618483,2932642097166.277,654,S0_baseline,indonesia,USDC
144,1.0154821053101688,2932642097166.277,654,S0_baseline,indonesia,USDC
145,1.0249760928037068,2932642097166.277,654,S0_baseline,indonesia,USDC
146,1.0387424498968851,2932642097166.277,654,S0_baseline,indonesia,USDC
147,1.0320090431527642,2932642097166.277,654,S0_baseline,indonesia,USDC
148,1.0130128337883184,2932642097166.277,654,S0_baseline,indonesia,USDC
149,0.9652075343335289,2932642097166.277,654,S0_baseline,indonesia,USDC
150,0.9963243195937039,2932634377626.5493,654,S0_baseline,indonesia,USDC
151,0.969364393583773,2932634377626.5493,654,S0_baseline,indonesia,USDC
152,1.0002051658853404,2932632775465.0044,654,S0_baseline,indonesia,USDC
153,1.0382990083077344,2932632775465.0044,654,S0_baseline,indonesia,USDC
154,1.0306972923153004,2932632775465.0044,654,S0_baseline,indonesia,USDC
155,0.9892702109926405,2932632775465.0044,654,S0_baseline,indonesia,USDC
156,0.9944062410179721,2932632775465.0044,654,S0_baseline,indonesia,USDC
157,0.9945881014654444,2932632775465.0044,654,S0_baseline,indonesia,USDC
158,0.9982815411247495,2932632775465.0044,654,S0_baseline,indonesia,USDC
159,0.9634545165554094,2932632775465.0044,654,S0_baseline,indonesia,USDC
160,0.9997206780270884,2932619367293.948,654,S0_baseline,indonesia,USDC
161,1.000292612509531,2932619367293.948,654,S0_baseline,indonesia,USDC
162,0.9910326887724896,2932619367293.948,654,S0_baseline,indonesia,USDC
163,0.9830625134740156,2932619367293.948,654,S0_baseline,indonesia,USDC
164,0.9435250850019452,2932619367293.948,654,S0_baseline,indonesia,USDC
165,0.9493592751644008,2932553042144.659,654,S0_baseline,indonesia,USDC
166,0.9305683712280244,2932504802652.904,654,S0_baseline,indonesia,USDC
167,0.9530995295567033,2932418962446.076,654,S0_baseline,indonesia,USDC
168,0.9667519814086889,2932380114951.619,654,S0_baseline,indonesia,USDC
169,0.9555094185290354,2932376533746.3477,654,S0_baseline,indonesia,USDC
170,0.9590447411374765,2932347199078.1245,654,S0_baseline,indonesia,USDC
171,0.9615120822003969,2932325878194.0527,654,S0_baseline,indonesia,USDC
172,1.0098721862423872,2932311421110.4175,654,S0_baseline,indonesia,USDC
173,1.0185841626353356,2932311421110.4175,654,S0_baseline,indonesia,USDC
174,1.0172847485531802,2932311421110.4175,654,S0_baseline,indonesia,USDC
175,1.0152051527539208,2932311421110.4175,654,S0_baseline,indonesia,USDC
176,0.9837535625241978,2932311421110.4175,654,S0_baseline,indonesia,USDC
177,0.9872515399831933,2932311421110.4175,654,S0_baseline,indonesia,USDC
178,0.9736515384765031,2932311421110.4175,654,S0_baseline,indonesia,USDC
179,0.9809100759451017,2932311421110.4175,654,S0_baseline,indonesia,USDC
180,0.9450527882439745,2932311421110.4175,654,S0_baseline,indonesia,USDC
181,0.9920705959345363,2932262853675.3154,654,S0_baseline,indonesia,USDC
182,1.0004106144115577,2932262853675.3154,654,S0_baseline,indonesia,USDC
183,0.9653063996224416,2932262853675.3154,654,S0_baseline,indonesia,USDC
184,0.996696826844622,2932255290230.286,654,S0_baseline,indonesia,USDC
185,1.0054782052900417,2932255290230.286,654,S0_baseline,indonesia,USDC
186,1.0118977700122396,2932255290230.286,654,S0_baseline,indonesia,USDC
187,1.0085416655919173,2932255290230.286,654,S0_baseline,indonesia,USDC
188,1.0185874705753897,2932255290230.286,654,S0_baseline,indonesia,USDC
189,0.9810839950903101,2932255290230.286,654,S0_baseline,indonesia,USDC
190,0.996326485672477,2932255290230.286,654,S0_baseline,indonesia,USDC
191,0.9770341549214359,2932255290230.286,654,S0_baseline,indonesia,USDC
192,0.9419187702850966,2932255290230.286,654,S0_baseline,indonesia,USDC
193,0.9528098153015255,2932197522699.084,654,S0_baseline,indonesia,USDC
194,0.9681396264577663,2932163575006.5303,654,S0_baseline,indonesia,USDC
195,0.9897758540378646,2932163030854.2793,654,S0_baseline,indonesia,USDC
196,1.0028942822667233,2932163030854.2793,654,S0_baseline,indonesia,USDC
197,1.010010463170734,2932163030854.2793,654,S0_baseline,indonesia,USDC
198,0.9726615617599064,2932163030854.2793,654,S0_baseline,indonesia,USDC
199,0.9907547070440526,2932163030854.2793,654,S0_baseline,indonesia,USDC
200,1.0021306435808646,2932163030854.2793,654,S0_baseline,indonesia,USDC
201,1.0249715567561328,2932163030854.2793,654,S0_baseline,indonesia,USDC
202,1.0343157276035564,2932163030854.2793,654,S0_baseline,indonesia,USDC
203,1.0088985470142533,2932163030854.2793,654,S0_baseline,indonesia,USDC
204,1.0132746030370636,2932163030854.2793,654,S0_baseline,indonesia,USDC
205,1.0018802797594955,2932163030854.2793,654,S0_baseline,indonesia,USDC
206,0.9942459597113772,2932163030854.2793,654,S0_baseline,indonesia,USDC
207,0.9752378515574884,2932163030854.2793,654,S0_baseline,indonesia,USDC
208,0.996610727380179,2932163030854.2793,654,S0_baseline,indonesia,USDC
209,0.9758875118922252,2932163030854.2793,654,S0_baseline,indonesia,USDC
210,0.9582100340491576,2932163030854.2793,654,S0_baseline,indonesia,USDC
211,0.9407522644924756,2932141887514.0996,654,S0_baseline,indonesia,USDC
212,0.9558801745245774,2932088976156.798,654,S0_baseline,indonesia,USDC
213,0.9833644363851811,2932065643957.6636,654,S0_baseline,indonesia,USDC
214,0.9649939997731745,2932065643957.6636,654,S0_baseline,indonesia,USDC
215,0.9513214059193351,2932058205921.073,654,S0_baseline,indonesia,USDC
216,0.9232086713849307,2932023766684.6074,654,S0_baseline,indonesia,USDC
217,0.9477695129909797,2931940118358.3535,654,S0_baseline,indonesia,USDC
218,0.9366577541339174,2931899993426.901,654,S0_baseline,indonesia,USDC
219,0.9683604761034288,2931846777022.4766,654,S0_baseline,indonesia,USDC
220,0.9641817998282695,2931845783238.2104,654,S0_baseline,indonesia,USDC
221,0.973439310975783,2931838905843.155,654,S0_baseline,indonesia,USDC
222,0.9746130546548031,2931838905843.155,654,S0_baseline,indonesia,USDC
223,0.9838803849853319,2931838905843.155,654,S0_baseline,indonesia,USDC
224,0.992788263912599,2931838905843.155,654,S0_baseline,indonesia,USDC
225,0.9781749919322101,2931838905843.155,654,S0_baseline,indonesia,USDC
226,0.9608371188572601,2931838905843.155,654,S0_baseline,indonesia,USDC
227,0.987111018291743,2931826653410.8735,654,S0_baseline,indonesia,USDC
228,1.0052568176056171,2931826653410.8735,654,S0_baseline,indonesia,USDC
229,0.9938637888529273,2931826653410.8735,654,S0_baseline,indonesia,USDC
230,1.0249931721567558,2931826653410.8735,654,S0_baseline,indonesia,USDC
231,1.0214597907629375,2931826653410.8735,654,S0_baseline,indonesia,USDC
232,1.0153218756746134,2931826653410.8735,654,S0_baseline,indonesia,USDC
233,1.0133620686073117,2931826653410.8735,654,S0_baseline,indonesia,USDC
234,1.0279501021907422,2931826653410.8735,654,S0_baseline,indonesia,USDC
235,1.0598454978978225,2931826653410.8735,654,S0_baseline,indonesia,USDC
236,1.0640003084000211,2931826653410.8735,654,S0_baseline,indonesia,USDC
237,1.0611167808425177,2931826653410.8735,654,S0_baseline,indonesia,USDC
238,0.9897819580469862,2931826653410.8735,654,S0_baseline,indonesia,USDC
239,0.9746083138624009,2931826653410.8735,654,S0_baseline,indonesia,USDC
240,0.9687043794120048,2931826653410.8735,654,S0_baseline,indonesia,USDC
241,1.0029483440700382,2931825916904.498,654,S0_baseline,indonesia,USDC
242,0.9769583824507007,2931825916904.498,654,S0_baseline,indonesia,USDC
243,0.9943224210653937,2931825916904.498,654,S0_baseline,indonesia,USDC
244,0.9591776552743667,2931825916904.498,654,S0_baseline,indonesia,USDC
245,0.9867723867419318,2931811101066.714,654,S0_baseline,indonesia,USDC
246,1.0027170747953633,2931811101066.714,654,S0_baseline,indonesia,USDC
247,0.9853980195374401,2931811101066.714,654,S0_baseline,indonesia,USDC
248,0.9827030290879618,2931811101066.714,654,S0_baseline,indonesia,USDC
249,0.9891807228183366,2931811101066.714,654,S0_baseline,indonesia,USDC
250,0.9954664117834305,2931811101066.714,654,S0_baseline,indonesia,USDC
251,1.0188816559719935,2931811101066.714,654,S0_baseline,indonesia,USDC
252,1.0257202904806995,2931811101066.714,654,S0_baseline,indonesia,USDC
253,1.0359355319964527,2931811101066.714,654,S0_baseline,indonesia,USDC
254,1.044696382914021,2931811101066.714,654,S0_baseline,indonesia,USDC
255,1.0642937316219918,2931811101066.714,654,S0_baseline,indonesia,USDC
256,1.0688865376853047,2931811101066.714,654,S0_baseline,indonesia,USDC
257,1.058978046067242,2931811101066.714,654,S0_baseline,indonesia,USDC
258,1.0593909331414084,2931811101066.714,654,S0_baseline,indonesia,USDC
259,1.060158726070338,2931811101066.714,654,S0_baseline,indonesia,USDC
260,1.0605989486866854,2931811101066.714,654,S0_baseline,indonesia,USDC
261,1.065284950058461,2931811101066.714,654,S0_baseline,indonesia,USDC
262,1.050163153544376,2931811101066.714,654,S0_baseline,indonesia,USDC
263,1.0740000516308492,2931811101066.714,654,S0_baseline,indonesia,USDC
264,1.034974215684668,2931811101066.714,654,S0_baseline,indonesia,USDC
265,1.0451528150352158,2931811101066.714,654,S0_baseline,indonesia,USDC
266,1.0236765446022653,2931811101066.714,654,S0_baseline,indonesia,USDC
267,1.0337535604043904,2931811101066.714,654,S0_baseline,indonesia,USDC
268,1.0058864899486173,2931811101066.714,654,S0_baseline,indonesia,USDC
269,1.0236159800729518,2931811101066.714,654,S0_baseline,indonesia,USDC
270,1.0047985178526897,2931811101066.714,654,S0_baseline,indonesia,USDC
271,0.9986414994119973,2931811101066.714,654,S0_baseline,indonesia,USDC
272,1.0049369381901123,2931811101066.714,654,S0_baseline,indonesia,USDC
273,0.9967601893063192,2931811101066.714,654,S0_baseline,indonesia,USDC
274,0.9900178756636074,2931811101066.714,654,S0_baseline,indonesia,USDC
275,1.0074312976230806,2931811101066.714,654,S0_baseline,indonesia,USDC
276,1.0036929167009567,2931811101066.714,654,S0_baseline,indonesia,USDC
277,1.0008071941074157,2931811101066.714,654,S0_baseline,indonesia,USDC
278,1.007951918403432,2931811101066.714,654,S0_baseline,indonesia,USDC
279,1.0085808395058544,2931811101066.714,654,S0_baseline,indonesia,USDC
280,0.9786936384844537,2931811101066.714,654,S0_baseline,indonesia,USDC
281,0.9595677059051602,2931811101066.714,654,S0_baseline,indonesia,USDC
282,0.9725237582264235,2931795919937.0527,654,S0_baseline,indonesia,USDC
283,0.9896212797892174,2931795919937.0527,654,S0_baseline,indonesia,USDC
284,1.018583789899069,2931795919937.0527,654,S0_baseline,indonesia,USDC
285,0.9875133924537535,2931795919937.0527,654,S0_baseline,indonesia,USDC
286,1.0271717956665471,2931795919937.0527,654,S0_baseline,indonesia,USDC
287,1.0483769365787758,2931795919937.0527,654,S0_baseline,indonesia,USDC
288,1.019512372866152,2931795919937.0527,654,S0_baseline,indonesia,USDC
289,1.0030187408175735,2931795919937.0527,654,S0_baseline,indonesia,USDC
290,0.9809238436899543,2931795919937.0527,654,S0_baseline,indonesia,USDC
291,0.9917138779503293,2931795919937.0527,654,S0_baseline,indonesia,USDC
292,0.9965413335976822,2931795919937.0527,654,S0_baseline,indonesia,USDC
293,0.9790869841430577,2931795919937.0527,654,S0_baseline,indonesia,USDC
294,1.0011464378404051,2931795919937.0527,654,S0_baseline,indonesia,USDC
295,1.0318072351378147,2931795919937.0527,654,S0_baseline,indonesia,USDC
296,1.0601087146673522,2931795919937.0527,654,S0_baseline,indonesia,USDC
297,1.0743005632089762,2931795919937.0527,654,S0_baseline,indonesia,USDC
298,1.0780364062796663,2931795919937.0527,654,S0_baseline,indonesia,USDC
299,1.0692385847208126,2931795919937.0527,654,S0_baseline,indonesia,USDC
300,1.0715151840726629,2931795919937.0527,654,S0_baseline,indonesia,USDC
301,1.0629731371833675,2931795919937.0527,654,S0_baseline,indonesia,USDC
302,1.0399880283723084,2931795919937.0527,654,S0_baseline,indonesia,USDC
303,1.0219147437756986,2931795919937.0527,654,S0_baseline,indonesia,USDC
304,1.0139120584306565,2931795919937.0527,654,S0_baseline,indonesia,USDC
305,1.033340042276966,2931795919937.0527,654,S0_baseline,indonesia,USDC
306,1.0250648366968005,2931795919937.0527,654,S0_baseline,indonesia,USDC
307,1.025760769438328,2931795919937.0527,654,S0_baseline,indonesia,USDC
308,1.0396808703872844,2931795919937.0527,654,S0_baseline,indonesia,USDC
309,1.0307033431031771,2931795919937.0527,654,S0_baseline,indonesia,USDC
310,1.0129348163990335,2931795919937.0527,654,S0_baseline,indonesia,USDC
311,1.0128870312465208,2931795919937.0527,654,S0_baseline,indonesia,USDC
312,1.006290916889642,2931795919937.0527,654,S0_baseline,indonesia,USDC
313,0.997554422264531,2931795919937.0527,654,S0_baseline,indonesia,USDC
314,0.9893838227031165,2931795919937.0527,654,S0_baseline,indonesia,USDC
315,0.9638497304591739,2931795919937.0527,654,S0_baseline,indonesia,USDC
316,0.9949272781637669,2931788727062.928,654,S0_baseline,indonesia,USDC
317,1.0324815380017571,2931788727062.928,654,S0_baseline,indonesia,USDC
318,1.0388954479104597,2931788727062.928,654,S0_baseline,indonesia,USDC
319,1.0192211554217634,2931788727062.928,654,S0_baseline,indonesia,USDC
320,1.001265438106477,2931788727062.928,654,S0_baseline,indonesia,USDC
321,0.9784054466850347,2931788727062.928,654,S0_baseline,indonesia,USDC
322,0.9658882201197955,2931788727062.928,654,S0_baseline,indonesia,USDC
323,0.9693848327521994,2931784759549.815,654,S0_baseline,indonesia,USDC
324,0.9698523608266362,2931784425060.0293,654,S0_baseline,indonesia,USDC
325,0.9584489723731087,2931784343296.275,654,S0_baseline,indonesia,USDC
326,0.9562742201851137,2931768765511.917,654,S0_baseline,indonesia,USDC
327,0.9731172470456083,2931748777002.9478,654,S0_baseline,indonesia,USDC
328,0.9678718189685811,2931748777002.9478,654,S0_baseline,indonesia,USDC
329,0.9606931004171763,2931747938154.5723,654,S0_baseline,indonesia,USDC
330,0.9728062776250779,2931736141548.578,654,S0_baseline,indonesia,USDC
331,0.9689321495746653,2931736141548.578,654,S0_baseline,indonesia,USDC
332,0.9442629254898253,2931735574401.177,654,S0_baseline,indonesia,USDC
333,0.9573640222275749,2931697520178.02,654,S0_baseline,indonesia,USDC
334,0.9264867959203419,2931681187761.6846,654,S0_baseline,indonesia,USDC
335,0.923170100377151,2931614263937.4395,654,S0_baseline,indonesia,USDC
336,0.911049306255699,2931547333255.084,654,S0_baseline,indonesia,USDC
337,0.9088155527752737,2931468934354.9023,654,S0_baseline,indonesia,USDC
338,0.9372333948082477,2931394234702.4395,654,S0_baseline,indonesia,USDC
339,0.9263653815631284,2931353532550.691,654,S0_baseline,indonesia,USDC
340,0.9328672442627333,2931305580176.592,654,S0_baseline,indonesia,USDC
341,0.9259198162093525,2931265429976.936,654,S0_baseline,indonesia,USDC
342,0.9398113370429583,2931216527615.254,654,S0_baseline,indonesia,USDC
343,0.939905290060904,2931184558401.161,654,S0_baseline,indonesia,USDC
344,0.9396293774878954,2931156763468.7705,654,S0_baseline,indonesia,USDC
345,0.9554485485310986,2931129483360.8115,654,S0_baseline,indonesia,USDC
346,0.9183814438040782,2931116093767.726,654,S0_baseline,indonesia,USDC
347,0.9081086666801281,2931070674380.922,654,S0_baseline,indonesia,USDC
348,0.9265147330155248,2931017213912.3384,654,S0_baseline,indonesia,USDC
349,0.9190602654706346,2930980099117.6465,654,S0_baseline,indonesia,USDC
350,0.9293885326908473,2930941870270.6914,654,S0_baseline,indonesia,USDC
351,0.9253275003706821,2930910362721.227,654,S0_baseline,indonesia,USDC
352,0.919775280355378,2930878082326.5405,654,S0_baseline,indonesia,USDC
353,0.9316170822442755,2930843373009.3066,654,S0_baseline,indonesia,USDC
354,0.9452743201967384,2930819023291.5146,654,S0_baseline,indonesia,USDC
355,0.965060780285797,2930804748160.209,654,S0_baseline,indonesia,USDC
356,0.9925526412446146,2930801614393.7964,654,S0_baseline,indonesia,USDC
357,0.9367317956314066,2930801614393.7964,654,S0_baseline,indonesia,USDC
358,0.966829845446797,2930781942292.107,654,S0_baseline,indonesia,USDC
359,0.9632234975553658,2930780680309.664,654,S0_baseline,indonesia,USDC
360,0.978259406250893,2930777670036.5684,654,S0_baseline,indonesia,USDC
361,0.975837925306999,2930777670036.5684,654,S0_baseline,indonesia,USDC
362,1.0094727601732747,2930777670036.5684,654,S0_baseline,indonesia,USDC
363,1.0119776335788424,2930777670036.5684,654,S0_baseline,indonesia,USDC
364,1.0057943901544377,2930777670036.5684,654,S0_baseline,indonesia,USDC
365,1.0094827198565062,2930777670036.5684,654,S0_baseline,indonesia,USDC
366,1.0663191863974633,2930777670036.5684,654,S0_baseline,indonesia,USDC
367,1.068917193941194,2930777670036.5684,654,S0_baseline,indonesia,USDC
368,1.0589918232051638,2930777670036.5684,654,S0_baseline,indonesia,USDC
369,1.0485947470488735,2930777670036.5684,654,S0_baseline,indonesia,USDC
370,1.0503965011940908,2930777670036.5684,654,S0_baseline,indonesia,USDC
371,1.0406034507040853,2930777670036.5684,654,S0_baseline,indonesia,USDC
372,1.0252379528533728,2930777670036.5684,654,S0_baseline,indonesia,USDC
373,1.0215135429867472,2930777670036.5684,654,S0_baseline,indonesia,USDC
374,1.0002766350360561,2930777670036.5684,654,S0_baseline,indonesia,USDC
375,1.0334616738671427,2930777670036.5684,654,S0_baseline,indonesia,USDC
376,1.0171972637378963,2930777670036.5684,654,S0_baseline,indonesia,USDC
377,1.005267941232441,2930777670036.5684,654,S0_baseline,indonesia,USDC
378,1.019681240800835,2930777670036.5684,654,S0_baseline,indonesia,USDC
379,0.9956252726166697,2930777670036.5684,654,S0_baseline,indonesia,USDC
380,0.9861424876324192,2930777670036.5684,654,S0_baseline,indonesia,USDC
381,0.9817558833646356,2930777670036.5684,654,S0_baseline,indonesia,USDC
382,0.9978910723169739,2930777670036.5684,654,S0_baseline,indonesia,USDC
383,0.9965992582076617,2930777670036.5684,654,S0_baseline,indonesia,USDC
384,1.0042667499736544,2930777670036.5684,654,S0_baseline,indonesia,USDC
385,0.9884915322010562,2930777670036.5684,654,S0_baseline,indonesia,USDC
386,0.9977107813099885,2930777670036.5684,654,S0_baseline,indonesia,USDC
387,0.9611379938579692,2930777670036.5684,654,S0_baseline,indonesia,USDC
388,0.9731207383252277,2930772687985.114,654,S0_baseline,indonesia,USDC
389,0.965403734585965,2930772687985.114,654,S0_baseline,indonesia,USDC
390,0.9823645616751104,2930770268847.147,654,S0_baseline,indonesia,USDC
391,0.9931491469117844,2930770268847.147,654,S0_baseline,indonesia,USDC
392,1.003667397251976,2930770268847.147,654,S0_baseline,indonesia,USDC
393,0.9787323837852401,2930770268847.147,654,S0_baseline,indonesia,USDC
394,0.9923156294798282,2930770268847.147,654,S0_baseline,indonesia,USDC
395,0.9601012514552419,2930770268847.147,654,S0_baseline,indonesia,USDC
396,0.9784735675455577,2930765535094.992,654,S0_baseline,indonesia,USDC
397,1.004020291529669,2930765535094.992,654,S0_baseline,indonesia,USDC
398,0.9971164397546907,2930765535094.992,654,S0_baseline,indonesia,USDC
399,1.0004811584990532,2930765535094.992,654,S0_baseline,indonesia,USDC
400,1.0160734781069287,2930765535094.992,654,S0_baseline,indonesia,USDC
401,1.0133081060716969,2930765535094.992,654,S0_baseline,indonesia,USDC
402,1.0448547200704097,2930765535094.992,654,S0_baseline,indonesia,USDC
403,1.0321281684297954,2930765535094.992,654,S0_baseline,indonesia,USDC
404,0.9884481356168294,2930765535094.992,654,S0_baseline,indonesia,USDC
405,1.0045948524602282,2930765535094.992,654,S0_baseline,indonesia,USDC
406,0.972430793724728,2930765535094.992,654,S0_baseline,indonesia,USDC
407,0.9763372099495744,2930765535094.992,654,S0_baseline,indonesia,USDC
408,1.018158028045193,2930765535094.992,654,S0_baseline,indonesia,USDC
409,1.0275375612236042,2930765535094.992,654,S0_baseline,indonesia,USDC
410,1.0243587797188565,2930765535094.992,654,S0_baseline,indonesia,USDC
411,1.048724392863787,2930765535094.992,654,S0_baseline,indonesia,USDC
412,1.017029578546451,2930765535094.992,654,S0_baseline,indonesia,USDC
413,1.0288608051921249,2930765535094.992,654,S0_baseline,indonesia,USDC
414,1.0287323877629124,2930765535094.992,654,S0_baseline,indonesia,USDC
415,1.0142110002316902,2930765535094.992,654,S0_baseline,indonesia,USDC
416,1.014150940474717,2930765535094.992,654,S0_baseline,indonesia,USDC
417,1.0222188164783947,2930765535094.992,654,S0_baseline,indonesia,USDC
418,1.0049404166659859,2930765535094.992,654,S0_baseline,indonesia,USDC
419,1.0152048372586178,2930765535094.992,654,S0_baseline,indonesia,USDC
420,0.9990989423939727,2930765535094.992,654,S0_baseline,indonesia,USDC
421,1.0120311276416447,2930765535094.992,654,S0_baseline,indonesia,USDC
422,1.0130825339953133,2930765535094.992,654,S0_baseline,indonesia,USDC
423,1.026111139348222,2930765535094.992,654,S0_baseline,indonesia,USDC
424,1.0391913909792692,2930765535094.992,654,S0_baseline,indonesia,USDC
425,1.0338961895616683,2930765535094.992,654,S0_baseline,indonesia,USDC
426,1.0721645704192417,2930765535094.992,654,S0_baseline,indonesia,USDC
427,1.0721736902818944,2930765535094.992,654,S0_baseline,indonesia,USDC
428,1.0640996794316897,2930765535094.992,654,S0_baseline,indonesia,USDC
429,1.1106837756047412,2930765535094.992,654,S0_baseline,indonesia,USDC
430,1.1109679884537003,2930765535094.992,654,S0_baseline,indonesia,USDC
431,1.0762698565428739,2930765535094.992,654,S0_baseline,indonesia,USDC
432,1.0563623286855064,2930765535094.992,654,S0_baseline,indonesia,USDC
433,1.0333230174390364,2930765535094.992,654,S0_baseline,indonesia,USDC
434,1.0284767692755499,2930765535094.992,654,S0_baseline,indonesia,USDC
435,1.0167976429318273,2930765535094.992,654,S0_baseline,indonesia,USDC
436,1.02656490378407,2930765535094.992,654,S0_baseline,indonesia,USDC
437,1.022365693565763,2930765535094.992,654,S0_baseline,indonesia,USDC
438,1.0253591711457049,2930765535094.992,654,S0_baseline,indonesia,USDC
439,1.0024095527339691,2930765535094.992,654,S0_baseline,indonesia,USDC
440,0.9925405326249542,2930765535094.992,654,S0_baseline,indonesia,USDC
441,0.9959516746192225,2930765535094.992,654,S0_baseline,indonesia,USDC
442,1.0280025133295871,2930765535094.992,654,S0_baseline,indonesia,USDC
443,1.030708975520958,2930765535094.992,654,S0_baseline,indonesia,USDC
444,1.0201754276540802,2930765535094.992,654,S0_baseline,indonesia,USDC
445,1.0209325811227312,2930765535094.992,654,S0_baseline,indonesia,USDC
446,1.0139965274502094,2930765535094.992,654,S0_baseline,indonesia,USDC
447,1.0032833435579727,2930765535094.992,654,S0_baseline,indonesia,USDC
448,1.0017127437917808,2930765535094.992,654,S0_baseline,indonesia,USDC
449,1.0359884419739596,2930765535094.992,654,S0_baseline,indonesia,USDC
450,1.0300906342321774,2930765535094.992,654,S0_baseline,indonesia,USDC
451,1.0283652383848376,2930765535094.992,654,S0_baseline,indonesia,USDC
452,1.0601709174406837,2930765535094.992,654,S0_baseline,indonesia,USDC
453,1.0696237367242627,2930765535094.992,654,S0_baseline,indonesia,USDC
454,1.0595112789167032,2930765535094.992,654,S0_baseline,indonesia,USDC
455,1.0582168314351728,2930765535094.992,654,S0_baseline,indonesia,USDC
456,1.0241727693462783,2930765535094.992,654,S0_baseline,indonesia,USDC
457,1.0316124119532908,2930765535094.992,654,S0_baseline,indonesia,USDC
458,1.0489595046037852,2930765535094.992,654,S0_baseline,indonesia,USDC
459,0.8910563402237156,2930765535094.992,654,S0_baseline,indonesia,USDC
460,0.8917286597550664,2930721875244.5664,654,S0_baseline,indonesia,USDC
461,0.8997694955535774,2930678901939.197,654,S0_baseline,indonesia,USDC
462,0.9213026096935347,2930643454671.2876,654,S0_baseline,indonesia,USDC
463,0.9327228135380179,2930621882506.472,654,S0_baseline,indonesia,USDC
464,0.9261314725878602,2930606257310.5215,654,S0_baseline,indonesia,USDC
465,0.9223144674275732,2930588988600.0,654,S0_baseline,indonesia,USDC
466,0.9289268963484814,2930569340570.2783,654,S0_baseline,indonesia,USDC
467,0.9523179462143436,2930554641288.964,654,S0_baseline,indonesia,USDC
468,0.9713968860804868,2930548879717.2427,654,S0_baseline,indonesia,USDC
469,0.9736906786032354,2930548879717.2427,654,S0_baseline,indonesia,USDC
470,0.9573011314249021,2930548879717.2427,654,S0_baseline,indonesia,USDC
471,0.9618335815536192,2930544700049.897,654,S0_baseline,indonesia,USDC
472,1.011877123318217,2930541708077.925,654,S0_baseline,indonesia,USDC
473,1.0131210721988797,2930541708077.925,654,S0_baseline,indonesia,USDC
474,0.9849981530311878,2930541708077.925,654,S0_baseline,indonesia,USDC
475,0.9888199404398774,2930541708077.925,654,S0_baseline,indonesia,USDC
476,0.9754978943568474,2930541708077.925,654,S0_baseline,indonesia,USDC
477,0.946739801326134,2930541708077.925,654,S0_baseline,indonesia,USDC
478,0.9573564083580958,2930533257867.706,654,S0_baseline,indonesia,USDC
479,0.9412885597959747,2930529530741.87,654,S0_baseline,indonesia,USDC
480,0.9733120211740068,2930519803715.191,654,S0_baseline,indonesia,USDC
481,0.9507558740901899,2930519803715.191,654,S0_baseline,indonesia,USDC
482,0.9702362809256373,2930514085968.735,654,S0_baseline,indonesia,USDC
483,0.9759982268493708,2930514085968.735,654,S0_baseline,indonesia,USDC
484,0.9620184839938173,2930514085968.735,654,S0_baseline,indonesia,USDC
485,0.9507961921641561,2930511625981.938,654,S0_baseline,indonesia,USDC
486,0.9188338215388957,2930505244977.668,654,S0_baseline,indonesia,USDC
487,0.9369717980670791,2930488580167.746,654,S0_baseline,indonesia,USDC
488,0.9597594137098228,2930479362594.8047,654,S0_baseline,indonesia,USDC
489,0.9463210934372479,2930476300486.954,654,S0_baseline,indonesia,USDC
490,0.9457670258203387,2930469294844.774,654,S0_baseline,indonesia,USDC
491,0.9597832422906455,2930462561199.2856,654,S0_baseline,indonesia,USDC
492,0.9556550298594166,2930459683181.3115,654,S0_baseline,indonesia,USDC
493,0.9513951617461711,2930455684825.078,654,S0_baseline,indonesia,USDC
494,0.9873110718453588,2930450798755.0366,654,S0_baseline,indonesia,USDC
495,0.9786209900795463,2930450798755.0366,654,S0_baseline,indonesia,USDC
496,1.01676756704596,2930450798755.0366,654,S0_baseline,indonesia,USDC
497,1.0230729423044542,2930450798755.0366,654,S0_baseline,indonesia,USDC
498,1.0399510046769842,2930450798755.0366,654,S0_baseline,indonesia,USDC
499,1.0538625805864579,2930450798755.0366,654,S0_baseline,indonesia,USDC
500,1.045325331973395,2930450798755.0366,654,S0_baseline,indonesia,USDC
501,1.03410933379076,2930450798755.0366,654,S0_baseline,indonesia,USDC
502,1.0256670227196798,2930450798755.0366,654,S0_baseline,indonesia,USDC
503,1.0367987743503186,2930450798755.0366,654,S0_baseline,indonesia,USDC
504,1.0097197444495978,2930450798755.0366,654,S0_baseline,indonesia,USDC
505,1.0140250370936743,2930450798755.0366,654,S0_baseline,indonesia,USDC
506,1.0134794550421882,2930450798755.0366,654,S0_baseline,indonesia,USDC
507,0.9637876860224226,2930450798755.0366,654,S0_baseline,indonesia,USDC
508,0.9817584334351457,2930449124104.092,654,S0_baseline,indonesia,USDC
509,0.9421447174831593,2930449124104.092,654,S0_baseline,indonesia,USDC
510,0.9265821297919873,2930441663257.539,654,S0_baseline,indonesia,USDC
511,0.9345095238825605,2930430684767.255,654,S0_baseline,indonesia,USDC
512,0.9657715934555254,2930422125855.166,654,S0_baseline,indonesia,USDC
513,0.9984470220773269,2930421110995.728,654,S0_baseline,indonesia,USDC
514,0.9981647328891724,2930421110995.728,654,S0_baseline,indonesia,USDC
515,1.0345139838720212,2930421110995.728,654,S0_baseline,indonesia,USDC
516,1.0265685888170484,2930421110995.728,654,S0_baseline,indonesia,USDC
517,1.020195064326714,2930421110995.728,654,S0_baseline,indonesia,USDC
518,1.034400398409056,2930421110995.728,654,S0_baseline,indonesia,USDC
519,1.0300498480802474,2930421110995.728,654,S0_baseline,indonesia,USDC
520,0.9141060076900046,2930421110995.728,654,S0_baseline,indonesia,USDC
521,0.9264659640057652,2930408439759.3105,654,S0_baseline,indonesia,USDC
522,0.8937253238090229,2930398884051.6187,654,S0_baseline,indonesia,USDC
523,0.8928678240515239,2930383552991.16,654,S0_baseline,indonesia,USDC
524,0.8863591827992148,2930368468543.144,654,S0_baseline,indonesia,USDC
525,0.8863020747933408,2930353020662.585,654,S0_baseline,indonesia,USDC
526,0.9112193415437736,2930339854603.7993,654,S0_baseline,indonesia,USDC
527,0.9151736543258255,2930331193753.6147,654,S0_baseline,indonesia,USDC
528,0.9065911953752086,2930323794910.819,654,S0_baseline,indonesia,USDC
529,0.9098497071392643,2930315651553.5605,654,S0_baseline,indonesia,USDC
530,0.9427673505790217,2930308016005.957,654,S0_baseline,indonesia,USDC
531,0.945037287338449,2930304683522.6367,654,S0_baseline,indonesia,USDC
532,0.9348148192059872,2930302041424.545,654,S0_baseline,indonesia,USDC
533,0.9195422723645877,2930298331264.6694,654,S0_baseline,indonesia,USDC
534,0.9354932614341163,2930292660491.5947,654,S0_baseline,indonesia,USDC
535,0.9401621272365986,2930289213586.049,654,S0_baseline,indonesia,USDC
536,0.9411820323657308,2930286448800.71,654,S0_baseline,indonesia,USDC
537,0.9544137816757066,2930283757503.022,654,S0_baseline,indonesia,USDC
538,0.9545943258696451,2930282239995.829,654,S0_baseline,indonesia,USDC
539,0.9606435446218792,2930280836338.8857,654,S0_baseline,indonesia,USDC
540,0.9544466398015263,2930280078161.2974,654,S0_baseline,indonesia,USDC
541,0.9631154375949371,2930278835968.321,654,S0_baseline,indonesia,USDC
542,0.9658116797120974,2930278370804.0923,654,S0_baseline,indonesia,USDC
543,0.9544565401136427,2930278037817.703,654,S0_baseline,indonesia,USDC
544,0.9751526364786651,2930276686696.8145,654,S0_baseline,indonesia,USDC
545,0.9450691148240207,2930276686696.8145,654,S0_baseline,indonesia,USDC
546,0.9481192795169495,2930274523270.968,654,S0_baseline,indonesia,USDC
547,0.9525857478026238,2930272601218.3975,654,S0_baseline,indonesia,USDC
548,0.957296209463189,2930271309568.1826,654,S0_baseline,indonesia,USDC
549,0.9659251821906303,2930270416212.865,654,S0_baseline,indonesia,USDC
550,0.9672334201638119,2930270217971.372,654,S0_baseline,indonesia,USDC
551,0.9522257164460377,2930269987228.002,654,S0_baseline,indonesia,USDC
552,0.9718943304997304,2930268509012.7183,654,S0_baseline,indonesia,USDC
553,0.9469379952502007,2930268509012.7183,654,S0_baseline,indonesia,USDC
554,0.9671433524116118,2930266842788.4736,654,S0_baseline,indonesia,USDC
555,0.9432885702635488,2930266702081.6064,654,S0_baseline,indonesia,USDC
556,0.9782530348500695,2930264797284.5664,654,S0_baseline,indonesia,USDC
557,0.9786111836157485,2930264797284.5664,654,S0_baseline,indonesia,USDC
558,0.9891345591979763,2930264797284.5664,654,S0_baseline,indonesia,USDC
559,0.9614100108116702,2930264797284.5664,654,S0_baseline,indonesia,USDC
560,0.9744486609132408,2930264229087.885,654,S0_baseline,indonesia,USDC
561,1.0295177138887999,2930264229087.885,654,S0_baseline,indonesia,USDC
562,1.0242326056505942,2930264229087.885,654,S0_baseline,indonesia,USDC
563,1.0255517014600124,2930264229087.885,654,S0_baseline,indonesia,USDC
564,1.0135424012314882,2930264229087.885,654,S0_baseline,indonesia,USDC
565,1.0114939062940616,2930264229087.885,654,S0_baseline,indonesia,USDC
566,0.9871784483571763,2930264229087.885,654,S0_baseline,indonesia,USDC
567,0.9718855114182916,2930264229087.885,654,S0_baseline,indonesia,USDC
568,0.9896225594619568,2930264229087.885,654,S0_baseline,indonesia,USDC
569,1.039132262303854,2930264229087.885,654,S0_baseline,indonesia,USDC
570,1.0015621675695403,2930264229087.885,654,S0_baseline,indonesia,USDC
571,1.016799754244333,2930264229087.885,654,S0_baseline,indonesia,USDC
572,1.0012401297675315,2930264229087.885,654,S0_baseline,indonesia,USDC
573,1.0294663388423497,2930264229087.885,654,S0_baseline,indonesia,USDC
574,1.001793904391496,2930264229087.885,654,S0_baseline,indonesia,USDC
575,0.9874126627596463,2930264229087.885,654,S0_baseline,indonesia,USDC
576,0.9890594102284838,2930264229087.885,654,S0_baseline,indonesia,USDC
577,0.9854029508144931,2930264229087.885,654,S0_baseline,indonesia,USDC
578,0.9907633292114655,2930264229087.885,654,S0_baseline,indonesia,USDC
579,1.0215005073439463,2930264229087.885,654,S0_baseline,indonesia,USDC
580,1.0226951429359583,2930264229087.885,654,S0_baseline,indonesia,USDC
581,1.000513418164809,2930264229087.885,654,S0_baseline,indonesia,USDC
582,0.9880113896518905,2930264229087.885,654,S0_baseline,indonesia,USDC
583,0.9891918344756035,2930264229087.885,654,S0_baseline,indonesia,USDC
584,1.015297670883845,2930264229087.885,654,S0_baseline,indonesia,USDC
585,1.0171308365152647,2930264229087.885,654,S0_baseline,indonesia,USDC
586,1.0254425283463442,2930264229087.885,654,S0_baseline,indonesia,USDC
587,1.0087589998288875,2930264229087.885,654,S0_baseline,indonesia,USDC
588,1.0336558391061539,2930264229087.885,654,S0_baseline,indonesia,USDC
589,1.066388841569555,2930264229087.885,654,S0_baseline,indonesia,USDC
590,1.064749264106463,2930264229087.885,654,S0_baseline,indonesia,USDC
591,1.0344161891043124,2930264229087.885,654,S0_baseline,indonesia,USDC
592,1.0470364859980228,2930264229087.885,654,S0_baseline,indonesia,USDC
593,1.0512028883503852,2930264229087.885,654,S0_baseline,indonesia,USDC
594,1.0730432662053355,2930264229087.885,654,S0_baseline,indonesia,USDC
595,1.0931250578299851,2930264229087.885,654,S0_baseline,indonesia,USDC
596,1.0805068298097105,2930264229087.885,654,S0_baseline,indonesia,USDC
597,1.0693262050440737,2930264229087.885,654,S0_baseline,indonesia,USDC
598,0.9413230459402967,2930264229087.885,654,S0_baseline,indonesia,USDC
599,0.9405906430212784,2930262164043.873,654,S0_baseline,indonesia,USDC
600,0.9768589578532095,2930260030945.833,654,S0_baseline,indonesia,USDC
601,0.9768240395684387,2930260030945.833,654,S0_baseline,indonesia,USDC
602,0.9939480154838797,2930260030945.833,654,S0_baseline,indonesia,USDC
603,0.9709064507550924,2930260030945.833,654,S0_baseline,indonesia,USDC
604,1.0019314589570698,2930260030945.833,654,S0_baseline,indonesia,USDC
605,0.9687023866127753,2930260030945.833,654,S0_baseline,indonesia,USDC
606,0.9395080898602917,2930259998834.317,654,S0_baseline,indonesia,USDC
607,0.9576866891762913,2930257776930.206,654,S0_baseline,indonesia,USDC
608,0.9780668807322946,2930256956970.321,654,S0_baseline,indonesia,USDC
609,0.9746282662210042,2930256956970.321,654,S0_baseline,indonesia,USDC
610,0.9732098031412618,2930256956970.321,654,S0_baseline,indonesia,USDC
611,0.9716635275320046,2930256956970.321,654,S0_baseline,indonesia,USDC
612,1.0062506715600936,2930256956970.321,654,S0_baseline,indonesia,USDC
613,1.0280691785700216,2930256956970.321,654,S0_baseline,indonesia,USDC
614,0.9869470136712226,2930256956970.321,654,S0_baseline,indonesia,USDC
615,0.9566145805375101,2930256956970.321,654,S0_baseline,indonesia,USDC
616,0.9480465947668326,2930256123572.114,654,S0_baseline,indonesia,USDC
617,0.9442166650491921,2930254611563.6606,654,S0_baseline,indonesia,USDC
618,0.975479360686315,2930252875964.7695,654,S0_baseline,indonesia,USDC
619,0.9662513273867444,2930252875964.7695,654,S0_baseline,indonesia,USDC
620,0.9885803227455539,2930252630331.203,654,S0_baseline,indonesia,USDC
621,1.0183518530040945,2930252630331.203,654,S0_baseline,indonesia,USDC
622,1.026612880585322,2930252630331.203,654,S0_baseline,indonesia,USDC
623,1.0212045437473558,2930252630331.203,654,S0_baseline,indonesia,USDC
624,1.0213635084170591,2930252630331.203,654,S0_baseline,indonesia,USDC
625,1.043863154848383,2930252630331.203,654,S0_baseline,indonesia,USDC
626,1.0419502577632962,2930252630331.203,654,S0_baseline,indonesia,USDC
627,0.9823280577282432,2930252630331.203,654,S0_baseline,indonesia,USDC
628,0.9667805495830679,2930252630331.203,654,S0_baseline,indonesia,USDC
629,1.0408028979566397,2930252455912.523,654,S0_baseline,indonesia,USDC
630,1.0268221239718482,2930252455912.523,654,S0_baseline,indonesia,USDC
631,1.038559813798874,2930252455912.523,654,S0_baseline,indonesia,USDC
632,1.0409190465383795,2930252455912.523,654,S0_baseline,indonesia,USDC
633,1.019965942960066,2930252455912.523,654,S0_baseline,indonesia,USDC
634,1.0050553147480434,2930252455912.523,654,S0_baseline,indonesia,USDC
635,1.0163422688717607,2930252455912.523,654,S0_baseline,indonesia,USDC
636,1.029148060311033,2930252455912.523,654,S0_baseline,indonesia,USDC
637,1.0286582670513496,2930252455912.523,654,S0_baseline,indonesia,USDC
638,1.041819330914653,2930252455912.523,654,S0_baseline,indonesia,USDC
639,1.0382680466497112,2930252455912.523,654,S0_baseline,indonesia,USDC
640,1.036539775375274,2930252455912.523,654,S0_baseline,indonesia,USDC
641,1.0380962178556905,2930252455912.523,654,S0_baseline,indonesia,USDC
642,1.0011728553768466,2930252455912.523,654,S0_baseline,indonesia,USDC
643,0.9810031455176397,2930252455912.523,654,S0_baseline,indonesia,USDC
644,0.9963124325633649,2930252455912.523,654,S0_baseline,indonesia,USDC
645,1.0148133079443475,2930252455912.523,654,S0_baseline,indonesia,USDC
646,0.9881102367634401,2930252455912.523,654,S0_baseline,indonesia,USDC
647,0.9707598740264689,2930252455912.523,654,S0_baseline,indonesia,USDC
648,0.9804136741685613,2930252455912.523,654,S0_baseline,indonesia,USDC
649,0.9769230851728521,2930252455912.523,654,S0_baseline,indonesia,USDC
650,0.995326061667155,2930252455912.523,654,S0_baseline,indonesia,USDC
651,0.9694144378650877,2930252455912.523,654,S0_baseline,indonesia,USDC
652,0.9737153643189733,2930252430370.15,654,S0_baseline,indonesia,USDC
653,1.0155405330988945,2930252430370.15,654,S0_baseline,indonesia,USDC
654,0.9810031253665367,2930252430370.15,654,S0_baseline,indonesia,USDC
655,0.9775245548923889,2930252430370.15,654,S0_baseline,indonesia,USDC
656,0.9741819159259002,2930252430370.15,654,S0_baseline,indonesia,USDC
657,0.9579903421641083,2930252430370.15,654,S0_baseline,indonesia,USDC
658,0.9600175677855902,2930251648948.5225,654,S0_baseline,indonesia,USDC
659,0.9589638945793054,2930251093305.213,654,S0_baseline,indonesia,USDC
660,0.9729534801303095,2930250476899.2207,654,S0_baseline,indonesia,USDC
661,0.8919971277066543,2930250476899.2207,654,S0_baseline,indonesia,USDC
662,0.9011754113093671,2930245899136.3657,654,S0_baseline,indonesia,USDC
663,0.8864491309785557,2930242077382.593,654,S0_baseline,indonesia,USDC
664,0.8754477940047939,2930237637343.1,654,S0_baseline,indonesia,USDC
665,0.8799507005498873,2930233030018.288,654,S0_baseline,indonesia,USDC
666,0.8780457666055804,2930229152283.722,654,S0_baseline,indonesia,USDC
667,0.8741988425367911,2930225544053.393,654,S0_baseline,indonesia,USDC
668,0.8909692374681393,2930221966047.7964,654,S0_baseline,indonesia,USDC
669,0.8972220179136828,2930219305905.1577,654,S0_baseline,indonesia,USDC
670,0.886240680214381,2930217108616.8066,654,S0_baseline,indonesia,USDC
671,0.8996919987392646,2930214708751.158,654,S0_baseline,indonesia,USDC
672,0.9067792892381501,2930212999532.184,654,S0_baseline,indonesia,USDC
673,0.9237260949411208,2930211569753.5537,654,S0_baseline,indonesia,USDC
674,0.8899704685259575,2930210595641.802,654,S0_baseline,indonesia,USDC
675,0.8962055135487081,2930208839992.628,654,S0_baseline,indonesia,USDC
676,0.9122376488929111,2930207459145.5454,654,S0_baseline,indonesia,USDC
677,0.8802207003438108,2930206406665.509,654,S0_baseline,indonesia,USDC
678,0.9115822347592085,2930204930364.9155,654,S0_baseline,indonesia,USDC
679,0.9283186007715438,2930204014286.7783,654,S0_baseline,indonesia,USDC
680,0.9456319103731675,2930203400762.2905,654,S0_baseline,indonesia,USDC
681,0.966293715944501,2930203046934.826,654,S0_baseline,indonesia,USDC
682,0.9425767638340921,2930203002624.056,654,S0_baseline,indonesia,USDC
683,0.9287238394046593,2930202615691.4287,654,S0_baseline,indonesia,USDC
684,0.9246369805998301,2930202082347.134,654,S0_baseline,indonesia,USDC
685,0.9420000243829592,2930201485327.877,654,S0_baseline,indonesia,USDC
686,0.9366914122350916,2930201170437.614,654,S0_baseline,indonesia,USDC
687,0.9688360196547346,2930200802063.7656,654,S0_baseline,indonesia,USDC
688,1.0082858551405252,2930200792861.19,654,S0_baseline,indonesia,USDC
689,1.007152460058914,2930200792861.19,654,S0_baseline,indonesia,USDC
690,1.0134801456200258,2930200792861.19,654,S0_baseline,indonesia,USDC
691,0.9856840195953361,2930200792861.19,654,S0_baseline,indonesia,USDC
692,1.0109986586879491,2930200792861.19,654,S0_baseline,indonesia,USDC
693,1.0252616877506548,2930200792861.19,654,S0_baseline,indonesia,USDC
694,0.8706270639865152,2930200792861.19,654,S0_baseline,indonesia,USDC
695,0.8737644102949853,2930199693658.7793,654,S0_baseline,indonesia,USDC
696,0.8989491146713252,2930198731621.59,654,S0_baseline,indonesia,USDC
697,0.9124235167327917,2930198041961.3467,654,S0_baseline,indonesia,USDC
698,0.9387475564423038,2930197524027.602,654,S0_baseline,indonesia,USDC
699,0.9754850941426353,2930197285495.8857,654,S0_baseline,indonesia,USDC
700,0.9619846287487089,2930197285495.8857,654,S0_baseline,indonesia,USDC
701,0.9836295065851401,2930197219643.8667,654,S0_baseline,indonesia,USDC
702,0.9927173332693469,2930197219643.8667,654,S0_baseline,indonesia,USDC
703,1.0140326176683307,2930197219643.8667,654,S0_baseline,indonesia,USDC
704,1.0288552607626715,2930197219643.8667,654,S0_baseline,indonesia,USDC
705,1.035486466498459,2930197219643.8667,654,S0_baseline,indonesia,USDC
706,1.03421247251048,2930197219643.8667,654,S0_baseline,indonesia,USDC
707,1.0222353169976302,2930197219643.8667,654,S0_baseline,indonesia,USDC
708,1.010350496321233,2930197219643.8667,654,S0_baseline,indonesia,USDC
709,1.0267361400540809,2930197219643.8667,654,S0_baseline,indonesia,USDC
710,1.0358372136190979,2930197219643.8667,654,S0_baseline,indonesia,USDC
711,1.054236421219704,2930197219643.8667,654,S0_baseline,indonesia,USDC
712,1.046955731256478,2930197219643.8667,654,S0_baseline,indonesia,USDC
713,1.0630436057291843,2930197219643.8667,654,S0_baseline,indonesia,USDC
714,1.064662166805709,2930197219643.8667,654,S0_baseline,indonesia,USDC
715,1.0637158590649594,2930197219643.8667,654,S0_baseline,indonesia,USDC
716,1.0602002589814645,2930197219643.8667,654,S0_baseline,indonesia,USDC
717,1.0641534671667512,2930197219643.8667,654,S0_baseline,indonesia,USDC
718,1.0822461583404883,2930197219643.8667,654,S0_baseline,indonesia,USDC
719,1.1174631239051491,2930197219643.8667,654,S0_baseline,indonesia,USDC
720,1.0651096994073748,2930197219643.8667,654,S0_baseline,indonesia,USDC
721,1.0214381660944056,2930197219643.8667,654,S0_baseline,indonesia,USDC
722,1.02135129145992,2930197219643.8667,654,S0_baseline,indonesia,USDC
723,1.0406900661130372,2930197219643.8667,654,S0_baseline,indonesia,USDC
724,1.0326324137919558,2930197219643.8667,654,S0_baseline,indonesia,USDC
725,1.0253066432725622,2930197219643.8667,654,S0_baseline,indonesia,USDC
726,1.0341041127840196,2930197219643.8667,654,S0_baseline,indonesia,USDC
727,1.0237640063064375,2930197219643.8667,654,S0_baseline,indonesia,USDC
728,1.0017824928496006,2930197219643.8667,654,S0_baseline,indonesia,USDC
729,1.0195402683504,2930197219643.8667,654,S0_baseline,indonesia,USDC
730,1.0087831250480284,2930197219643.8667,654,S0_baseline,indonesia,USDC
731,0.9903257449175058,2930197219643.8667,654,S0_baseline,indonesia,USDC
732,0.9592360007566525,2930197219643.8667,654,S0_baseline,indonesia,USDC
733,0.9609682668142707,2930197142860.59,654,S0_baseline,indonesia,USDC
734,0.9458075159862085,2930197080492.4062,654,S0_baseline,indonesia,USDC
735,0.9360912022766177,2930196886846.743,654,S0_baseline,indonesia,USDC
736,0.9590252189154435,2930196638847.8726,654,S0_baseline,indonesia,USDC
737,0.9424660046489274,2930196555998.49,654,S0_baseline,indonesia,USDC
738,0.9729552754641373,2930196364609.313,654,S0_baseline,indonesia,USDC
739,0.9863433325416968,2930196364609.313,654,S0_baseline,indonesia,USDC
740,1.009713137563697,2930196364609.313,654,S0_baseline,indonesia,USDC
741,0.9974077567190547,2930196364609.313,654,S0_baseline,indonesia,USDC
742,0.9265083199620637,2930196364609.313,654,S0_baseline,indonesia,USDC
743,0.9212271002258888,2930196066155.3813,654,S0_baseline,indonesia,USDC
744,0.9196756117573004,2930195754168.8394,654,S0_baseline,indonesia,USDC
745,0.9287469447249007,2930195446820.18,654,S0_baseline,indonesia,USDC
746,0.9125217653811476,2930195208610.2515,654,S0_baseline,indonesia,USDC
747,0.9308790003050594,2930194868285.134,654,S0_baseline,indonesia,USDC
748,0.9129201945690059,2930194657697.9883,654,S0_baseline,indonesia,USDC
749,0.9441650884713464,2930194351384.58,654,S0_baseline,indonesia,USDC
750,0.915097261920914,2930194222132.8745,654,S0_baseline,indonesia,USDC
751,0.9211783292932461,2930193958961.3115,654,S0_baseline,indonesia,USDC
752,0.9031989886774587,2930193731386.4507,654,S0_baseline,indonesia,USDC
753,0.8952855890050431,2930193449359.593,654,S0_baseline,indonesia,USDC
754,0.9466543957174872,2930193131006.196,654,S0_baseline,indonesia,USDC
755,0.9413825393445115,2930193039194.0596,654,S0_baseline,indonesia,USDC
756,0.9446205684010246,2930192933182.875,654,S0_baseline,indonesia,USDC
757,0.9600451119335012,2930192841893.3003,654,S0_baseline,indonesia,USDC
758,0.9808346471368623,2930192805710.437,654,S0_baseline,indonesia,USDC
759,0.9616795481704816,2930192805710.437,654,S0_baseline,indonesia,USDC
760,0.9890570803072736,2930192782671.264,654,S0_baseline,indonesia,USDC
761,0.9902385919131033,2930192782671.264,654,S0_baseline,indonesia,USDC
762,0.9721365407850397,2930192782671.264,654,S0_baseline,indonesia,USDC
763,0.9810260168907116,2930192782671.264,654,S0_baseline,indonesia,USDC
764,0.9508627553395118,2930192782671.264,654,S0_baseline,indonesia,USDC
765,0.9977506764896359,2930192717222.7334,654,S0_baseline,indonesia,USDC
766,1.009857173221362,2930192717222.7334,654,S0_baseline,indonesia,USDC
767,0.9973342744792191,2930192717222.7334,654,S0_baseline,indonesia,USDC
768,0.9978688792403717,2930192717222.7334,654,S0_baseline,indonesia,USDC
769,0.9714687541026218,2930192717222.7334,654,S0_baseline,indonesia,USDC
770,0.9901321232397624,2930192717222.7334,654,S0_baseline,indonesia,USDC
771,0.9577832075390019,2930192717222.7334,654,S0_baseline,indonesia,USDC
772,0.943526144235063,2930192676789.225,654,S0_baseline,indonesia,USDC
773,0.9431785675958191,2930192594853.8813,654,S0_baseline,indonesia,USDC
774,0.9418450947958081,2930192504197.352,654,S0_baseline,indonesia,USDC
775,0.9528943946939475,2930192414769.2715,654,S0_baseline,indonesia,USDC
776,0.9441599737753064,2930192360127.998,654,S0_baseline,indonesia,USDC
777,0.961700151563422,2930192287802.885,654,S0_baseline,indonesia,USDC
778,0.961701524210666,2930192264368.5557,654,S0_baseline,indonesia,USDC
779,0.9455816411808923,2930192239147.0254,654,S0_baseline,indonesia,USDC
780,0.9032083228974203,2930192173766.2314,654,S0_baseline,indonesia,USDC
781,0.9108189992924219,2930191977005.1455,654,S0_baseline,indonesia,USDC
782,0.9125551976957803,2930191814668.9497,654,S0_baseline,indonesia,USDC
783,0.9086838647377184,2930191674141.813,654,S0_baseline,indonesia,USDC
784,0.9150387275196602,2930191525093.5967,654,S0_baseline,indonesia,USDC
785,0.9280047557516199,2930191409611.6274,654,S0_baseline,indonesia,USDC
786,0.9406988820261903,2930191318981.5215,654,S0_baseline,indonesia,USDC
787,0.9232031419704227,2930191260478.954,654,S0_baseline,indonesia,USDC
788,0.9345645722177163,2930191171771.9463,654,S0_baseline,indonesia,USDC
789,0.9468613571770561,2930191110245.815,654,S0_baseline,indonesia,USDC
790,0.959303458644055,2930191069058.0605,654,S0_baseline,indonesia,USDC
791,0.9538322938225137,2930191052174.0645,654,S0_baseline,indonesia,USDC
792,0.970672189842473,2930191025988.907,654,S0_baseline,indonesia,USDC
793,0.9884267198598445,2930191025988.907,654,S0_baseline,indonesia,USDC
794,1.0327269475526504,2930191025988.907,654,S0_baseline,indonesia,USDC
795,1.044601330535431,2930191025988.907,654,S0_baseline,indonesia,USDC
796,1.0084533082941471,2930191025988.907,654,S0_baseline,indonesia,USDC
797,1.003182533173685,2930191025988.907,654,S0_baseline,indonesia,USDC
798,0.9573847349385605,2930191025988.907,654,S0_baseline,indonesia,USDC
799,0.9632801722215172,2930191007508.7495,654,S0_baseline,indonesia,USDC
800,0.9538879873763313,2930190998993.4634,654,S0_baseline,indonesia,USDC
801,0.9612639844294965,2930190972378.801,654,S0_baseline,indonesia,USDC
802,0.9319970938603239,2930190958569.8955,654,S0_baseline,indonesia,USDC
803,0.9709896701086517,2930190896168.692,654,S0_baseline,indonesia,USDC
804,0.9691045385799815,2930190896168.692,654,S0_baseline,indonesia,USDC
805,0.9689409225724589,2930190896168.692,654,S0_baseline,indonesia,USDC
806,0.9590768486932101,2930190895027.0,654,S0_baseline,indonesia,USDC
807,0.9998975665585066,2930190877248.431,654,S0_baseline,indonesia,USDC
808,1.0028144994458725,2930190877248.431,654,S0_baseline,indonesia,USDC
809,0.9988407249802883,2930190877248.431,654,S0_baseline,indonesia,USDC
810,1.0131893656716529,2930190877248.431,654,S0_baseline,indonesia,USDC
811,0.9966941646294458,2930190877248.431,654,S0_baseline,indonesia,USDC
812,1.0254802571280934,2930190877248.431,654,S0_baseline,indonesia,USDC
813,1.0056744806315299,2930190877248.431,654,S0_baseline,indonesia,USDC
814,1.0269031690029713,2930190877248.431,654,S0_baseline,indonesia,USDC
815,0.9936657338065027,2930190877248.431,654,S0_baseline,indonesia,USDC
816,0.9883062813430628,2930190877248.431,654,S0_baseline,indonesia,USDC
817,0.9969369544733302,2930190877248.431,654,S0_baseline,indonesia,USDC
818,0.9824004659244993,2930190877248.431,654,S0_baseline,indonesia,USDC
819,0.989389019938866,2930190877248.431,654,S0_baseline,indonesia,USDC
820,0.991674569450382,2930190877248.431,654,S0_baseline,indonesia,USDC
821,0.9930667103893334,2930190877248.431,654,S0_baseline,indonesia,USDC
822,0.9767352182803278,2930190877248.431,654,S0_baseline,indonesia,USDC
823,0.9777277541257291,2930190877248.431,654,S0_baseline,indonesia,USDC
824,0.9839582104903146,2930190877248.431,654,S0_baseline,indonesia,USDC
825,0.9649575495543782,2930190877248.431,654,S0_baseline,indonesia,USDC
826,0.9380851231312877,2930190870077.0005,654,S0_baseline,indonesia,USDC
827,0.9358259661474327,2930190823912.128,654,S0_baseline,indonesia,USDC
828,0.921368011596135,2930190772482.409,654,S0_baseline,indonesia,USDC
829,0.9237648306190126,2930190703447.97,654,S0_baseline,indonesia,USDC
830,0.9135984506691992,2930190637327.0425,654,S0_baseline,indonesia,USDC
831,0.875605583624358,2930190560511.835,654,S0_baseline,indonesia,USDC
832,0.8757147310545444,2930190444808.9194,654,S0_baseline,indonesia,USDC
833,0.8967077516158376,2930190335111.5854,654,S0_baseline,indonesia,USDC
834,0.880928317801415,2930190259949.0083,654,S0_baseline,indonesia,USDC
835,0.876770941004578,2930190173292.519,654,S0_baseline,indonesia,USDC
836,0.8845851624849155,2930190090920.147,654,S0_baseline,indonesia,USDC
837,0.9062385573901883,2930190022705.442,654,S0_baseline,indonesia,USDC
838,0.9305756935087751,2930189976267.7383,654,S0_baseline,indonesia,USDC
839,0.9399545371893027,2930189951040.3804,654,S0_baseline,indonesia,USDC
840,0.9460973302485465,2930189931377.9585,654,S0_baseline,indonesia,USDC
841,0.98590154591968,2930189916220.0376,654,S0_baseline,indonesia,USDC
842,0.972534569220725,2930189916220.0376,654,S0_baseline,indonesia,USDC
843,0.9806836975985519,2930189916220.0376,654,S0_baseline,indonesia,USDC
844,0.9734502831826474,2930189916220.0376,654,S0_baseline,indonesia,USDC
845,0.9949065032392913,2930189916220.0376,654,S0_baseline,indonesia,USDC
846,0.9873442455334032,2930189916220.0376,654,S0_baseline,indonesia,USDC
847,1.0009819093360055,2930189916220.0376,654,S0_baseline,indonesia,USDC
848,0.9979587810779577,2930189916220.0376,654,S0_baseline,indonesia,USDC
849,0.981487668378159,2930189916220.0376,654,S0_baseline,indonesia,USDC
850,0.9722827336351738,2930189916220.0376,654,S0_baseline,indonesia,USDC
851,0.9639121869284205,2930189916220.0376,654,S0_baseline,indonesia,USDC
852,0.9597281501462426,2930189912454.5728,654,S0_baseline,indonesia,USDC
853,0.9505297548530502,2930189906141.0503,654,S0_baseline,indonesia,USDC
854,0.9506054538647115,2930189895804.753,654,S0_baseline,indonesia,USDC
855,0.9518504193376993,2930189884216.9307,654,S0_baseline,indonesia,USDC
856,0.9284905821232041,2930189874999.424,654,S0_baseline,indonesia,USDC
857,0.9456935295070769,2930189851088.7705,654,S0_baseline,indonesia,USDC
858,0.9691110207684549,2930189838674.8745,654,S0_baseline,indonesia,USDC
859,0.9676265834656016,2930189838512.413,654,S0_baseline,indonesia,USDC
860,0.9392778593970615,2930189837824.564,654,S0_baseline,indonesia,USDC
861,0.9561229659481205,2930189822937.6455,654,S0_baseline,indonesia,USDC
862,0.9348688662572595,2930189815688.87,654,S0_baseline,indonesia,USDC
863,0.9423842622128801,2930189798169.3022,654,S0_baseline,indonesia,USDC
864,0.959346037987165,2930189785419.206,654,S0_baseline,indonesia,USDC
865,0.965055967328418,2930189780266.1104,654,S0_baseline,indonesia,USDC
866,0.9761667342070666,2930189778169.8193,654,S0_baseline,indonesia,USDC
867,0.992982373580763,2930189778169.8193,654,S0_baseline,indonesia,USDC
868,1.0183672213144639,2930189778169.8193,654,S0_baseline,indonesia,USDC
869,1.015510631908226,2930189778169.8193,654,S0_baseline,indonesia,USDC
870,1.0020176539106067,2930189778169.8193,654,S0_baseline,indonesia,USDC
871,1.0002894171382946,2930189778169.8193,654,S0_baseline,indonesia,USDC
872,1.018327786114755,2930189778169.8193,654,S0_baseline,indonesia,USDC
873,1.0350946161956187,2930189778169.8193,654,S0_baseline,indonesia,USDC
874,1.0363841625892523,2930189778169.8193,654,S0_baseline,indonesia,USDC
875,1.0201199471367302,2930189778169.8193,654,S0_baseline,indonesia,USDC
876,1.047745833916661,2930189778169.8193,654,S0_baseline,indonesia,USDC
877,1.081742508840158,2930189778169.8193,654,S0_baseline,indonesia,USDC
878,1.082272170158971,2930189778169.8193,654,S0_baseline,indonesia,USDC
879,1.079164967602014,2930189778169.8193,654,S0_baseline,indonesia,USDC
880,1.0692305318141506,2930189778169.8193,654,S0_baseline,indonesia,USDC
881,1.1002382150368268,2930189778169.8193,654,S0_baseline,indonesia,USDC
882,1.0802777320679626,2930189778169.8193,654,S0_baseline,indonesia,USDC
883,1.0617417559467954,2930189778169.8193,654,S0_baseline,indonesia,USDC
884,1.0827186590705375,2930189778169.8193,654,S0_baseline,indonesia,USDC
885,1.1078898904661356,2930189778169.8193,654,S0_baseline,indonesia,USDC
886,1.1278192811826044,2930189778169.8193,654,S0_baseline,indonesia,USDC
887,1.1348574223119983,2930189778169.8193,654,S0_baseline,indonesia,USDC
888,1.142104109587206,2930189778169.8193,654,S0_baseline,indonesia,USDC
889,1.0948148474086294,2930189778169.8193,654,S0_baseline,indonesia,USDC
890,1.10274390531718,2930189778169.8193,654,S0_baseline,indonesia,USDC
891,1.0871111042920159,2930189778169.8193,654,S0_baseline,indonesia,USDC
892,1.0842139098156562,2930189778169.8193,654,S0_baseline,indonesia,USDC
893,1.0482508571270002,2930189778169.8193,654,S0_baseline,indonesia,USDC
894,1.0320985988323284,2930189778169.8193,654,S0_baseline,indonesia,USDC
895,1.0236874991121652,2930189778169.8193,654,S0_baseline,indonesia,USDC
896,1.0268848972318902,2930189778169.8193,654,S0_baseline,indonesia,USDC
897,1.032829525845794,2930189778169.8193,654,S0_baseline,indonesia,USDC
898,1.0398483846662054,2930189778169.8193,654,S0_baseline,indonesia,USDC
899,1.016374057098483,2930189778169.8193,654,S0_baseline,indonesia,USDC
900,1.0158798488841543,2930189778169.8193,654,S0_baseline,indonesia,USDC
901,1.0089087309046096,2930189778169.8193,654,S0_baseline,indonesia,USDC
902,1.024200156172029,2930189778169.8193,654,S0_baseline,indonesia,USDC
903,0.9939657939672214,2930189778169.8193,654,S0_baseline,indonesia,USDC
904,1.0099548793441342,2930189778169.8193,654,S0_baseline,indonesia,USDC
905,0.8598587080069565,2930189778169.8193,654,S0_baseline,indonesia,USDC
906,0.8840431242757768,2930189729056.7573,654,S0_baseline,indonesia,USDC
907,0.8864799783797579,2930189694109.6685,654,S0_baseline,indonesia,USDC
908,0.8854097411551344,2930189663785.895,654,S0_baseline,indonesia,USDC
909,0.8780832175002731,2930189634178.5103,654,S0_baseline,indonesia,USDC
910,0.9096663136649593,2930189604051.8096,654,S0_baseline,indonesia,USDC
911,0.915925645724526,2930189586582.1406,654,S0_baseline,indonesia,USDC
912,0.9258927443145898,2930189572683.584,654,S0_baseline,indonesia,USDC
913,0.9381512635136849,2930189562002.7866,654,S0_baseline,indonesia,USDC
914,0.9398184010783115,2930189554454.7686,654,S0_baseline,indonesia,USDC
915,0.9365093045023564,2930189547529.082,654,S0_baseline,indonesia,USDC
916,0.9479200863526251,2930189539788.905,654,S0_baseline,indonesia,USDC
917,0.9689356335249478,2930189535105.917,654,S0_baseline,indonesia,USDC
918,0.8935479484040054,2930189534865.7705,654,S0_baseline,indonesia,USDC
919,0.9271820480787554,2930189518036.7295,654,S0_baseline,indonesia,USDC
920,0.9341390025757373,2930189509129.4473,654,S0_baseline,indonesia,USDC
921,0.9344764504869014,2930189502653.504,654,S0_baseline,indonesia,USDC
922,0.919545691128702,2930189495827.021,654,S0_baseline,indonesia,USDC
923,0.933621254274281,2930189487231.1304,654,S0_baseline,indonesia,USDC
924,0.9316960981802986,2930189481018.066,654,S0_baseline,indonesia,USDC
925,0.9534539713683372,2930189474706.309,654,S0_baseline,indonesia,USDC
926,0.9364213824844007,2930189472003.411,654,S0_baseline,indonesia,USDC
927,0.9185920915668278,2930189467122.14,654,S0_baseline,indonesia,USDC
928,0.919930257329101,2930189459339.2446,654,S0_baseline,indonesia,USDC
929,0.9313258842022211,2930189451953.259,654,S0_baseline,indonesia,USDC
930,0.9870688460680169,2930189446868.4697,654,S0_baseline,indonesia,USDC
931,0.9981317474276374,2930189446868.4697,654,S0_baseline,indonesia,USDC
932,0.9675399297839321,2930189446868.4697,654,S0_baseline,indonesia,USDC
933,0.9943950513485855,2930189446611.0225,654,S0_baseline,indonesia,USDC
934,1.0174964190105045,2930189446611.0225,654,S0_baseline,indonesia,USDC
935,0.9894406775759014,2930189446611.0225,654,S0_baseline,indonesia,USDC
936,0.8490360221438991,2930189446611.0225,654,S0_baseline,indonesia,USDC
937,0.8705898743882755,2930189431368.842,654,S0_baseline,indonesia,USDC
938,0.9072763827809128,2930189419830.665,654,S0_baseline,indonesia,USDC
939,0.8812520390011467,2930189413627.8877,654,S0_baseline,indonesia,USDC
940,0.8629581398443359,2930189404718.583,654,S0_baseline,indonesia,USDC
941,0.9106747990101878,2930189395580.877,654,S0_baseline,indonesia,USDC
942,0.9411705788539063,2930189390970.1914,654,S0_baseline,indonesia,USDC
943,0.9816901801606703,2930189388749.45,654,S0_baseline,indonesia,USDC
944,0.9785367724658522,2930189388749.45,654,S0_baseline,indonesia,USDC
945,0.94883415002249,2930189388749.45,654,S0_baseline,indonesia,USDC
946,0.9436291881786185,2930189387167.494,654,S0_baseline,indonesia,USDC
947,0.9316375270401234,2930189385239.522,654,S0_baseline,indonesia,USDC
948,0.9510945693696773,2930189382511.0874,654,S0_baseline,indonesia,USDC
949,0.9362741774608371,2930189381386.6997,654,S0_baseline,indonesia,USDC
950,0.964051668539349,2930189379190.617,654,S0_baseline,indonesia,USDC
951,0.951564557564634,2930189378881.8184,654,S0_baseline,indonesia,USDC
952,0.9583207005849925,2930189377847.8457,654,S0_baseline,indonesia,USDC
953,0.9778545712760588,2930189377193.4727,654,S0_baseline,indonesia,USDC
954,0.9887324414132933,2930189377193.4727,654,S0_baseline,indonesia,USDC
955,1.0130215978455852,2930189377193.4727,654,S0_baseline,indonesia,USDC
956,1.01150564349123,2930189377193.4727,654,S0_baseline,indonesia,USDC
957,1.0240871428506755,2930189377193.4727,654,S0_baseline,indonesia,USDC
958,0.8792208368995793,2930189377193.4727,654,S0_baseline,indonesia,USDC
959,0.8738816391945192,2930189371490.037,654,S0_baseline,indonesia,USDC
960,0.8803334287494106,2930189366253.3516,654,S0_baseline,indonesia,USDC
961,0.9289521277757593,2930189361834.996,654,S0_baseline,indonesia,USDC
962,0.9494382527865627,2930189359905.9883,654,S0_baseline,indonesia,USDC
963,0.9657703003325357,2930189358980.5977,654,S0_baseline,indonesia,USDC
964,0.9681931484608941,2930189358844.2227,654,S0_baseline,indonesia,USDC
965,0.9437603615217852,2930189358834.716,654,S0_baseline,indonesia,USDC
966,0.9041211923234718,2930189357724.6533,654,S0_baseline,indonesia,USDC
967,0.926428646337238,2930189354907.897,654,S0_baseline,indonesia,USDC
968,0.9436034017769473,2930189353171.458,654,S0_baseline,indonesia,USDC
969,0.9437617702524083,2930189352274.0645,654,S0_baseline,indonesia,USDC
970,0.9769322785980902,2930189351404.0703,654,S0_baseline,indonesia,USDC
971,0.9954919363811066,2930189351404.0703,654,S0_baseline,indonesia,USDC
972,1.0075679656389676,2930189351404.0703,654,S0_baseline,indonesia,USDC
973,1.01609935916635,2930189351404.0703,654,S0_baseline,indonesia,USDC
974,1.0042444200514362,2930189351404.0703,654,S0_baseline,indonesia,USDC
975,1.0272386218976708,2930189351404.0703,654,S0_baseline,indonesia,USDC
976,1.0716741790104347,2930189351404.0703,654,S0_baseline,indonesia,USDC
977,1.0990587184269347,2930189351404.0703,654,S0_baseline,indonesia,USDC
978,1.057833893566159,2930189351404.0703,654,S0_baseline,indonesia,USDC
979,1.0431494929823457,2930189351404.0703,654,S0_baseline,indonesia,USDC
980,0.9888960964642234,2930189351404.0703,654,S0_baseline,indonesia,USDC
981,0.9772595141908876,2930189351404.0703,654,S0_baseline,indonesia,USDC
982,0.9627768358999974,2930189351404.0703,654,S0_baseline,indonesia,USDC
983,0.9611962387634103,2930189351164.1045,654,S0_baseline,indonesia,USDC
984,0.982987780459838,2930189350917.063,654,S0_baseline,indonesia,USDC
985,0.9827007083074738,2930189350917.063,654,S0_baseline,indonesia,USDC
986,1.0076256999937239,2930189350917.063,654,S0_baseline,indonesia,USDC
987,0.9957961032576711,2930189350917.063,654,S0_baseline,indonesia,USDC
988,0.9894105280109751,2930189350917.063,654,S0_baseline,indonesia,USDC
989,1.0014411208297511,2930189350917.063,654,S0_baseline,indonesia,USDC
990,0.9921654978437259,2930189350917.063,654,S0_baseline,indonesia,USDC
991,0.9898753389233755,2930189350917.063,654,S0_baseline,indonesia,USDC
992,0.9995305988156323,2930189350917.063,654,S0_baseline,indonesia,USDC
993,1.0017959225080793,2930189350917.063,654,S0_baseline,indonesia,USDC
994,0.988047213410554,2930189350917.063,654,S0_baseline,indonesia,USDC
995,0.9685841586631408,2930189350917.063,654,S0_baseline,indonesia,USDC
996,0.9759452937152882,2930189350866.463,654,S0_baseline,indonesia,USDC
997,0.9759964467107028,2930189350866.463,654,S0_baseline,indonesia,USDC
998,0.9720212410126413,2930189350866.463,654,S0_baseline,indonesia,USDC
999,0.9867809218075678,2930189350866.463,654,S0_baseline,indonesia,USDC
1000,0.970646594661162,2930189350866.463,654,S0_baseline,indonesia,USDC
