Step,price,liquidity,iteration,scenario,region,coin
1,0.9892761001426347,6300000000000.0,922,S0_baseline,eurozone,USDC
2,1.0109060852003457,6300000000000.0,922,S0_baseline,eurozone,USDC
3,1.026336360218094,6300000000000.0,922,S0_baseline,eurozone,USDC
4,1.042247387461629,6300000000000.0,922,S0_baseline,eurozone,USDC
5,1.0240375532933088,6300000000000.0,922,S0_baseline,eurozone,USDC
6,1.0564575303507566,6300000000000.0,922,S0_baseline,eurozone,USDC
7,1.0808477159066863,6300000000000.0,922,S0_baseline,eurozone,USDC
8,1.0397174578054384,6300000000000.0,922,S0_baseline,eurozone,USDC
9,1.0459589288860223,6300000000000.0,922,S0_baseline,eurozone,USDC
10,1.0371672315353853,6300000000000.0,922,S0_baseline,eurozone,USDC
11,1.043025720678684,6300000000000.0,922,S0_baseline,eurozone,USDC
12,1.0241682859545962,6300000000000.0,922,S0_baseline,eurozone,USDC
13,1.018403209317959,6300000000000.0,922,S0_baseline,eurozone,USDC
14,1.0064796019430224,6300000000000.0,922,S0_baseline,eurozone,USDC
15,1.01901334172688,6300000000000.0,922,S0_baseline,eurozone,USDC
16,1.0120033176628562,6300000000000.0,922,S0_baseline,eurozone,USDC
17,1.019767519669866,6300000000000.0,922,S0_baseline,eurozone,USDC
18,1.037583992322553,6300000000000.0,922,S0_baseline,eurozone,USDC
19,1.014402792592152,6300000000000.0,922,S0_baseline,eurozone,USDC
20,1.023806425760587,6300000000000.0,922,S0_baseline,eurozone,USDC
21,0.99711522119886,6300000000000.0,922,S0_baseline,eurozone,USDC
22,1.0008342407830362,6300000000000.0,922,S0_baseline,eurozone,USDC
23,0.9956362261072614,6300000000000.0,922,S0_baseline,eurozone,USDC
24,1.0080409192059452,6300000000000.0,922,S0_baseline,eurozone,USDC
25,1.0191865863195875,6300000000000.0,922,S0_baseline,eurozone,USDC
26,1.0009479633138105,6300000000000.0,922,S0_baseline,eurozone,USDC
27,0.9970756903267862,6300000000000.0,922,S0_baseline,eurozone,USDC
28,1.025843211884381,6300000000000.0,922,S0_baseline,eurozone,USDC
29,1.0250728248588326,6300000000000.0,922,S0_baseline,eurozone,USDC
30,1.0181647156717075,6300000000000.0,922,S0_baseline,eurozone,USDC
31,0.9942527317741126,6300000000000.0,922,S0_baseline,eurozone,USDC
32,1.009147063975516,6300000000000.0,922,S0_baseline,eurozone,USDC
33,1.022844992179636,6300000000000.0,922,S0_baseline,eurozone,USDC
34,1.0058964459179214,6300000000000.0,922,S0_baseline,eurozone,USDC
35,0.9841073952719288,6300000000000.0,922,S0_baseline,eurozone,USDC
36,0.9705247699111444,6300000000000.0,922,S0_baseline,eurozone,USDC
37,0.9787257797376231,6300000000000.0,922,S0_baseline,eurozone,USDC
38,0.9880138025598644,6300000000000.0,922,S0_baseline,eurozone,USDC
39,0.9717668930900188,6300000000000.0,922,S0_baseline,eurozone,USDC
40,0.9896672842888186,6300000000000.0,922,S0_baseline,eurozone,USDC
41,1.0087591467387997,6300000000000.0,922,S0_baseline,eurozone,USDC
42,1.0138985342500515,6300000000000.0,922,S0_baseline,eurozone,USDC
43,1.00713934331803,6300000000000.0,922,S0_baseline,eurozone,USDC
44,1.0012171861117516,6300000000000.0,922,S0_baseline,eurozone,USDC
45,0.8641736214743702,6300000000000.0,922,S0_baseline,eurozone,USDC
46,0.8627459646007585,6286253480727.599,922,S0_baseline,eurozone,USDC
47,0.8874655829220316,6273841481969.2,922,S0_baseline,eurozone,USDC
48,0.913597889324933,6265346267005.769,922,S0_baseline,eurozone,USDC
49,0.9185321612633106,6260084172614.178,922,S0_baseline,eurozone,USDC
50,0.9442670790823599,6255653876120.616,922,S0_baseline,eurozone,USDC
51,0.9507260899000319,6253549530307.705,922,S0_baseline,eurozone,USDC
52,0.9241936383667042,6252023564245.914,922,S0_baseline,eurozone,USDC
53,0.9250675009013193,6248381367130.507,922,S0_baseline,eurozone,USDC
54,0.9120373754401766,6245018682208.357,922,S0_baseline,eurozone,USDC
55,0.9283475127219802,6240919285706.258,922,S0_baseline,eurozone,USDC
56,0.9447409003755813,6238122762190.221,922,S0_baseline,eurozone,USDC
57,0.9334651743992269,6236452985655.833,922,S0_baseline,eurozone,USDC
58,0.9579876251763702,6234100708398.943,922,S0_baseline,eurozone,USDC
59,0.9714437429662253,6233401056059.674,922,S0_baseline,eurozone,USDC
60,0.9680736005041171,6233401056059.674,922,S0_baseline,eurozone,USDC
61,0.9894437667073683,6233300180978.7,922,S0_baseline,eurozone,USDC
62,0.9931814973241034,6233300180978.7,922,S0_baseline,eurozone,USDC
63,1.0058567802355611,6233300180978.7,922,S0_baseline,eurozone,USDC
64,0.9937484524981234,6233300180978.7,922,S0_baseline,eurozone,USDC
65,1.006057034002526,6233300180978.7,922,S0_baseline,eurozone,USDC
66,1.004485334388481,6233300180978.7,922,S0_baseline,eurozone,USDC
67,1.0055903511866138,6233300180978.7,922,S0_baseline,eurozone,USDC
68,1.0029559407727202,6233300180978.7,922,S0_baseline,eurozone,USDC
69,1.0262028942661603,6233300180978.7,922,S0_baseline,eurozone,USDC
70,1.0000039876369442,6233300180978.7,922,S0_baseline,eurozone,USDC
71,0.9868730529156559,6233300180978.7,922,S0_baseline,eurozone,USDC
72,0.9794224646601252,6233300180978.7,922,S0_baseline,eurozone,USDC
73,0.951954119034472,6233300180978.7,922,S0_baseline,eurozone,USDC
74,0.9614571653187802,6232275371589.545,922,S0_baseline,eurozone,USDC
75,0.9602255458172011,6231762137707.61,922,S0_baseline,eurozone,USDC
76,0.9351165440976866,6231180082688.514,922,S0_baseline,eurozone,USDC
77,0.9402587143895071,6229196187186.304,922,S0_baseline,eurozone,USDC
78,0.9525019391924107,6227537039421.193,922,S0_baseline,eurozone,USDC
79,0.9934044874892162,6226571272028.151,922,S0_baseline,eurozone,USDC
80,0.9863530940985579,6226571272028.151,922,S0_baseline,eurozone,USDC
81,0.9759851118506881,6226571272028.151,922,S0_baseline,eurozone,USDC
82,0.9844254840511754,6226571272028.151,922,S0_baseline,eurozone,USDC
83,0.9912422160823664,6226571272028.151,922,S0_baseline,eurozone,USDC
84,0.9359009866565726,6226571272028.151,922,S0_baseline,eurozone,USDC
85,0.9254850400313164,6224830664504.337,922,S0_baseline,eurozone,USDC
86,0.9181906741661303,6222622618956.962,922,S0_baseline,eurozone,USDC
87,0.9036730459829319,6220070816144.104,922,S0_baseline,eurozone,USDC
88,0.8917882283634591,6217078271782.471,922,S0_baseline,eurozone,USDC
89,0.8960807211953595,6213604840900.875,922,S0_baseline,eurozone,USDC
90,0.9213345034500452,6210748326781.13,922,S0_baseline,eurozone,USDC
91,0.8996639786222985,6208904640626.301,922,S0_baseline,eurozone,USDC
92,0.9373049707806069,6206523994141.797,922,S0_baseline,eurozone,USDC
93,0.9666020440293559,6205458366046.17,922,S0_baseline,eurozone,USDC
94,0.953871575917836,6205380703623.166,922,S0_baseline,eurozone,USDC
95,0.9781816906598029,6204904537582.328,922,S0_baseline,eurozone,USDC
96,0.9717296768391989,6204904537582.328,922,S0_baseline,eurozone,USDC
97,0.9815719562750195,6204904537582.328,922,S0_baseline,eurozone,USDC
98,0.9853380426564661,6204904537582.328,922,S0_baseline,eurozone,USDC
99,0.9994631465195875,6204904537582.328,922,S0_baseline,eurozone,USDC
100,0.9744239489689029,6204904537582.328,922,S0_baseline,eurozone,USDC
101,0.9612937494259849,6204904537582.328,922,S0_baseline,eurozone,USDC
102,0.9554541016818877,6204685001228.737,922,S0_baseline,eurozone,USDC
103,0.9750596226126061,6204224855963.001,922,S0_baseline,eurozone,USDC
104,0.9298871088629656,6204224855963.001,922,S0_baseline,eurozone,USDC
105,0.9258942894898249,6203046155984.151,922,S0_baseline,eurozone,USDC
106,0.8989921616439518,6201836385833.707,922,S0_baseline,eurozone,USDC
107,0.9134284214537123,6199846967625.203,922,S0_baseline,eurozone,USDC
108,0.9367793936337148,6198416610653.132,922,S0_baseline,eurozone,USDC
109,0.9342572534210939,6197659958112.141,922,S0_baseline,eurozone,USDC
110,0.9372119174532196,6196788131424.6455,922,S0_baseline,eurozone,USDC
111,0.9343847966663446,6196017843657.39,922,S0_baseline,eurozone,USDC
112,0.9034002934873213,6195258933057.179,922,S0_baseline,eurozone,USDC
113,0.9186841939004023,6193905161544.11,922,S0_baseline,eurozone,USDC
114,0.9147444514606021,6192935554124.158,922,S0_baseline,eurozone,USDC
115,0.9254874075993246,6191884456651.329,922,S0_baseline,eurozone,USDC
116,0.9262769122070653,6191132443591.752,922,S0_baseline,eurozone,USDC
117,0.9432875200669033,6190360192730.648,922,S0_baseline,eurozone,USDC
118,0.9215333373740683,6189941515180.446,922,S0_baseline,eurozone,USDC
119,0.9286973338581366,6189144987306.223,922,S0_baseline,eurozone,USDC
120,0.915590842159455,6188518658345.363,922,S0_baseline,eurozone,USDC
121,0.9168650261140368,6187767449492.425,922,S0_baseline,eurozone,USDC
122,0.9265704957108957,6187052696898.537,922,S0_baseline,eurozone,USDC
123,0.9586336881162535,6186468292614.063,922,S0_baseline,eurozone,USDC
124,1.0012960634319554,6186339883337.141,922,S0_baseline,eurozone,USDC
125,0.9887880987575295,6186339883337.141,922,S0_baseline,eurozone,USDC
126,0.9955326607697824,6186339883337.141,922,S0_baseline,eurozone,USDC
127,0.9665587814324358,6186339883337.141,922,S0_baseline,eurozone,USDC
128,0.9867835079262834,6186317376946.55,922,S0_baseline,eurozone,USDC
129,1.0136671656887368,6186317376946.55,922,S0_baseline,eurozone,USDC
130,1.025488311412159,6186317376946.55,922,S0_baseline,eurozone,USDC
131,1.002082327027316,6186317376946.55,922,S0_baseline,eurozone,USDC
132,0.9826049380690531,6186317376946.55,922,S0_baseline,eurozone,USDC
133,0.9851689968551616,6186317376946.55,922,S0_baseline,eurozone,USDC
134,1.0225796145760557,6186317376946.55,922,S0_baseline,eurozone,USDC
135,1.0348839811373631,6186317376946.55,922,S0_baseline,eurozone,USDC
136,1.0341842975373219,6186317376946.55,922,S0_baseline,eurozone,USDC
137,1.0283479664700654,6186317376946.55,922,S0_baseline,eurozone,USDC
138,1.0143463689771535,6186317376946.55,922,S0_baseline,eurozone,USDC
139,1.0380233231861244,6186317376946.55,922,S0_baseline,eurozone,USDC
140,1.0349368316749887,6186317376946.55,922,S0_baseline,eurozone,USDC
141,1.0380719514907932,6186317376946.55,922,S0_baseline,eurozone,USDC
142,1.0166141033910392,6186317376946.55,922,S0_baseline,eurozone,USDC
143,1.006970734298557,6186317376946.55,922,S0_baseline,eurozone,USDC
144,0.9975937531945478,6186317376946.55,922,S0_baseline,eurozone,USDC
145,0.9702060568819949,6186317376946.55,922,S0_baseline,eurozone,USDC
146,0.979969582726779,6186317376946.55,922,S0_baseline,eurozone,USDC
147,0.9918966475477569,6186317376946.55,922,S0_baseline,eurozone,USDC
148,0.9955984771112945,6186317376946.55,922,S0_baseline,eurozone,USDC
149,0.9819768368589641,6186317376946.55,922,S0_baseline,eurozone,USDC
150,0.9923111629951287,6186317376946.55,922,S0_baseline,eurozone,USDC
151,0.9991208525624753,6186317376946.55,922,S0_baseline,eurozone,USDC
152,1.0004538274180717,6186317376946.55,922,S0_baseline,eurozone,USDC
153,1.0119182466031538,6186317376946.55,922,S0_baseline,eurozone,USDC
154,1.0260666635019056,6186317376946.55,922,S0_baseline,eurozone,USDC
155,1.0601598541907924,6186317376946.55,922,S0_baseline,eurozone,USDC
156,1.049195469652456,6186317376946.55,922,S0_baseline,eurozone,USDC
157,1.0526961103857668,6186317376946.55,922,S0_baseline,eurozone,USDC
158,1.0455413182765239,6186317376946.55,922,S0_baseline,eurozone,USDC
159,1.0242817113663296,6186317376946.55,922,S0_baseline,eurozone,USDC
160,1.0102764144078238,6186317376946.55,922,S0_baseline,eurozone,USDC
161,1.03777227289261,6186317376946.55,922,S0_baseline,eurozone,USDC
162,1.0432737186792571,6186317376946.55,922,S0_baseline,eurozone,USDC
163,1.0324564664540015,6186317376946.55,922,S0_baseline,eurozone,USDC
164,1.0160187376309706,6186317376946.55,922,S0_baseline,eurozone,USDC
165,1.0206585621130064,6186317376946.55,922,S0_baseline,eurozone,USDC
166,1.0458346119206372,6186317376946.55,922,S0_baseline,eurozone,USDC
167,1.0387852445333374,6186317376946.55,922,S0_baseline,eurozone,USDC
168,1.048381137688331,6186317376946.55,922,S0_baseline,eurozone,USDC
169,1.0329694786277346,6186317376946.55,922,S0_baseline,eurozone,USDC
170,1.0380263813884334,6186317376946.55,922,S0_baseline,eurozone,USDC
171,1.023290222736671,6186317376946.55,922,S0_baseline,eurozone,USDC
172,1.0107024205168764,6186317376946.55,922,S0_baseline,eurozone,USDC
173,0.9977878756622913,6186317376946.55,922,S0_baseline,eurozone,USDC
174,0.9662211190912209,6186317376946.55,922,S0_baseline,eurozone,USDC
175,0.9581081985652977,6186269391482.025,922,S0_baseline,eurozone,USDC
176,0.9440341895167312,6186127824046.928,922,S0_baseline,eurozone,USDC
177,0.9558509608363769,6185814759382.711,922,S0_baseline,eurozone,USDC
178,0.9566659948712358,6185669308888.401,922,S0_baseline,eurozone,USDC
179,0.9832043199105076,6185517545023.269,922,S0_baseline,eurozone,USDC
180,0.9510971319028775,6185517545023.269,922,S0_baseline,eurozone,USDC
181,0.9449763057095968,6185312484004.31,922,S0_baseline,eurozone,USDC
182,0.9251887230692046,6185031368192.195,922,S0_baseline,eurozone,USDC
183,0.9436959195136265,6184564289678.846,922,S0_baseline,eurozone,USDC
184,0.9623919815489552,6184277811404.625,922,S0_baseline,eurozone,USDC
185,0.9272779673450008,6184203868612.784,922,S0_baseline,eurozone,USDC
186,0.9199273525233782,6183754456233.317,922,S0_baseline,eurozone,USDC
187,0.9337512567962345,6183264353560.967,922,S0_baseline,eurozone,USDC
188,0.918821917750183,6182949782855.627,922,S0_baseline,eurozone,USDC
189,0.9151364689638471,6182502500997.464,922,S0_baseline,eurozone,USDC
190,0.8898774958318683,6182058790054.686,922,S0_baseline,eurozone,USDC
191,0.8994008380605032,6181408277849.363,922,S0_baseline,eurozone,USDC
192,0.8978488676152706,6180894707248.239,922,S0_baseline,eurozone,USDC
193,0.9063745841984551,6180393905221.834,922,S0_baseline,eurozone,USDC
194,0.9201041175780817,6179974508440.046,922,S0_baseline,eurozone,USDC
195,0.9591044960669639,6179691790461.221,922,S0_baseline,eurozone,USDC
196,0.9387181441420736,6179639855931.945,922,S0_baseline,eurozone,USDC
197,0.9458327154187546,6179457974323.365,922,S0_baseline,eurozone,USDC
198,0.9444510769490234,6179327057437.838,922,S0_baseline,eurozone,USDC
199,0.9383902597325289,6179191828901.355,922,S0_baseline,eurozone,USDC
200,0.9343135019595059,6179033648674.672,922,S0_baseline,eurozone,USDC
201,0.9421329602347139,6178854154753.598,922,S0_baseline,eurozone,USDC
202,0.9767788935366946,6178724346065.291,922,S0_baseline,eurozone,USDC
203,0.9811112418594131,6178724346065.291,922,S0_baseline,eurozone,USDC
204,0.9777167195873484,6178724346065.291,922,S0_baseline,eurozone,USDC
205,0.999496710835076,6178724346065.291,922,S0_baseline,eurozone,USDC
206,0.9761764758715267,6178724346065.291,922,S0_baseline,eurozone,USDC
207,0.9850392379177201,6178724346065.291,922,S0_baseline,eurozone,USDC
208,0.8977546169825791,6178724346065.291,922,S0_baseline,eurozone,USDC
209,0.9059189781432423,6178380734356.641,922,S0_baseline,eurozone,USDC
210,0.9442461518718748,6178112574835.178,922,S0_baseline,eurozone,USDC
211,0.9482635013413169,6178011269546.377,922,S0_baseline,eurozone,USDC
212,0.9519910403425694,6177921381963.785,922,S0_baseline,eurozone,USDC
213,0.9617446972316483,6177858282029.598,922,S0_baseline,eurozone,USDC
214,0.9859410281910314,6177833053886.34,922,S0_baseline,eurozone,USDC
215,0.989035720705897,6177833053886.34,922,S0_baseline,eurozone,USDC
216,1.0082822982225714,6177833053886.34,922,S0_baseline,eurozone,USDC
217,0.9929409851781731,6177833053886.34,922,S0_baseline,eurozone,USDC
218,0.9741028246477668,6177833053886.34,922,S0_baseline,eurozone,USDC
219,0.982556148344131,6177833053886.34,922,S0_baseline,eurozone,USDC
220,0.9809892500584909,6177833053886.34,922,S0_baseline,eurozone,USDC
221,0.9811880497180031,6177833053886.34,922,S0_baseline,eurozone,USDC
222,0.958135302213238,6177833053886.34,922,S0_baseline,eurozone,USDC
223,0.9186592018434647,6177794440954.552,922,S0_baseline,eurozone,USDC
224,0.9485115596523035,6177598935447.304,922,S0_baseline,eurozone,USDC
225,0.96292998012222,6177522376551.194,922,S0_baseline,eurozone,USDC
226,0.9763902817042107,6177496703074.665,922,S0_baseline,eurozone,USDC
227,0.972958433761477,6177496703074.665,922,S0_baseline,eurozone,USDC
228,0.9714803450981353,6177496703074.665,922,S0_baseline,eurozone,USDC
229,0.9571854640054147,6177496703074.665,922,S0_baseline,eurozone,USDC
230,0.9529349034881675,6177450508613.414,922,S0_baseline,eurozone,USDC
231,0.9193435287517892,6177398175276.86,922,S0_baseline,eurozone,USDC
232,0.9035197908017749,6177220711804.4795,922,S0_baseline,eurozone,USDC
233,0.9242751879344997,6177010670641.305,922,S0_baseline,eurozone,USDC
234,0.9340501530905376,6176876593506.9,922,S0_baseline,eurozone,USDC
235,0.9333439282574513,6176779760979.969,922,S0_baseline,eurozone,USDC
236,0.926425451584952,6176674714466.66,922,S0_baseline,eurozone,USDC
237,0.9083140262958427,6176554560368.697,922,S0_baseline,eurozone,USDC
238,0.920306658536011,6176400174447.866,922,S0_baseline,eurozone,USDC
239,0.8970405220998555,6176277212913.422,922,S0_baseline,eurozone,USDC
240,0.8988014127152717,6176113939735.558,922,S0_baseline,eurozone,USDC
241,0.9148240975870973,6175958775279.086,922,S0_baseline,eurozone,USDC
242,0.9352327757315483,6175853066031.649,922,S0_baseline,eurozone,USDC
243,0.9445911438180127,6175792834005.729,922,S0_baseline,eurozone,USDC
244,0.9629744990044655,6175745871262.007,922,S0_baseline,eurozone,USDC
245,0.9606504822881786,6175736558342.025,922,S0_baseline,eurozone,USDC
246,0.975249518598053,6175723342521.083,922,S0_baseline,eurozone,USDC
247,0.9410345740605195,6175723342521.083,922,S0_baseline,eurozone,USDC
248,0.90892487928535,6175671881335.348,922,S0_baseline,eurozone,USDC
249,0.8918288036072937,6175566612928.773,922,S0_baseline,eurozone,USDC
250,0.8847262773918153,6175446170702.119,922,S0_baseline,eurozone,USDC
251,0.9243833559656744,6175321906142.238,922,S0_baseline,eurozone,USDC
252,0.9386720562355494,6175263164496.297,922,S0_baseline,eurozone,USDC
253,0.9518116158195554,6175223699325.877,922,S0_baseline,eurozone,USDC
254,0.9457193966265459,6175202777780.812,922,S0_baseline,eurozone,USDC
255,0.9583978349114706,6175172670388.809,922,S0_baseline,eurozone,USDC
256,0.9861493201635391,6175161158807.273,922,S0_baseline,eurozone,USDC
257,0.9751512957096586,6175161158807.273,922,S0_baseline,eurozone,USDC
258,1.000853540186505,6175161158807.273,922,S0_baseline,eurozone,USDC
259,0.9968578728047827,6175161158807.273,922,S0_baseline,eurozone,USDC
260,0.9687754496060546,6175161158807.273,922,S0_baseline,eurozone,USDC
261,0.976377669722919,6175159692933.588,922,S0_baseline,eurozone,USDC
262,0.9637216502597729,6175159692933.588,922,S0_baseline,eurozone,USDC
263,0.9747191171788298,6175152186791.497,922,S0_baseline,eurozone,USDC
264,0.9628735671936673,6175152186791.497,922,S0_baseline,eurozone,USDC
265,0.9603717279492237,6175145189621.167,922,S0_baseline,eurozone,USDC
266,0.9591775056132835,6175133822407.535,922,S0_baseline,eurozone,USDC
267,0.9910716838538152,6175122761574.105,922,S0_baseline,eurozone,USDC
268,1.00786319644377,6175122761574.105,922,S0_baseline,eurozone,USDC
269,0.996412921880575,6175122761574.105,922,S0_baseline,eurozone,USDC
270,1.0048458731463334,6175122761574.105,922,S0_baseline,eurozone,USDC
271,1.0108210632170365,6175122761574.105,922,S0_baseline,eurozone,USDC
272,1.0390111725312534,6175122761574.105,922,S0_baseline,eurozone,USDC
273,1.0216463012106676,6175122761574.105,922,S0_baseline,eurozone,USDC
274,1.0304679215801391,6175122761574.105,922,S0_baseline,eurozone,USDC
275,1.04247705969135,6175122761574.105,922,S0_baseline,eurozone,USDC
276,1.0751673229888503,6175122761574.105,922,S0_baseline,eurozone,USDC
277,1.063477704347396,6175122761574.105,922,S0_baseline,eurozone,USDC
278,1.0579880936351815,6175122761574.105,922,S0_baseline,eurozone,USDC
279,1.0592192411365235,6175122761574.105,922,S0_baseline,eurozone,USDC
280,1.0213890046831378,6175122761574.105,922,S0_baseline,eurozone,USDC
281,1.032176017520294,6175122761574.105,922,S0_baseline,eurozone,USDC
282,1.017288259643314,6175122761574.105,922,S0_baseline,eurozone,USDC
283,1.0307079085119095,6175122761574.105,922,S0_baseline,eurozone,USDC
284,1.026237262060528,6175122761574.105,922,S0_baseline,eurozone,USDC
285,1.0296294636402805,6175122761574.105,922,S0_baseline,eurozone,USDC
286,1.017031350640884,6175122761574.105,922,S0_baseline,eurozone,USDC
287,1.0317797454043893,6175122761574.105,922,S0_baseline,eurozone,USDC
288,1.0175046409618185,6175122761574.105,922,S0_baseline,eurozone,USDC
289,1.0662254015088013,6175122761574.105,922,S0_baseline,eurozone,USDC
290,1.0878617659033085,6175122761574.105,922,S0_baseline,eurozone,USDC
291,1.091210979479279,6175122761574.105,922,S0_baseline,eurozone,USDC
292,1.0669222390751505,6175122761574.105,922,S0_baseline,eurozone,USDC
293,1.0703321519779239,6175122761574.105,922,S0_baseline,eurozone,USDC
294,1.066079233602418,6175122761574.105,922,S0_baseline,eurozone,USDC
295,1.0359929571551891,6175122761574.105,922,S0_baseline,eurozone,USDC
296,1.021257877582692,6175122761574.105,922,S0_baseline,eurozone,USDC
297,1.0508074886157932,6175122761574.105,922,S0_baseline,eurozone,USDC
298,1.047573173856473,6175122761574.105,922,S0_baseline,eurozone,USDC
299,1.029070137820864,6175122761574.105,922,S0_baseline,eurozone,USDC
300,1.0524697307802418,6175122761574.105,922,S0_baseline,eurozone,USDC
301,1.0023935272768059,6175122761574.105,922,S0_baseline,eurozone,USDC
302,1.0200562387851726,6175122761574.105,922,S0_baseline,eurozone,USDC
303,1.036409148029809,6175122761574.105,922,S0_baseline,eurozone,USDC
304,1.0305962759102434,6175122761574.105,922,S0_baseline,eurozone,USDC
305,1.0354071368477211,6175122761574.105,922,S0_baseline,eurozone,USDC
306,1.0348108307811132,6175122761574.105,922,S0_baseline,eurozone,USDC
307,1.080061257359671,6175122761574.105,922,S0_baseline,eurozone,USDC
308,1.077264443012427,6175122761574.105,922,S0_baseline,eurozone,USDC
309,1.063150823390306,6175122761574.105,922,S0_baseline,eurozone,USDC
310,1.0543564470533626,6175122761574.105,922,S0_baseline,eurozone,USDC
311,1.0401030393650914,6175122761574.105,922,S0_baseline,eurozone,USDC
312,1.0753710540015833,6175122761574.105,922,S0_baseline,eurozone,USDC
313,1.0777028409919223,6175122761574.105,922,S0_baseline,eurozone,USDC
314,1.043961472279204,6175122761574.105,922,S0_baseline,eurozone,USDC
315,1.0506931317089736,6175122761574.105,922,S0_baseline,eurozone,USDC
316,1.0254731999010578,6175122761574.105,922,S0_baseline,eurozone,USDC
317,1.0059462208799073,6175122761574.105,922,S0_baseline,eurozone,USDC
318,0.9780265563969807,6175122761574.105,922,S0_baseline,eurozone,USDC
319,0.9841107119320216,6175122761574.105,922,S0_baseline,eurozone,USDC
320,0.9873143741982867,6175122761574.105,922,S0_baseline,eurozone,USDC
321,0.977256806784938,6175122761574.105,922,S0_baseline,eurozone,USDC
322,0.9917731372650037,6175122761574.105,922,S0_baseline,eurozone,USDC
323,1.0150093170021806,6175122761574.105,922,S0_baseline,eurozone,USDC
324,1.0415208013551087,6175122761574.105,922,S0_baseline,eurozone,USDC
325,1.0385278565409655,6175122761574.105,922,S0_baseline,eurozone,USDC
326,1.0540465466176376,6175122761574.105,922,S0_baseline,eurozone,USDC
327,1.0469380565991329,6175122761574.105,922,S0_baseline,eurozone,USDC
328,1.0530353748504935,6175122761574.105,922,S0_baseline,eurozone,USDC
329,1.0670229977918424,6175122761574.105,922,S0_baseline,eurozone,USDC
330,1.072657494700291,6175122761574.105,922,S0_baseline,eurozone,USDC
331,1.0481024229260114,6175122761574.105,922,S0_baseline,eurozone,USDC
332,1.0257071016545585,6175122761574.105,922,S0_baseline,eurozone,USDC
333,1.0381425105395123,6175122761574.105,922,S0_baseline,eurozone,USDC
334,1.0030207053814781,6175122761574.105,922,S0_baseline,eurozone,USDC
335,1.0134523208818702,6175122761574.105,922,S0_baseline,eurozone,USDC
336,1.0426391671366204,6175122761574.105,922,S0_baseline,eurozone,USDC
337,1.0433462072119366,6175122761574.105,922,S0_baseline,eurozone,USDC
338,1.068587409163703,6175122761574.105,922,S0_baseline,eurozone,USDC
339,1.0294317808649116,6175122761574.105,922,S0_baseline,eurozone,USDC
340,1.040243279418674,6175122761574.105,922,S0_baseline,eurozone,USDC
341,1.0336500364569363,6175122761574.105,922,S0_baseline,eurozone,USDC
342,1.0386713701363177,6175122761574.105,922,S0_baseline,eurozone,USDC
343,1.0472946386889024,6175122761574.105,922,S0_baseline,eurozone,USDC
344,1.0231301410779943,6175122761574.105,922,S0_baseline,eurozone,USDC
345,1.0185408689848585,6175122761574.105,922,S0_baseline,eurozone,USDC
346,0.999025306087846,6175122761574.105,922,S0_baseline,eurozone,USDC
347,0.9521787211486754,6175122761574.105,922,S0_baseline,eurozone,USDC
348,0.9531039766301825,6175103978800.506,922,S0_baseline,eurozone,USDC
349,0.9456772308003688,6175087417727.484,922,S0_baseline,eurozone,USDC
350,0.9711918426868601,6175061164067.032,922,S0_baseline,eurozone,USDC
351,0.9807094186820359,6175061164067.032,922,S0_baseline,eurozone,USDC
352,0.9521741235930842,6175061164067.032,922,S0_baseline,eurozone,USDC
353,0.9625004157714333,6175043406595.345,922,S0_baseline,eurozone,USDC
354,0.9866221200173694,6175035339465.8125,922,S0_baseline,eurozone,USDC
355,0.9478284630823997,6175035339465.8125,922,S0_baseline,eurozone,USDC
356,0.9822811817048371,6175014458739.389,922,S0_baseline,eurozone,USDC
357,0.9794811332727703,6175014458739.389,922,S0_baseline,eurozone,USDC
358,1.003045783206176,6175014458739.389,922,S0_baseline,eurozone,USDC
359,0.9821734031510548,6175014458739.389,922,S0_baseline,eurozone,USDC
360,0.9860261305901333,6175014458739.389,922,S0_baseline,eurozone,USDC
361,0.9849671769346697,6175014458739.389,922,S0_baseline,eurozone,USDC
362,0.9720728209194927,6175014458739.389,922,S0_baseline,eurozone,USDC
363,0.9901743990090388,6175014458739.389,922,S0_baseline,eurozone,USDC
364,0.9593499267878624,6175014458739.389,922,S0_baseline,eurozone,USDC
365,0.9632729731155211,6175004028129.848,922,S0_baseline,eurozone,USDC
366,0.9668999892846257,6174998965886.738,922,S0_baseline,eurozone,USDC
367,0.9951019678577565,6174996342845.209,922,S0_baseline,eurozone,USDC
368,0.9984429692351398,6174996342845.209,922,S0_baseline,eurozone,USDC
369,0.9928682943812231,6174996342845.209,922,S0_baseline,eurozone,USDC
370,0.9725421139770057,6174996342845.209,922,S0_baseline,eurozone,USDC
371,0.984400645466014,6174996342845.209,922,S0_baseline,eurozone,USDC
372,0.9849581148336478,6174996342845.209,922,S0_baseline,eurozone,USDC
373,0.9649056764068248,6174996342845.209,922,S0_baseline,eurozone,USDC
374,0.9501548753554554,6174991110172.154,922,S0_baseline,eurozone,USDC
375,0.9718678985311927,6174973379652.154,922,S0_baseline,eurozone,USDC
376,0.963470510803177,6174973379652.154,922,S0_baseline,eurozone,USDC
377,0.9394337282120947,6174968660251.279,922,S0_baseline,eurozone,USDC
378,0.9266855547897334,6174939143724.609,922,S0_baseline,eurozone,USDC
379,0.9308950133544626,6174900756251.056,922,S0_baseline,eurozone,USDC
380,0.9118206018342182,6174866580101.721,922,S0_baseline,eurozone,USDC
381,0.9133432555709314,6174815915567.017,922,S0_baseline,eurozone,USDC
382,0.9143178829348981,6174770693964.108,922,S0_baseline,eurozone,USDC
383,0.9203067692328362,6174728730808.387,922,S0_baseline,eurozone,USDC
384,0.8919882808537062,6174691397830.832,922,S0_baseline,eurozone,USDC
385,0.8915637130324371,6174639641975.182,922,S0_baseline,eurozone,USDC
386,0.9123202572508753,6174591494427.261,922,S0_baseline,eurozone,USDC
387,0.9277710465311357,6174558099305.02,922,S0_baseline,eurozone,USDC
388,0.923442785749665,6174533802449.78,922,S0_baseline,eurozone,USDC
389,0.9198390406074195,6174508181465.222,922,S0_baseline,eurozone,USDC
390,0.9468473177951927,6174481902217.963,922,S0_baseline,eurozone,USDC
391,0.9439139258533296,6174471720146.69,922,S0_baseline,eurozone,USDC
392,0.9665900053198152,6174459034242.853,922,S0_baseline,eurozone,USDC
393,0.9885023541453887,6174457420527.053,922,S0_baseline,eurozone,USDC
394,0.9872496598784636,6174457420527.053,922,S0_baseline,eurozone,USDC
395,1.0080355026838799,6174457420527.053,922,S0_baseline,eurozone,USDC
396,0.9873469408249718,6174457420527.053,922,S0_baseline,eurozone,USDC
397,1.0018540648661705,6174457420527.053,922,S0_baseline,eurozone,USDC
398,1.0153400725567814,6174457420527.053,922,S0_baseline,eurozone,USDC
399,1.0224784278598407,6174457420527.053,922,S0_baseline,eurozone,USDC
400,1.0316583481219304,6174457420527.053,922,S0_baseline,eurozone,USDC
401,1.0430374276658698,6174457420527.053,922,S0_baseline,eurozone,USDC
402,1.0402116663505883,6174457420527.053,922,S0_baseline,eurozone,USDC
403,1.020375213637514,6174457420527.053,922,S0_baseline,eurozone,USDC
404,1.028520472851916,6174457420527.053,922,S0_baseline,eurozone,USDC
405,1.0109773005757607,6174457420527.053,922,S0_baseline,eurozone,USDC
406,0.9811290778470872,6174457420527.053,922,S0_baseline,eurozone,USDC
407,0.9828648793165456,6174457420527.053,922,S0_baseline,eurozone,USDC
408,0.9898764437585588,6174457420527.053,922,S0_baseline,eurozone,USDC
409,0.9963293896846358,6174457420527.053,922,S0_baseline,eurozone,USDC
410,1.0181624279585102,6174457420527.053,922,S0_baseline,eurozone,USDC
411,0.9936722522884758,6174457420527.053,922,S0_baseline,eurozone,USDC
412,1.0030711869170201,6174457420527.053,922,S0_baseline,eurozone,USDC
413,1.007866412083367,6174457420527.053,922,S0_baseline,eurozone,USDC
414,1.0196315268651654,6174457420527.053,922,S0_baseline,eurozone,USDC
415,1.0359123994651895,6174457420527.053,922,S0_baseline,eurozone,USDC
416,1.0515276964088072,6174457420527.053,922,S0_baseline,eurozone,USDC
417,1.0372658996509183,6174457420527.053,922,S0_baseline,eurozone,USDC
418,1.0557126472798894,6174457420527.053,922,S0_baseline,eurozone,USDC
419,1.0237794229217105,6174457420527.053,922,S0_baseline,eurozone,USDC
420,1.035222022050601,6174457420527.053,922,S0_baseline,eurozone,USDC
421,1.0412797206963191,6174457420527.053,922,S0_baseline,eurozone,USDC
422,0.997787118469194,6174457420527.053,922,S0_baseline,eurozone,USDC
423,0.9784871804067833,6174457420527.053,922,S0_baseline,eurozone,USDC
424,0.9968998759629171,6174457420527.053,922,S0_baseline,eurozone,USDC
425,1.0117325959105181,6174457420527.053,922,S0_baseline,eurozone,USDC
426,1.0062121451836206,6174457420527.053,922,S0_baseline,eurozone,USDC
427,0.9773770472564273,6174457420527.053,922,S0_baseline,eurozone,USDC
428,0.9634082960855123,6174457420527.053,922,S0_baseline,eurozone,USDC
429,0.9345834083415773,6174454601666.619,922,S0_baseline,eurozone,USDC
430,0.9593687837394056,6174439536185.162,922,S0_baseline,eurozone,USDC
431,0.9654067387435932,6174435330064.162,922,S0_baseline,eurozone,USDC
432,0.9644487066845315,6174433268636.618,922,S0_baseline,eurozone,USDC
433,0.9413066502241066,6174430789047.663,922,S0_baseline,eurozone,USDC
434,0.9431692398951141,6174418913823.917,922,S0_baseline,eurozone,USDC
435,0.9521504431718667,6174407326425.654,922,S0_baseline,eurozone,USDC
436,0.9440624143477035,6174399830965.673,922,S0_baseline,eurozone,USDC
437,0.9564377223232372,6174389905155.738,922,S0_baseline,eurozone,USDC
438,0.9663039171217641,6174385329130.835,922,S0_baseline,eurozone,USDC
439,0.9956005528056181,6174384530157.344,922,S0_baseline,eurozone,USDC
440,0.9957735915868511,6174384530157.344,922,S0_baseline,eurozone,USDC
441,1.0065517736475476,6174384530157.344,922,S0_baseline,eurozone,USDC
442,1.018666383943283,6174384530157.344,922,S0_baseline,eurozone,USDC
443,0.9977159630831456,6174384530157.344,922,S0_baseline,eurozone,USDC
444,1.02819474482789,6174384530157.344,922,S0_baseline,eurozone,USDC
445,1.031756911117737,6174384530157.344,922,S0_baseline,eurozone,USDC
446,1.033985906540561,6174384530157.344,922,S0_baseline,eurozone,USDC
447,1.044975139555933,6174384530157.344,922,S0_baseline,eurozone,USDC
448,1.028590129958604,6174384530157.344,922,S0_baseline,eurozone,USDC
449,1.0483469430154095,6174384530157.344,922,S0_baseline,eurozone,USDC
450,1.0595943545435116,6174384530157.344,922,S0_baseline,eurozone,USDC
451,1.0627441957646686,6174384530157.344,922,S0_baseline,eurozone,USDC
452,1.0721420556585346,6174384530157.344,922,S0_baseline,eurozone,USDC
453,1.0123214808134826,6174384530157.344,922,S0_baseline,eurozone,USDC
454,1.0253437619309662,6174384530157.344,922,S0_baseline,eurozone,USDC
455,1.0598398820644974,6174384530157.344,922,S0_baseline,eurozone,USDC
456,1.0797851549036894,6174384530157.344,922,S0_baseline,eurozone,USDC
457,1.0890218178197268,6174384530157.344,922,S0_baseline,eurozone,USDC
458,1.0858310384361134,6174384530157.344,922,S0_baseline,eurozone,USDC
459,1.073777924337299,6174384530157.344,922,S0_baseline,eurozone,USDC
460,1.0381715793332271,6174384530157.344,922,S0_baseline,eurozone,USDC
461,1.0521768143407637,6174384530157.344,922,S0_baseline,eurozone,USDC
462,1.0534501978023696,6174384530157.344,922,S0_baseline,eurozone,USDC
463,1.0111364057517496,6174384530157.344,922,S0_baseline,eurozone,USDC
464,1.011594020158432,6174384530157.344,922,S0_baseline,eurozone,USDC
465,1.0146088401226916,6174384530157.344,922,S0_baseline,eurozone,USDC
466,1.0189256647888074,6174384530157.344,922,S0_baseline,eurozone,USDC
467,0.9937178874313409,6174384530157.344,922,S0_baseline,eurozone,USDC
468,0.9925911754201641,6174384530157.344,922,S0_baseline,eurozone,USDC
469,0.9979008527382386,6174384530157.344,922,S0_baseline,eurozone,USDC
470,0.9628950920433713,6174384530157.344,922,S0_baseline,eurozone,USDC
471,0.9652937473210423,6174381713609.535,922,S0_baseline,eurozone,USDC
472,0.9900841408528149,6174380544487.629,922,S0_baseline,eurozone,USDC
473,0.9564083426162776,6174380544487.629,922,S0_baseline,eurozone,USDC
474,0.9637657225431404,6174375495292.514,922,S0_baseline,eurozone,USDC
475,0.9676411400412381,6174373783280.342,922,S0_baseline,eurozone,USDC
476,0.9508691778908736,6174372874308.781,922,S0_baseline,eurozone,USDC
477,0.9510337099817605,6174365520296.338,922,S0_baseline,eurozone,USDC
478,0.9546448949580588,6174358681017.508,922,S0_baseline,eurozone,USDC
479,0.9803281439621296,6174353280812.006,922,S0_baseline,eurozone,USDC
480,1.0008445464487072,6174353280812.006,922,S0_baseline,eurozone,USDC
481,1.0040307538941302,6174353280812.006,922,S0_baseline,eurozone,USDC
482,0.9966318845786855,6174353280812.006,922,S0_baseline,eurozone,USDC
483,0.9816867286430673,6174353280812.006,922,S0_baseline,eurozone,USDC
484,0.9680989657562129,6174353280812.006,922,S0_baseline,eurozone,USDC
485,0.9650214062968171,6174352781141.848,922,S0_baseline,eurozone,USDC
486,0.9834735549980212,6174351395315.836,922,S0_baseline,eurozone,USDC
487,0.9646186409438721,6174351395315.836,922,S0_baseline,eurozone,USDC
488,0.9527272788884236,6174349660209.199,922,S0_baseline,eurozone,USDC
489,0.9631593698227117,6174344000524.777,922,S0_baseline,eurozone,USDC
490,1.000321349249039,6174342227823.164,922,S0_baseline,eurozone,USDC
491,0.9682903944871071,6174342227823.164,922,S0_baseline,eurozone,USDC
492,0.9682343387057908,6174341811436.228,922,S0_baseline,eurozone,USDC
493,0.9544544578660454,6174341374818.179,922,S0_baseline,eurozone,USDC
494,0.9328124833757103,6174336437520.97,922,S0_baseline,eurozone,USDC
495,0.9454614973672272,6174324704473.725,922,S0_baseline,eurozone,USDC
496,0.92366864396929,6174316490286.525,922,S0_baseline,eurozone,USDC
497,0.9178954609849572,6174302618618.991,922,S0_baseline,eurozone,USDC
498,0.9332158770808012,6174286788602.023,922,S0_baseline,eurozone,USDC
499,0.9677908162899191,6174276571394.446,922,S0_baseline,eurozone,USDC
500,0.9521255038860466,6174276247561.4,922,S0_baseline,eurozone,USDC
501,0.956720289839423,6174271383779.473,922,S0_baseline,eurozone,USDC
502,0.9534632300455868,6174268273854.351,922,S0_baseline,eurozone,USDC
503,0.9333424889920166,6174263915237.637,922,S0_baseline,eurozone,USDC
504,0.9418139578534463,6174253941551.317,922,S0_baseline,eurozone,USDC
505,0.9348762077807673,6174247324216.701,922,S0_baseline,eurozone,USDC
506,0.9357199861533047,6174238644937.018,922,S0_baseline,eurozone,USDC
507,0.9663496913311613,6174230211172.331,922,S0_baseline,eurozone,USDC
508,0.9885374541744084,6174229344840.54,922,S0_baseline,eurozone,USDC
509,0.9817267472583853,6174229344840.54,922,S0_baseline,eurozone,USDC
510,0.9602661222943003,6174229344840.54,922,S0_baseline,eurozone,USDC
511,0.9752413188024576,6174227357085.689,922,S0_baseline,eurozone,USDC
512,0.9496733139974728,6174227357085.689,922,S0_baseline,eurozone,USDC
513,0.9631726015249495,6174222986900.743,922,S0_baseline,eurozone,USDC
514,0.951195726927798,6174221840695.533,922,S0_baseline,eurozone,USDC
515,0.9563771300709283,6174218098206.54,922,S0_baseline,eurozone,USDC
516,0.9783293657441483,6174215035192.623,922,S0_baseline,eurozone,USDC
517,0.9832596649373289,6174215035192.623,922,S0_baseline,eurozone,USDC
518,0.9705335035524432,6174215035192.623,922,S0_baseline,eurozone,USDC
519,0.9504241013498076,6174215035192.623,922,S0_baseline,eurozone,USDC
520,0.9890452971476287,6174210695494.544,922,S0_baseline,eurozone,USDC
521,1.002243112106515,6174210695494.544,922,S0_baseline,eurozone,USDC
522,0.993804705816443,6174210695494.544,922,S0_baseline,eurozone,USDC
523,0.9991974777131825,6174210695494.544,922,S0_baseline,eurozone,USDC
524,1.0210508456517162,6174210695494.544,922,S0_baseline,eurozone,USDC
525,1.0126605150161943,6174210695494.544,922,S0_baseline,eurozone,USDC
526,0.9929336173988274,6174210695494.544,922,S0_baseline,eurozone,USDC
527,0.9801812844735782,6174210695494.544,922,S0_baseline,eurozone,USDC
528,0.9867672436628221,6174210695494.544,922,S0_baseline,eurozone,USDC
529,0.9777295613130783,6174210695494.544,922,S0_baseline,eurozone,USDC
530,0.9800652966803107,6174210695494.544,922,S0_baseline,eurozone,USDC
531,1.006307540147964,6174210695494.544,922,S0_baseline,eurozone,USDC
532,1.0436916850271252,6174210695494.544,922,S0_baseline,eurozone,USDC
533,1.0650818074871005,6174210695494.544,922,S0_baseline,eurozone,USDC
534,1.0476888870495082,6174210695494.544,922,S0_baseline,eurozone,USDC
535,1.0376591878780952,6174210695494.544,922,S0_baseline,eurozone,USDC
536,1.0090919680801416,6174210695494.544,922,S0_baseline,eurozone,USDC
537,1.0008555384234996,6174210695494.544,922,S0_baseline,eurozone,USDC
538,0.9949118357357486,6174210695494.544,922,S0_baseline,eurozone,USDC
539,0.9911061544741819,6174210695494.544,922,S0_baseline,eurozone,USDC
540,0.9964156034762214,6174210695494.544,922,S0_baseline,eurozone,USDC
541,0.9949594334347771,6174210695494.544,922,S0_baseline,eurozone,USDC
542,0.9997504496933105,6174210695494.544,922,S0_baseline,eurozone,USDC
543,0.9794500622582856,6174210695494.544,922,S0_baseline,eurozone,USDC
544,0.9636448230465949,6174210695494.544,922,S0_baseline,eurozone,USDC
545,0.9580833752906419,6174209447238.797,922,S0_baseline,eurozone,USDC
546,0.9814269345532639,6174207175560.785,922,S0_baseline,eurozone,USDC
547,1.0129830061265164,6174207175560.785,922,S0_baseline,eurozone,USDC
548,1.0186493015241738,6174207175560.785,922,S0_baseline,eurozone,USDC
549,1.0121951531977362,6174207175560.785,922,S0_baseline,eurozone,USDC
550,1.0172103406616353,6174207175560.785,922,S0_baseline,eurozone,USDC
551,1.0311483852386043,6174207175560.785,922,S0_baseline,eurozone,USDC
552,1.0195530123438319,6174207175560.785,922,S0_baseline,eurozone,USDC
553,1.0187920445575138,6174207175560.785,922,S0_baseline,eurozone,USDC
554,1.0113830935949089,6174207175560.785,922,S0_baseline,eurozone,USDC
555,1.0288892976616935,6174207175560.785,922,S0_baseline,eurozone,USDC
556,1.0582210201581677,6174207175560.785,922,S0_baseline,eurozone,USDC
557,1.03762396638618,6174207175560.785,922,S0_baseline,eurozone,USDC
558,1.0169263353136224,6174207175560.785,922,S0_baseline,eurozone,USDC
559,0.9900227454123918,6174207175560.785,922,S0_baseline,eurozone,USDC
560,0.9993832400906966,6174207175560.785,922,S0_baseline,eurozone,USDC
561,0.9922709907873848,6174207175560.785,922,S0_baseline,eurozone,USDC
562,0.9947430107619624,6174207175560.785,922,S0_baseline,eurozone,USDC
563,0.9954862740021541,6174207175560.785,922,S0_baseline,eurozone,USDC
564,0.9742520639608722,6174207175560.785,922,S0_baseline,eurozone,USDC
565,0.9973708332140676,6174207175560.785,922,S0_baseline,eurozone,USDC
566,0.9923383237986129,6174207175560.785,922,S0_baseline,eurozone,USDC
567,1.0323891552361042,6174207175560.785,922,S0_baseline,eurozone,USDC
568,1.0356472102134597,6174207175560.785,922,S0_baseline,eurozone,USDC
569,1.03619946978197,6174207175560.785,922,S0_baseline,eurozone,USDC
570,1.0126713172441784,6174207175560.785,922,S0_baseline,eurozone,USDC
571,0.9983648647304693,6174207175560.785,922,S0_baseline,eurozone,USDC
572,0.9944089995882918,6174207175560.785,922,S0_baseline,eurozone,USDC
573,1.0084635373373565,6174207175560.785,922,S0_baseline,eurozone,USDC
574,0.9974150939491625,6174207175560.785,922,S0_baseline,eurozone,USDC
575,1.0384824348699475,6174207175560.785,922,S0_baseline,eurozone,USDC
576,1.0174639873323157,6174207175560.785,922,S0_baseline,eurozone,USDC
577,0.9944150945896224,6174207175560.785,922,S0_baseline,eurozone,USDC
578,0.9623117172703461,6174207175560.785,922,S0_baseline,eurozone,USDC
579,0.9736001340749799,6174205802672.055,922,S0_baseline,eurozone,USDC
580,0.9456837732347754,6174205802672.055,922,S0_baseline,eurozone,USDC
581,0.9541514377620836,6174201219761.525,922,S0_baseline,eurozone,USDC
582,0.9480853804583782,6174198248958.057,922,S0_baseline,eurozone,USDC
583,0.9416873101870467,6174193770040.025,922,S0_baseline,eurozone,USDC
584,0.9481759176825001,6174188503874.627,922,S0_baseline,eurozone,USDC
585,0.9675576728296995,6174184262715.785,922,S0_baseline,eurozone,USDC
586,0.9745630947748858,6174184106907.258,922,S0_baseline,eurozone,USDC
587,0.9831581844926193,6174184106907.258,922,S0_baseline,eurozone,USDC
588,0.9907104337954217,6174184106907.258,922,S0_baseline,eurozone,USDC
589,0.9978636307880239,6174184106907.258,922,S0_baseline,eurozone,USDC
590,0.9994929306641073,6174184106907.258,922,S0_baseline,eurozone,USDC
591,1.011634671266237,6174184106907.258,922,S0_baseline,eurozone,USDC
592,1.0419770531044692,6174184106907.258,922,S0_baseline,eurozone,USDC
593,1.0258330572337138,6174184106907.258,922,S0_baseline,eurozone,USDC
594,1.0446729974509488,6174184106907.258,922,S0_baseline,eurozone,USDC
595,1.0403751831647254,6174184106907.258,922,S0_baseline,eurozone,USDC
596,0.9871311190174604,6174184106907.258,922,S0_baseline,eurozone,USDC
597,0.9912883520451155,6174184106907.258,922,S0_baseline,eurozone,USDC
598,0.9996768751304804,6174184106907.258,922,S0_baseline,eurozone,USDC
599,0.9915396155691014,6174184106907.258,922,S0_baseline,eurozone,USDC
600,0.9776510489063834,6174184106907.258,922,S0_baseline,eurozone,USDC
601,0.9599546996421074,6174184106907.258,922,S0_baseline,eurozone,USDC
602,0.9895293960639868,6174182200299.8545,922,S0_baseline,eurozone,USDC
603,0.9884177187923973,6174182200299.8545,922,S0_baseline,eurozone,USDC
604,1.0094509868040868,6174182200299.8545,922,S0_baseline,eurozone,USDC
605,1.037051528632787,6174182200299.8545,922,S0_baseline,eurozone,USDC
606,1.0608973313155827,6174182200299.8545,922,S0_baseline,eurozone,USDC
607,1.0458205942729573,6174182200299.8545,922,S0_baseline,eurozone,USDC
608,1.0382634509089568,6174182200299.8545,922,S0_baseline,eurozone,USDC
609,1.0192787895257995,6174182200299.8545,922,S0_baseline,eurozone,USDC
610,1.0103448681370666,6174182200299.8545,922,S0_baseline,eurozone,USDC
611,1.003156991835966,6174182200299.8545,922,S0_baseline,eurozone,USDC
612,1.0108471104149201,6174182200299.8545,922,S0_baseline,eurozone,USDC
613,1.0291112687811634,6174182200299.8545,922,S0_baseline,eurozone,USDC
614,1.0478330744424393,6174182200299.8545,922,S0_baseline,eurozone,USDC
615,1.0923532210447735,6174182200299.8545,922,S0_baseline,eurozone,USDC
616,1.0845973156207667,6174182200299.8545,922,S0_baseline,eurozone,USDC
617,1.0744873044615062,6174182200299.8545,922,S0_baseline,eurozone,USDC
618,1.0905355745268193,6174182200299.8545,922,S0_baseline,eurozone,USDC
619,1.0820179240831174,6174182200299.8545,922,S0_baseline,eurozone,USDC
620,1.0685777766420654,6174182200299.8545,922,S0_baseline,eurozone,USDC
621,1.0558429801054363,6174182200299.8545,922,S0_baseline,eurozone,USDC
622,1.0736556413855824,6174182200299.8545,922,S0_baseline,eurozone,USDC
623,1.0664033646059001,6174182200299.8545,922,S0_baseline,eurozone,USDC
624,1.044458380531324,6174182200299.8545,922,S0_baseline,eurozone,USDC
625,1.0017859717727007,6174182200299.8545,922,S0_baseline,eurozone,USDC
626,0.9918128259752772,6174182200299.8545,922,S0_baseline,eurozone,USDC
627,0.9813112325910744,6174182200299.8545,922,S0_baseline,eurozone,USDC
628,0.9717811336604361,6174182200299.8545,922,S0_baseline,eurozone,USDC
629,1.0020898751887435,6174182200299.8545,922,S0_baseline,eurozone,USDC
630,0.9876534776186702,6174182200299.8545,922,S0_baseline,eurozone,USDC
631,0.9721180032760814,6174182200299.8545,922,S0_baseline,eurozone,USDC
632,0.9413243062658896,6174182200299.8545,922,S0_baseline,eurozone,USDC
633,0.9287920684845832,6174177181288.564,922,S0_baseline,eurozone,USDC
634,0.9365069502848893,6174170304547.584,922,S0_baseline,eurozone,USDC
635,0.938371947885539,6174164796005.417,922,S0_baseline,eurozone,USDC
636,0.9509283119712318,6174159946135.514,922,S0_baseline,eurozone,USDC
637,0.9637468167203522,6174157205927.828,922,S0_baseline,eurozone,USDC
638,0.9859530767505092,6174156486261.113,922,S0_baseline,eurozone,USDC
639,1.0039897546508219,6174156486261.113,922,S0_baseline,eurozone,USDC
640,1.0172182431032264,6174156486261.113,922,S0_baseline,eurozone,USDC
641,0.9899011257957793,6174156486261.113,922,S0_baseline,eurozone,USDC
642,0.9789436042293425,6174156486261.113,922,S0_baseline,eurozone,USDC
643,0.9727319543652033,6174156486261.113,922,S0_baseline,eurozone,USDC
644,0.9798877505095935,6174156486261.113,922,S0_baseline,eurozone,USDC
645,0.9847917823986674,6174156486261.113,922,S0_baseline,eurozone,USDC
646,0.9813145668990364,6174156486261.113,922,S0_baseline,eurozone,USDC
647,0.9606514784327012,6174156486261.113,922,S0_baseline,eurozone,USDC
648,0.959157168016708,6174155190110.287,922,S0_baseline,eurozone,USDC
649,0.938572998961247,6174153782089.553,922,S0_baseline,eurozone,USDC
650,0.9201131405196049,6174148963889.588,922,S0_baseline,eurozone,USDC
651,0.9379405404779564,6174141712954.205,922,S0_baseline,eurozone,USDC
652,0.9404728999301464,6174137332322.812,922,S0_baseline,eurozone,USDC
653,0.9611977146259071,6174133433954.876,922,S0_baseline,eurozone,USDC
654,0.9904945327491942,6174132399484.283,922,S0_baseline,eurozone,USDC
655,0.9721584097593775,6174132399484.283,922,S0_baseline,eurozone,USDC
656,0.9792982552268282,6174132399484.283,922,S0_baseline,eurozone,USDC
657,1.0044119008664105,6174132399484.283,922,S0_baseline,eurozone,USDC
658,0.992066573022067,6174132399484.283,922,S0_baseline,eurozone,USDC
659,0.9658442547948777,6174132399484.283,922,S0_baseline,eurozone,USDC
660,0.957416756846101,6174132065351.943,922,S0_baseline,eurozone,USDC
661,0.9708140849079152,6174130352145.309,922,S0_baseline,eurozone,USDC
662,0.9579686107397167,6174130352145.309,922,S0_baseline,eurozone,USDC
663,1.0022880575614628,6174128735323.245,922,S0_baseline,eurozone,USDC
664,0.990613495639006,6174128735323.245,922,S0_baseline,eurozone,USDC
665,0.9503654678600961,6174128735323.245,922,S0_baseline,eurozone,USDC
666,0.8196743559731846,6174126458857.302,922,S0_baseline,eurozone,USDC
667,0.83882483841479,6174107258995.514,922,S0_baseline,eurozone,USDC
668,0.8465657215876522,6174093645241.111,922,S0_baseline,eurozone,USDC
669,0.8588119719509638,6174082225738.304,922,S0_baseline,eurozone,USDC
670,0.8794522677067126,6174072800462.328,922,S0_baseline,eurozone,USDC
671,0.874587340167873,6174066457039.398,922,S0_baseline,eurozone,USDC
672,0.8903266201764448,6174060060544.293,922,S0_baseline,eurozone,USDC
673,0.8970571255211025,6174055239423.145,922,S0_baseline,eurozone,USDC
674,0.8832756714550617,6174051085482.619,922,S0_baseline,eurozone,USDC
675,0.9296339740840709,6174046622808.168,922,S0_baseline,eurozone,USDC
676,0.9113407805260283,6174044737940.799,922,S0_baseline,eurozone,USDC
677,0.9028956334000167,6174042167078.066,922,S0_baseline,eurozone,USDC
678,0.9035319981050478,6174039319813.128,922,S0_baseline,eurozone,USDC
679,0.8924729978210183,6174036625473.526,922,S0_baseline,eurozone,USDC
680,0.9066022551746725,6174033698191.912,922,S0_baseline,eurozone,USDC
681,0.8874776871676952,6174031657962.412,922,S0_baseline,eurozone,USDC
682,0.9190370138638324,6174028964675.527,922,S0_baseline,eurozone,USDC
683,0.9416715750836319,6174027482531.924,922,S0_baseline,eurozone,USDC
684,0.9870064395138696,6174026707090.724,922,S0_baseline,eurozone,USDC
685,1.0007763727043948,6174026707090.724,922,S0_baseline,eurozone,USDC
686,1.0443360756022404,6174026707090.724,922,S0_baseline,eurozone,USDC
687,1.0296815320370467,6174026707090.724,922,S0_baseline,eurozone,USDC
688,1.0148654630127156,6174026707090.724,922,S0_baseline,eurozone,USDC
689,1.0307120323486298,6174026707090.724,922,S0_baseline,eurozone,USDC
690,1.0143554911082195,6174026707090.724,922,S0_baseline,eurozone,USDC
691,1.0125623746504957,6174026707090.724,922,S0_baseline,eurozone,USDC
692,0.9854940044337198,6174026707090.724,922,S0_baseline,eurozone,USDC
693,0.9975783821173367,6174026707090.724,922,S0_baseline,eurozone,USDC
694,1.0019639878392723,6174026707090.724,922,S0_baseline,eurozone,USDC
695,1.00242931304719,6174026707090.724,922,S0_baseline,eurozone,USDC
696,0.9803900323832756,6174026707090.724,922,S0_baseline,eurozone,USDC
697,0.9538630542831282,6174026707090.724,922,S0_baseline,eurozone,USDC
698,0.9424035947576156,6174026305263.984,922,S0_baseline,eurozone,USDC
699,0.9606406261937964,6174025556881.794,922,S0_baseline,eurozone,USDC
700,1.012741439300132,6174025310287.557,922,S0_baseline,eurozone,USDC
701,1.0272143663514222,6174025310287.557,922,S0_baseline,eurozone,USDC
702,1.0359522989324843,6174025310287.557,922,S0_baseline,eurozone,USDC
703,1.001098255550133,6174025310287.557,922,S0_baseline,eurozone,USDC
704,0.9892552979359794,6174025310287.557,922,S0_baseline,eurozone,USDC
705,0.9976986490793294,6174025310287.557,922,S0_baseline,eurozone,USDC
706,0.999137467102499,6174025310287.557,922,S0_baseline,eurozone,USDC
707,1.0035506737518867,6174025310287.557,922,S0_baseline,eurozone,USDC
708,0.9934832359669511,6174025310287.557,922,S0_baseline,eurozone,USDC
709,1.0380415175637663,6174025310287.557,922,S0_baseline,eurozone,USDC
710,1.05163837873968,6174025310287.557,922,S0_baseline,eurozone,USDC
711,1.0952450855198985,6174025310287.557,922,S0_baseline,eurozone,USDC
712,1.1382673726120562,6174025310287.557,922,S0_baseline,eurozone,USDC
713,1.1457142746054754,6174025310287.557,922,S0_baseline,eurozone,USDC
714,1.1316667854681244,6174025310287.557,922,S0_baseline,eurozone,USDC
715,1.0921244885193129,6174025310287.557,922,S0_baseline,eurozone,USDC
716,0.9225936843248896,6174025310287.557,922,S0_baseline,eurozone,USDC
717,0.9693423789617742,6174024073310.771,922,S0_baseline,eurozone,USDC
718,0.9571713018143178,6174024067770.927,922,S0_baseline,eurozone,USDC
719,0.9531413438890223,6174023784569.741,922,S0_baseline,eurozone,USDC
720,0.9622129939611199,6174023371192.544,922,S0_baseline,eurozone,USDC
721,0.9607696256323233,6174023198994.415,922,S0_baseline,eurozone,USDC
722,0.9707805351874318,6174023009627.503,922,S0_baseline,eurozone,USDC
723,0.9523406310650951,6174023009627.503,922,S0_baseline,eurozone,USDC
724,0.974387039265723,6174022590724.924,922,S0_baseline,eurozone,USDC
725,0.9564704792185286,6174022590724.924,922,S0_baseline,eurozone,USDC
726,0.9645282155049221,6174022309112.841,922,S0_baseline,eurozone,USDC
727,0.9252670555710093,6174022183266.802,922,S0_baseline,eurozone,USDC
728,0.924546313174318,6174021160253.563,922,S0_baseline,eurozone,USDC
729,0.9149517456113502,6174020223803.586,922,S0_baseline,eurozone,USDC
730,0.9481140960572861,6174019164746.756,922,S0_baseline,eurozone,USDC
731,0.9602673711489281,6174018749733.06,922,S0_baseline,eurozone,USDC
732,0.983888992554729,6174018561605.025,922,S0_baseline,eurozone,USDC
733,1.0245570855446013,6174018561605.025,922,S0_baseline,eurozone,USDC
734,1.008947330398839,6174018561605.025,922,S0_baseline,eurozone,USDC
735,1.001980078206568,6174018561605.025,922,S0_baseline,eurozone,USDC
736,1.0506743301955181,6174018561605.025,922,S0_baseline,eurozone,USDC
737,1.0282056480622863,6174018561605.025,922,S0_baseline,eurozone,USDC
738,1.041024956807728,6174018561605.025,922,S0_baseline,eurozone,USDC
739,1.0244500308466988,6174018561605.025,922,S0_baseline,eurozone,USDC
740,1.0322803452886795,6174018561605.025,922,S0_baseline,eurozone,USDC
741,1.0146965200635072,6174018561605.025,922,S0_baseline,eurozone,USDC
742,0.9929317697709426,6174018561605.025,922,S0_baseline,eurozone,USDC
743,0.9672147987662656,6174018561605.025,922,S0_baseline,eurozone,USDC
744,0.9857478733293081,6174018508308.319,922,S0_baseline,eurozone,USDC
745,0.9697370842350229,6174018508308.319,922,S0_baseline,eurozone,USDC
746,0.9794906532020571,6174018506648.827,922,S0_baseline,eurozone,USDC
747,0.9904007659930645,6174018506648.827,922,S0_baseline,eurozone,USDC
748,1.0111877277116181,6174018506648.827,922,S0_baseline,eurozone,USDC
749,0.9894681047540189,6174018506648.827,922,S0_baseline,eurozone,USDC
750,0.994592799763157,6174018506648.827,922,S0_baseline,eurozone,USDC
751,0.9858050207038148,6174018506648.827,922,S0_baseline,eurozone,USDC
752,0.9851147712425701,6174018506648.827,922,S0_baseline,eurozone,USDC
753,1.0100070745158214,6174018506648.827,922,S0_baseline,eurozone,USDC
754,0.9908422075587541,6174018506648.827,922,S0_baseline,eurozone,USDC
755,1.0075859818684474,6174018506648.827,922,S0_baseline,eurozone,USDC
756,1.02515214402641,6174018506648.827,922,S0_baseline,eurozone,USDC
757,1.0110479111266801,6174018506648.827,922,S0_baseline,eurozone,USDC
758,1.0002044823078708,6174018506648.827,922,S0_baseline,eurozone,USDC
759,0.9926431148377974,6174018506648.827,922,S0_baseline,eurozone,USDC
760,1.0146735244481875,6174018506648.827,922,S0_baseline,eurozone,USDC
761,1.0210862783143457,6174018506648.827,922,S0_baseline,eurozone,USDC
762,0.9659448727145371,6174018506648.827,922,S0_baseline,eurozone,USDC
763,0.9654466657013873,6174018439976.331,922,S0_baseline,eurozone,USDC
764,0.943848875182962,6174018353416.148,922,S0_baseline,eurozone,USDC
765,0.9551538284675389,6174017894221.896,922,S0_baseline,eurozone,USDC
766,0.9676549976738703,6174017648023.678,922,S0_baseline,eurozone,USDC
767,0.9369419682208828,6174017605359.083,922,S0_baseline,eurozone,USDC
768,0.9435262939292527,6174017062585.314,922,S0_baseline,eurozone,USDC
769,0.9575459395661855,6174016646574.493,922,S0_baseline,eurozone,USDC
770,0.9794600119619696,6174016445246.93,922,S0_baseline,eurozone,USDC
771,1.0038891297023973,6174016445246.93,922,S0_baseline,eurozone,USDC
772,1.0145661276668736,6174016445246.93,922,S0_baseline,eurozone,USDC
773,1.0271683250721364,6174016445246.93,922,S0_baseline,eurozone,USDC
774,1.010082264420296,6174016445246.93,922,S0_baseline,eurozone,USDC
775,0.9965072036052834,6174016445246.93,922,S0_baseline,eurozone,USDC
776,0.9834734470870482,6174016445246.93,922,S0_baseline,eurozone,USDC
777,1.0026283407955123,6174016445246.93,922,S0_baseline,eurozone,USDC
778,1.0029188391653763,6174016445246.93,922,S0_baseline,eurozone,USDC
779,0.9827933522609169,6174016445246.93,922,S0_baseline,eurozone,USDC
780,0.9941498742234522,6174016445246.93,922,S0_baseline,eurozone,USDC
781,1.0022474096341871,6174016445246.93,922,S0_baseline,eurozone,USDC
782,0.9927394885006082,6174016445246.93,922,S0_baseline,eurozone,USDC
783,0.9853007731059302,6174016445246.93,922,S0_baseline,eurozone,USDC
784,0.9538248048434187,6174016445246.93,922,S0_baseline,eurozone,USDC
785,0.9645368161038917,6174016197236.303,922,S0_baseline,eurozone,USDC
786,0.9922695051701419,6174016135619.6,922,S0_baseline,eurozone,USDC
787,0.9973130845738966,6174016135619.6,922,S0_baseline,eurozone,USDC
788,1.0377435244806912,6174016135619.6,922,S0_baseline,eurozone,USDC
789,1.0415504468473142,6174016135619.6,922,S0_baseline,eurozone,USDC
790,1.064452795621903,6174016135619.6,922,S0_baseline,eurozone,USDC
791,1.0352331551015213,6174016135619.6,922,S0_baseline,eurozone,USDC
792,1.055461854481422,6174016135619.6,922,S0_baseline,eurozone,USDC
793,1.0317972574351733,6174016135619.6,922,S0_baseline,eurozone,USDC
794,1.026777143919262,6174016135619.6,922,S0_baseline,eurozone,USDC
795,1.034743250725099,6174016135619.6,922,S0_baseline,eurozone,USDC
796,1.0051241399824515,6174016135619.6,922,S0_baseline,eurozone,USDC
797,1.0229096427901208,6174016135619.6,922,S0_baseline,eurozone,USDC
798,0.9954889027372953,6174016135619.6,922,S0_baseline,eurozone,USDC
799,0.9637891369155178,6174016135619.6,922,S0_baseline,eurozone,USDC
800,0.9669592175117163,6174016062421.775,922,S0_baseline,eurozone,USDC
801,0.9610361148770351,6174016039425.3,922,S0_baseline,eurozone,USDC
802,0.9609115572907777,6174015912811.72,922,S0_baseline,eurozone,USDC
803,0.9563151196548193,6174015763716.175,922,S0_baseline,eurozone,USDC
804,0.9459723772159101,6174015576816.416,922,S0_baseline,eurozone,USDC
805,0.9649283186125808,6174015205229.462,922,S0_baseline,eurozone,USDC
806,0.9768387708065456,6174015125728.349,922,S0_baseline,eurozone,USDC
807,0.9827313498244555,6174015125728.349,922,S0_baseline,eurozone,USDC
808,1.0060910449961382,6174015125728.349,922,S0_baseline,eurozone,USDC
809,1.0227499703072016,6174015125728.349,922,S0_baseline,eurozone,USDC
810,1.0560974589953451,6174015125728.349,922,S0_baseline,eurozone,USDC
811,1.0483738942087841,6174015125728.349,922,S0_baseline,eurozone,USDC
812,1.0541571694926968,6174015125728.349,922,S0_baseline,eurozone,USDC
813,1.06396033684065,6174015125728.349,922,S0_baseline,eurozone,USDC
814,1.0700868599445073,6174015125728.349,922,S0_baseline,eurozone,USDC
815,1.0931357562758381,6174015125728.349,922,S0_baseline,eurozone,USDC
816,1.0856301646994613,6174015125728.349,922,S0_baseline,eurozone,USDC
817,1.0468795939271829,6174015125728.349,922,S0_baseline,eurozone,USDC
818,1.0788250084647673,6174015125728.349,922,S0_baseline,eurozone,USDC
819,1.0478308021618221,6174015125728.349,922,S0_baseline,eurozone,USDC
820,1.0308473929011217,6174015125728.349,922,S0_baseline,eurozone,USDC
821,1.0068462068880673,6174015125728.349,922,S0_baseline,eurozone,USDC
822,1.0380246014185652,6174015125728.349,922,S0_baseline,eurozone,USDC
823,1.01549242198226,6174015125728.349,922,S0_baseline,eurozone,USDC
824,1.0212649693313098,6174015125728.349,922,S0_baseline,eurozone,USDC
825,1.0064433929276244,6174015125728.349,922,S0_baseline,eurozone,USDC
826,1.0045984055614134,6174015125728.349,922,S0_baseline,eurozone,USDC
827,1.0226723728114395,6174015125728.349,922,S0_baseline,eurozone,USDC
828,1.0067109030160604,6174015125728.349,922,S0_baseline,eurozone,USDC
829,1.0264926708133775,6174015125728.349,922,S0_baseline,eurozone,USDC
830,1.0306522649616876,6174015125728.349,922,S0_baseline,eurozone,USDC
831,1.0373928797213632,6174015125728.349,922,S0_baseline,eurozone,USDC
832,1.0412517642320078,6174015125728.349,922,S0_baseline,eurozone,USDC
833,0.9809677388429857,6174015125728.349,922,S0_baseline,eurozone,USDC
834,0.9896427153540658,6174015125728.349,922,S0_baseline,eurozone,USDC
835,0.9897673451632242,6174015125728.349,922,S0_baseline,eurozone,USDC
836,0.9760538188653841,6174015125728.349,922,S0_baseline,eurozone,USDC
837,0.9761276641662763,6174015125728.349,922,S0_baseline,eurozone,USDC
838,0.9820432898960284,6174015125728.349,922,S0_baseline,eurozone,USDC
839,0.9698256192289898,6174015125728.349,922,S0_baseline,eurozone,USDC
840,0.9596657066092873,6174015123936.705,922,S0_baseline,eurozone,USDC
841,0.9125072791026536,6174014983524.276,922,S0_baseline,eurozone,USDC
842,0.9016786721639857,6174014117712.1455,922,S0_baseline,eurozone,USDC
843,0.9073729018422423,6174013123340.1455,922,S0_baseline,eurozone,USDC
844,0.9042609717825933,6174012317983.314,922,S0_baseline,eurozone,USDC
845,0.9321201896437342,6174011503210.43,922,S0_baseline,eurozone,USDC
846,0.9300781342374983,6174011053994.522,922,S0_baseline,eurozone,USDC
847,0.9259722286331608,6174010599050.1045,922,S0_baseline,eurozone,USDC
848,0.949005887303899,6174010117964.997,922,S0_baseline,eurozone,USDC
849,0.9768988983754675,6174009907778.066,922,S0_baseline,eurozone,USDC
850,1.0302000771852562,6174009907778.066,922,S0_baseline,eurozone,USDC
851,1.0360867029620262,6174009907778.066,922,S0_baseline,eurozone,USDC
852,1.0798117296503664,6174009907778.066,922,S0_baseline,eurozone,USDC
853,1.0623477055669237,6174009907778.066,922,S0_baseline,eurozone,USDC
854,1.0500168085209376,6174009907778.066,922,S0_baseline,eurozone,USDC
855,1.0327825281604488,6174009907778.066,922,S0_baseline,eurozone,USDC
856,1.0313186365988911,6174009907778.066,922,S0_baseline,eurozone,USDC
857,1.0337359816154505,6174009907778.066,922,S0_baseline,eurozone,USDC
858,1.0297716700255175,6174009907778.066,922,S0_baseline,eurozone,USDC
859,1.0403120053651203,6174009907778.066,922,S0_baseline,eurozone,USDC
860,1.00033135000424,6174009907778.066,922,S0_baseline,eurozone,USDC
861,0.9960396745789206,6174009907778.066,922,S0_baseline,eurozone,USDC
862,1.0187374666226168,6174009907778.066,922,S0_baseline,eurozone,USDC
863,1.007346864811605,6174009907778.066,922,S0_baseline,eurozone,USDC
864,1.0442180245830963,6174009907778.066,922,S0_baseline,eurozone,USDC
865,1.0238246570484244,6174009907778.066,922,S0_baseline,eurozone,USDC
866,1.0186485918159467,6174009907778.066,922,S0_baseline,eurozone,USDC
867,1.0643083371871762,6174009907778.066,922,S0_baseline,eurozone,USDC
868,1.0295596958958466,6174009907778.066,922,S0_baseline,eurozone,USDC
869,1.0239340444139964,6174009907778.066,922,S0_baseline,eurozone,USDC
870,1.0042408368311933,6174009907778.066,922,S0_baseline,eurozone,USDC
871,0.9869301362759282,6174009907778.066,922,S0_baseline,eurozone,USDC
872,0.9760651142651807,6174009907778.066,922,S0_baseline,eurozone,USDC
873,1.0198309638613126,6174009907778.066,922,S0_baseline,eurozone,USDC
874,0.9993409232324986,6174009907778.066,922,S0_baseline,eurozone,USDC
875,0.9642033226902569,6174009907778.066,922,S0_baseline,eurozone,USDC
876,0.9547623543709616,6174009860638.772,922,S0_baseline,eurozone,USDC
877,0.948301899715689,6174009705738.855,922,S0_baseline,eurozone,USDC
878,0.9272341457103014,6174009505715.246,922,S0_baseline,eurozone,USDC
879,0.8775544304662104,6174009098702.014,922,S0_baseline,eurozone,USDC
880,0.8972531121934313,6174008269473.671,922,S0_baseline,eurozone,USDC
881,0.7795931118124778,6174007663845.446,922,S0_baseline,eurozone,USDC
882,0.8077788156774262,6174006246535.398,922,S0_baseline,eurozone,USDC
883,0.8182703048623716,6174005243410.75,922,S0_baseline,eurozone,USDC
884,0.8253214114798925,6174004472341.736,922,S0_baseline,eurozone,USDC
885,0.8251099838139222,6174003818764.25,922,S0_baseline,eurozone,USDC
886,0.8544572165148415,6174003259972.906,922,S0_baseline,eurozone,USDC
887,0.8967164569331241,6174002887895.164,922,S0_baseline,eurozone,USDC
888,0.9199014836107917,6174002685089.403,922,S0_baseline,eurozone,USDC
889,0.912146383915483,6174002553716.709,922,S0_baseline,eurozone,USDC
890,0.907429830934152,6174002412970.23,922,S0_baseline,eurozone,USDC
891,0.952638041481716,6174002264920.594,922,S0_baseline,eurozone,USDC
892,0.9814773018054759,6174002226234.631,922,S0_baseline,eurozone,USDC
893,0.9745775962977739,6174002226234.631,922,S0_baseline,eurozone,USDC
894,1.0079267805066818,6174002226234.631,922,S0_baseline,eurozone,USDC
895,0.9485990567289264,6174002226234.631,922,S0_baseline,eurozone,USDC
896,0.9367225083276743,6174002179038.655,922,S0_baseline,eurozone,USDC
897,0.9593638405153039,6174002104283.046,922,S0_baseline,eurozone,USDC
898,0.9479798067761237,6174002085617.076,922,S0_baseline,eurozone,USDC
899,0.9775821466646046,6174002043863.487,922,S0_baseline,eurozone,USDC
900,0.9857069028392923,6174002043863.487,922,S0_baseline,eurozone,USDC
901,1.0174268223250336,6174002043863.487,922,S0_baseline,eurozone,USDC
902,1.0145118742713604,6174002043863.487,922,S0_baseline,eurozone,USDC
903,1.0153363476487924,6174002043863.487,922,S0_baseline,eurozone,USDC
904,0.9946994670351571,6174002043863.487,922,S0_baseline,eurozone,USDC
905,0.9706157629028512,6174002043863.487,922,S0_baseline,eurozone,USDC
906,0.9822292638280525,6174002043863.487,922,S0_baseline,eurozone,USDC
907,1.0227662546519576,6174002043863.487,922,S0_baseline,eurozone,USDC
908,1.050850926170652,6174002043863.487,922,S0_baseline,eurozone,USDC
909,1.0435163005307921,6174002043863.487,922,S0_baseline,eurozone,USDC
910,1.0637450334239693,6174002043863.487,922,S0_baseline,eurozone,USDC
911,1.0532070450138702,6174002043863.487,922,S0_baseline,eurozone,USDC
912,1.0569173526093438,6174002043863.487,922,S0_baseline,eurozone,USDC
913,1.039199121626027,6174002043863.487,922,S0_baseline,eurozone,USDC
914,1.068125710595076,6174002043863.487,922,S0_baseline,eurozone,USDC
915,1.0602092196073112,6174002043863.487,922,S0_baseline,eurozone,USDC
916,1.0523414080547944,6174002043863.487,922,S0_baseline,eurozone,USDC
917,1.0497537044700957,6174002043863.487,922,S0_baseline,eurozone,USDC
918,1.0670194778583566,6174002043863.487,922,S0_baseline,eurozone,USDC
919,1.035421457295036,6174002043863.487,922,S0_baseline,eurozone,USDC
920,1.0061980485677264,6174002043863.487,922,S0_baseline,eurozone,USDC
921,1.0441160360111486,6174002043863.487,922,S0_baseline,eurozone,USDC
922,1.0361808861945063,6174002043863.487,922,S0_baseline,eurozone,USDC
923,1.000141387216741,6174002043863.487,922,S0_baseline,eurozone,USDC
924,1.0268863754030564,6174002043863.487,922,S0_baseline,eurozone,USDC
925,0.9435720373120479,6174002043863.487,922,S0_baseline,eurozone,USDC
926,0.9518996653801395,6174001992111.969,922,S0_baseline,eurozone,USDC
927,0.9509965775504906,6174001959878.123,922,S0_baseline,eurozone,USDC
928,0.988748145154084,6174001923144.412,922,S0_baseline,eurozone,USDC
929,0.9871259807590043,6174001923144.412,922,S0_baseline,eurozone,USDC
930,0.9512289456121061,6174001923144.412,922,S0_baseline,eurozone,USDC
931,0.9450038993966691,6174001885928.486,922,S0_baseline,eurozone,USDC
932,0.9387376629890243,6174001842675.988,922,S0_baseline,eurozone,USDC
933,0.9018294365673928,6174001787144.392,922,S0_baseline,eurozone,USDC
934,0.8921912423694359,6174001664500.199,922,S0_baseline,eurozone,USDC
935,0.8906688096713579,6174001534089.343,922,S0_baseline,eurozone,USDC
936,0.8823749403468303,6174001417269.814,922,S0_baseline,eurozone,USDC
937,0.8969577141505249,6174001292052.401,922,S0_baseline,eurozone,USDC
938,0.8943958084332488,6174001197068.77,922,S0_baseline,eurozone,USDC
939,0.9089152935839808,6174001108144.898,922,S0_baseline,eurozone,USDC
940,0.9200208010230426,6174001043563.504,922,S0_baseline,eurozone,USDC
941,0.9491831817375171,6174000994096.186,922,S0_baseline,eurozone,USDC
942,0.9648397620219836,6174000972762.247,922,S0_baseline,eurozone,USDC
943,0.947976780527745,6174000969350.332,922,S0_baseline,eurozone,USDC
944,0.9625187265850456,6174000949071.078,922,S0_baseline,eurozone,USDC
945,0.9395288251641388,6174000942363.945,922,S0_baseline,eurozone,USDC
946,0.9565456376046133,6174000913743.752,922,S0_baseline,eurozone,USDC
947,0.9471019675317112,6174000902430.123,922,S0_baseline,eurozone,USDC
948,0.9464390403718472,6174000882754.976,922,S0_baseline,eurozone,USDC
949,0.9971294389173754,6174000862136.541,922,S0_baseline,eurozone,USDC
950,0.9754546021967013,6174000862136.541,922,S0_baseline,eurozone,USDC
951,0.9823694839013905,6174000862136.541,922,S0_baseline,eurozone,USDC
952,1.0018237820150686,6174000862136.541,922,S0_baseline,eurozone,USDC
953,0.9955015670828374,6174000862136.541,922,S0_baseline,eurozone,USDC
954,1.010019517927425,6174000862136.541,922,S0_baseline,eurozone,USDC
955,1.0401882110543554,6174000862136.541,922,S0_baseline,eurozone,USDC
956,1.0476680545791226,6174000862136.541,922,S0_baseline,eurozone,USDC
957,1.0476171393979388,6174000862136.541,922,S0_baseline,eurozone,USDC
958,1.059569613617933,6174000862136.541,922,S0_baseline,eurozone,USDC
959,1.05726826204761,6174000862136.541,922,S0_baseline,eurozone,USDC
960,1.0562909487651897,6174000862136.541,922,S0_baseline,eurozone,USDC
961,1.0644323257706572,6174000862136.541,922,S0_baseline,eurozone,USDC
962,1.054896829045148,6174000862136.541,922,S0_baseline,eurozone,USDC
963,1.0524444614135904,6174000862136.541,922,S0_baseline,eurozone,USDC
964,1.0650255308236662,6174000862136.541,922,S0_baseline,eurozone,USDC
965,1.0561193206104509,6174000862136.541,922,S0_baseline,eurozone,USDC
966,1.0759064581685274,6174000862136.541,922,S0_baseline,eurozone,USDC
967,1.054294167900874,6174000862136.541,922,S0_baseline,eurozone,USDC
968,1.0757835087864396,6174000862136.541,922,S0_baseline,eurozone,USDC
969,1.0695041966031393,6174000862136.541,922,S0_baseline,eurozone,USDC
970,1.086893919738604,6174000862136.541,922,S0_baseline,eurozone,USDC
971,1.091570743584864,6174000862136.541,922,S0_baseline,eurozone,USDC
972,1.0897848614253396,6174000862136.541,922,S0_baseline,eurozone,USDC
973,1.074279517316262,6174000862136.541,922,S0_baseline,eurozone,USDC
974,1.096917997393019,6174000862136.541,922,S0_baseline,eurozone,USDC
975,1.0945560904685665,6174000862136.541,922,S0_baseline,eurozone,USDC
976,1.0940506680071045,6174000862136.541,922,S0_baseline,eurozone,USDC
977,1.0975067567973635,6174000862136.541,922,S0_baseline,eurozone,USDC
978,1.0820469099572676,6174000862136.541,922,S0_baseline,eurozone,USDC
979,1.115050149572537,6174000862136.541,922,S0_baseline,eurozone,USDC
980,1.0846360433421771,6174000862136.541,922,S0_baseline,eurozone,USDC
981,1.074080582562193,6174000862136.541,922,S0_baseline,eurozone,USDC
982,1.109748008429266,6174000862136.541,922,S0_baseline,eurozone,USDC
983,1.0715075291063456,6174000862136.541,922,S0_baseline,eurozone,USDC
984,1.0548453480054183,6174000862136.541,922,S0_baseline,eurozone,USDC
985,1.0585902629861974,6174000862136.541,922,S0_baseline,eurozone,USDC
986,1.071326731781995,6174000862136.541,922,S0_baseline,eurozone,USDC
987,1.0615603164716334,6174000862136.541,922,S0_baseline,eurozone,USDC
988,1.0576431684473495,6174000862136.541,922,S0_baseline,eurozone,USDC
989,1.0553332031198226,6174000862136.541,922,S0_baseline,eurozone,USDC
990,1.0575645922951062,6174000862136.541,922,S0_baseline,eurozone,USDC
991,1.0571378767306576,6174000862136.541,922,S0_baseline,eurozone,USDC
992,1.0466993952405297,6174000862136.541,922,S0_baseline,eurozone,USDC
993,1.0413407558883234,6174000862136.541,922,S0_baseline,eurozone,USDC
994,1.0133704079592376,6174000862136.541,922,S0_baseline,eurozone,USDC
995,1.007578874821103,6174000862136.541,922,S0_baseline,eurozone,USDC
996,1.007471501957799,6174000862136.541,922,S0_baseline,eurozone,USDC
997,0.9700007435146359,6174000862136.541,922,S0_baseline,eurozone,USDC
998,1.00025651606532,6174000862136.541,922,S0_baseline,eurozone,USDC
999,1.0133639260015406,6174000862136.541,922,S0_baseline,eurozone,USDC
1000,1.0162129715510682,6174000862136.541,922,S0_baseline,eurozone,USDC
