Step,price,liquidity,iteration,scenario,region,coin
1,1.011392137147938,7194349993718.723,601,S1_depeg_stablecoin,united_states,USDC
2,1.0044892749931151,7194349993718.723,601,S1_depeg_stablecoin,united_states,USDC
3,0.9982011812741958,7194349993718.723,601,S1_depeg_stablecoin,united_states,USDC
4,0.9884956686098052,7194349993718.723,601,S1_depeg_stablecoin,united_states,USDC
5,0.9895823998394181,7194349993718.723,601,S1_depeg_stablecoin,united_states,USDC
6,0.9917131241507208,7194349993718.723,601,S1_depeg_stablecoin,united_states,USDC
7,1.0065187147446928,7194349993718.723,601,S1_depeg_stablecoin,united_states,USDC
8,1.0112614820317296,7194349993718.723,601,S1_depeg_stablecoin,united_states,USDC
9,1.0337341246450737,7194349993718.723,601,S1_depeg_stablecoin,united_states,USDC
10,1.0647735129779163,7194349993718.723,601,S1_depeg_stablecoin,united_states,USDC
11,1.0413278929203214,7194349993718.723,601,S1_depeg_stablecoin,united_states,USDC
12,1.0697662361295863,7194349993718.723,601,S1_depeg_stablecoin,united_states,USDC
13,1.0823073127092175,7194349993718.723,601,S1_depeg_stablecoin,united_states,USDC
14,1.0805308998006016,7194349993718.723,601,S1_depeg_stablecoin,united_states,USDC
15,1.0551976857944483,7194349993718.723,601,S1_depeg_stablecoin,united_states,USDC
16,1.0830535835185926,7194349993718.723,601,S1_depeg_stablecoin,united_states,USDC
17,1.115866294477485,7194349993718.723,601,S1_depeg_stablecoin,united_states,USDC
18,1.091942392849614,7194349993718.723,601,S1_depeg_stablecoin,united_states,USDC
19,1.105636981135325,7194349993718.723,601,S1_depeg_stablecoin,united_states,USDC
20,1.0855387757477901,7194349993718.723,601,S1_depeg_stablecoin,united_states,USDC
21,1.0818445945505293,7194349993718.723,601,S1_depeg_stablecoin,united_states,USDC
22,1.0590785937302725,7194349993718.723,601,S1_depeg_stablecoin,united_states,USDC
23,1.0558429643138147,7194349993718.723,601,S1_depeg_stablecoin,united_states,USDC
24,1.0446627640684387,7194349993718.723,601,S1_depeg_stablecoin,united_states,USDC
25,1.0481507844354474,7194349993718.723,601,S1_depeg_stablecoin,united_states,USDC
26,1.0790430414645824,7194349993718.723,601,S1_depeg_stablecoin,united_states,USDC
27,1.0995296499909752,7194349993718.723,601,S1_depeg_stablecoin,united_states,USDC
28,1.120420081295145,7194349993718.723,601,S1_depeg_stablecoin,united_states,USDC
29,1.108280510970375,7194349993718.723,601,S1_depeg_stablecoin,united_states,USDC
30,1.0968284191924218,7194349993718.723,601,S1_depeg_stablecoin,united_states,USDC
31,1.0921784867728657,7194349993718.723,601,S1_depeg_stablecoin,united_states,USDC
32,1.1288552678017831,7194349993718.723,601,S1_depeg_stablecoin,united_states,USDC
33,1.0600637305918161,7194349993718.723,601,S1_depeg_stablecoin,united_states,USDC
34,0.9546080824436732,7194349993718.723,601,S1_depeg_stablecoin,united_states,USDC
35,0.9631971096445228,7192139163040.876,601,S1_depeg_stablecoin,united_states,USDC
36,0.9718929096203958,7191265874267.922,601,S1_depeg_stablecoin,united_states,USDC
37,0.9630655982798065,7191265874267.922,601,S1_depeg_stablecoin,united_states,USDC
38,0.9876405959646534,7190442977193.644,601,S1_depeg_stablecoin,united_states,USDC
39,0.8737024208048886,7190442977193.644,601,S1_depeg_stablecoin,united_states,USDC
40,0.9028776964364261,7176747755703.981,601,S1_depeg_stablecoin,united_states,USDC
41,0.882579143317326,7168001251632.094,601,S1_depeg_stablecoin,united_states,USDC
42,0.8814272523324941,7157768268517.801,601,S1_depeg_stablecoin,united_states,USDC
43,0.8851213669639819,7147959679086.195,601,S1_depeg_stablecoin,united_states,USDC
44,0.9143534096665018,7139755615598.699,601,S1_depeg_stablecoin,united_states,USDC
45,0.9329037348463596,7134992089882.347,601,S1_depeg_stablecoin,united_states,USDC
46,0.9330027749493341,7131849080725.146,601,S1_depeg_stablecoin,united_states,USDC
47,0.9682189143766773,7128834275953.299,601,S1_depeg_stablecoin,united_states,USDC
48,0.9599811892360074,7128818738384.17,601,S1_depeg_stablecoin,united_states,USDC
49,0.937873345703836,7128170127856.842,601,S1_depeg_stablecoin,united_states,USDC
50,0.9717490974021074,7125759005913.975,601,S1_depeg_stablecoin,united_states,USDC
51,0.947707859685355,7125759005913.975,601,S1_depeg_stablecoin,united_states,USDC
52,0.9611589198176688,7124161498543.678,601,S1_depeg_stablecoin,united_states,USDC
53,0.9821051457412311,7123587354530.336,601,S1_depeg_stablecoin,united_states,USDC
54,0.9968978729452455,7123587354530.336,601,S1_depeg_stablecoin,united_states,USDC
55,0.9980629299136718,7123587354530.336,601,S1_depeg_stablecoin,united_states,USDC
56,1.0060925694689584,7123587354530.336,601,S1_depeg_stablecoin,united_states,USDC
57,1.0141831891298663,7123587354530.336,601,S1_depeg_stablecoin,united_states,USDC
58,1.014899877490947,7123587354530.336,601,S1_depeg_stablecoin,united_states,USDC
59,1.0355329825169701,7123587354530.336,601,S1_depeg_stablecoin,united_states,USDC
60,1.0602554643192437,7123587354530.336,601,S1_depeg_stablecoin,united_states,USDC
61,1.0387031733894767,7123587354530.336,601,S1_depeg_stablecoin,united_states,USDC
62,1.0247180826439721,7123587354530.336,601,S1_depeg_stablecoin,united_states,USDC
63,1.0577377199719245,7123587354530.336,601,S1_depeg_stablecoin,united_states,USDC
64,1.0473904186907639,7123587354530.336,601,S1_depeg_stablecoin,united_states,USDC
65,1.046866983787637,7123587354530.336,601,S1_depeg_stablecoin,united_states,USDC
66,1.070374044287658,7123587354530.336,601,S1_depeg_stablecoin,united_states,USDC
67,1.0557593251726771,7123587354530.336,601,S1_depeg_stablecoin,united_states,USDC
68,1.0757219978823878,7123587354530.336,601,S1_depeg_stablecoin,united_states,USDC
69,1.07440851907964,7123587354530.336,601,S1_depeg_stablecoin,united_states,USDC
70,1.1050462990166559,7123587354530.336,601,S1_depeg_stablecoin,united_states,USDC
71,1.0939061852613732,7123587354530.336,601,S1_depeg_stablecoin,united_states,USDC
72,1.0740761561950514,7123587354530.336,601,S1_depeg_stablecoin,united_states,USDC
73,1.1006641918156748,7123587354530.336,601,S1_depeg_stablecoin,united_states,USDC
74,1.1017227881390892,7123587354530.336,601,S1_depeg_stablecoin,united_states,USDC
75,1.127316560415712,7123587354530.336,601,S1_depeg_stablecoin,united_states,USDC
76,1.086207277718298,7123587354530.336,601,S1_depeg_stablecoin,united_states,USDC
77,1.069299048136051,7123587354530.336,601,S1_depeg_stablecoin,united_states,USDC
78,1.0588254279407063,7123587354530.336,601,S1_depeg_stablecoin,united_states,USDC
79,1.0550448083884583,7123587354530.336,601,S1_depeg_stablecoin,united_states,USDC
80,1.0234848437036277,7123587354530.336,601,S1_depeg_stablecoin,united_states,USDC
81,1.0117191822565368,7123587354530.336,601,S1_depeg_stablecoin,united_states,USDC
82,1.0284811229422768,7123587354530.336,601,S1_depeg_stablecoin,united_states,USDC
83,1.0164551496941043,7123587354530.336,601,S1_depeg_stablecoin,united_states,USDC
84,1.0073398787258308,7123587354530.336,601,S1_depeg_stablecoin,united_states,USDC
85,1.000900379924831,7123587354530.336,601,S1_depeg_stablecoin,united_states,USDC
86,0.9344656301879384,7123587354530.336,601,S1_depeg_stablecoin,united_states,USDC
87,0.9369842826208953,7121151823346.042,601,S1_depeg_stablecoin,united_states,USDC
88,0.9416582496873466,7118895521702.84,601,S1_depeg_stablecoin,united_states,USDC
89,0.975415176190019,7117098875377.85,601,S1_depeg_stablecoin,united_states,USDC
90,0.9870914929701291,7117098875377.85,601,S1_depeg_stablecoin,united_states,USDC
91,0.971833988979279,7117098875377.85,601,S1_depeg_stablecoin,united_states,USDC
92,0.9924556202577653,7117098875377.85,601,S1_depeg_stablecoin,united_states,USDC
93,0.9879217038273874,7117098875377.85,601,S1_depeg_stablecoin,united_states,USDC
94,0.9922487464715853,7117098875377.85,601,S1_depeg_stablecoin,united_states,USDC
95,0.8495820774077424,7117098875377.85,601,S1_depeg_stablecoin,united_states,USDC
96,0.8482303484631801,7109156359361.648,601,S1_depeg_stablecoin,united_states,USDC
97,0.8924973936978552,7102234112380.826,601,S1_depeg_stablecoin,united_states,USDC
98,0.904589825281409,7098088592358.144,601,S1_depeg_stablecoin,united_states,USDC
99,0.9152365922127927,7095104208156.107,601,S1_depeg_stablecoin,united_states,USDC
100,0.9091280507562715,7092773056291.156,601,S1_depeg_stablecoin,united_states,USDC
101,0.784862737868464,7090177153105.947,601,S1_depeg_stablecoin,united_states,USDC
102,0.7827259975147338,7083017280996.695,601,S1_depeg_stablecoin,united_states,USDC
103,0.8207248064725603,7077076202619.354,601,S1_depeg_stablecoin,united_states,USDC
104,0.8241233118541801,7073045978433.621,601,S1_depeg_stablecoin,united_states,USDC
105,0.8221492270885155,7069632767006.387,601,S1_depeg_stablecoin,united_states,USDC
106,0.8455586898369537,7066870395740.609,601,S1_depeg_stablecoin,united_states,USDC
107,0.8658202602491919,7064750993192.131,601,S1_depeg_stablecoin,united_states,USDC
108,0.8865656648985012,7063303904265.104,601,S1_depeg_stablecoin,united_states,USDC
109,0.8875967041729206,7062265419727.051,601,S1_depeg_stablecoin,united_states,USDC
110,0.9003494950468716,7061276015104.787,601,S1_depeg_stablecoin,united_states,USDC
111,0.9033393407902737,7060547598889.061,601,S1_depeg_stablecoin,united_states,USDC
112,0.9087764924853604,7059846795710.693,601,S1_depeg_stablecoin,united_states,USDC
113,0.9107113791298549,7059262217517.691,601,S1_depeg_stablecoin,united_states,USDC
114,0.9338986546792484,7058731268602.069,601,S1_depeg_stablecoin,united_states,USDC
115,0.7869969438841238,7058419335304.346,601,S1_depeg_stablecoin,united_states,USDC
116,0.7998656484622969,7056955672208.244,601,S1_depeg_stablecoin,united_states,USDC
117,0.8437657819746139,7055865206571.922,601,S1_depeg_stablecoin,united_states,USDC
118,0.8586288712151592,7055162309352.494,601,S1_depeg_stablecoin,united_states,USDC
119,0.8906437856902419,7054609780461.565,601,S1_depeg_stablecoin,united_states,USDC
120,0.9058966593934858,7054269359116.564,601,S1_depeg_stablecoin,united_states,USDC
121,0.9130416119250527,7054016762914.441,601,S1_depeg_stablecoin,united_states,USDC
122,0.9076310260682527,7053817886166.094,601,S1_depeg_stablecoin,united_states,USDC
123,0.9215419863120277,7053594907925.22,601,S1_depeg_stablecoin,united_states,USDC
124,0.9535846276668662,7053437158274.639,601,S1_depeg_stablecoin,united_states,USDC
125,0.9834111632057798,7053389801431.434,601,S1_depeg_stablecoin,united_states,USDC
126,1.0212380057585797,7053389801431.434,601,S1_depeg_stablecoin,united_states,USDC
127,1.050615433055528,7053389801431.434,601,S1_depeg_stablecoin,united_states,USDC
128,1.0236641491942244,7053389801431.434,601,S1_depeg_stablecoin,united_states,USDC
129,0.9951629881318083,7053389801431.434,601,S1_depeg_stablecoin,united_states,USDC
130,0.9765464510101056,7053389801431.434,601,S1_depeg_stablecoin,united_states,USDC
131,0.9822383527244288,7053389801431.434,601,S1_depeg_stablecoin,united_states,USDC
132,0.9865827975748744,7053389801431.434,601,S1_depeg_stablecoin,united_states,USDC
133,0.9811602011397507,7053389801431.434,601,S1_depeg_stablecoin,united_states,USDC
134,0.9694321940682056,7053389801431.434,601,S1_depeg_stablecoin,united_states,USDC
135,0.9810158518050497,7053389801431.434,601,S1_depeg_stablecoin,united_states,USDC
136,1.0147976559144014,7053389801431.434,601,S1_depeg_stablecoin,united_states,USDC
137,0.9896606833664336,7053389801431.434,601,S1_depeg_stablecoin,united_states,USDC
138,1.0146927341447716,7053389801431.434,601,S1_depeg_stablecoin,united_states,USDC
139,1.0114811921852278,7053389801431.434,601,S1_depeg_stablecoin,united_states,USDC
140,0.990108065452328,7053389801431.434,601,S1_depeg_stablecoin,united_states,USDC
141,1.016296669862703,7053389801431.434,601,S1_depeg_stablecoin,united_states,USDC
142,1.0614079238038756,7053389801431.434,601,S1_depeg_stablecoin,united_states,USDC
143,1.0269406390730116,7053389801431.434,601,S1_depeg_stablecoin,united_states,USDC
144,0.9942734347195548,7053389801431.434,601,S1_depeg_stablecoin,united_states,USDC
145,0.9747715344997858,7053389801431.434,601,S1_depeg_stablecoin,united_states,USDC
146,0.9705952161515218,7053389801431.434,601,S1_depeg_stablecoin,united_states,USDC
147,0.9706739586177923,7053389801431.434,601,S1_depeg_stablecoin,united_states,USDC
148,0.9696306368230673,7053389801431.434,601,S1_depeg_stablecoin,united_states,USDC
149,0.9517961871995364,7053389415841.158,601,S1_depeg_stablecoin,united_states,USDC
150,0.9573446835689742,7053332375561.428,601,S1_depeg_stablecoin,united_states,USDC
151,0.987038453466909,7053295649114.954,601,S1_depeg_stablecoin,united_states,USDC
152,0.9638674664224471,7053295649114.954,601,S1_depeg_stablecoin,united_states,USDC
153,0.9831671468659855,7053280682551.924,601,S1_depeg_stablecoin,united_states,USDC
154,0.9945387623464716,7053280682551.924,601,S1_depeg_stablecoin,united_states,USDC
155,0.9951523814727843,7053280682551.924,601,S1_depeg_stablecoin,united_states,USDC
156,0.9947540683917636,7053280682551.924,601,S1_depeg_stablecoin,united_states,USDC
157,0.996395072356832,7053280682551.924,601,S1_depeg_stablecoin,united_states,USDC
158,0.984013181378689,7053280682551.924,601,S1_depeg_stablecoin,united_states,USDC
159,0.9831991600727812,7053280682551.924,601,S1_depeg_stablecoin,united_states,USDC
160,0.9895638111518188,7053280682551.924,601,S1_depeg_stablecoin,united_states,USDC
161,0.978498876699466,7053280682551.924,601,S1_depeg_stablecoin,united_states,USDC
162,0.9782777152094198,7053280682551.924,601,S1_depeg_stablecoin,united_states,USDC
163,0.9732937239549526,7053280682551.924,601,S1_depeg_stablecoin,united_states,USDC
164,1.0059284623956484,7053280682551.924,601,S1_depeg_stablecoin,united_states,USDC
165,1.0315603873478465,7053280682551.924,601,S1_depeg_stablecoin,united_states,USDC
166,1.0429349270933197,7053280682551.924,601,S1_depeg_stablecoin,united_states,USDC
167,1.051541488100959,7053280682551.924,601,S1_depeg_stablecoin,united_states,USDC
168,1.103004555585727,7053280682551.924,601,S1_depeg_stablecoin,united_states,USDC
169,1.0692670172309902,7053280682551.924,601,S1_depeg_stablecoin,united_states,USDC
170,1.0632120139892793,7053280682551.924,601,S1_depeg_stablecoin,united_states,USDC
171,1.0573436063631645,7053280682551.924,601,S1_depeg_stablecoin,united_states,USDC
172,1.045478329716378,7053280682551.924,601,S1_depeg_stablecoin,united_states,USDC
173,1.015762578312302,7053280682551.924,601,S1_depeg_stablecoin,united_states,USDC
174,1.004934238442948,7053280682551.924,601,S1_depeg_stablecoin,united_states,USDC
175,1.0062616265837991,7053280682551.924,601,S1_depeg_stablecoin,united_states,USDC
176,1.0101996971201694,7053280682551.924,601,S1_depeg_stablecoin,united_states,USDC
177,1.032079977252343,7053280682551.924,601,S1_depeg_stablecoin,united_states,USDC
178,1.0064590886378215,7053280682551.924,601,S1_depeg_stablecoin,united_states,USDC
179,1.027556492608654,7053280682551.924,601,S1_depeg_stablecoin,united_states,USDC
180,1.0434112606459227,7053280682551.924,601,S1_depeg_stablecoin,united_states,USDC
181,1.0128680474781735,7053280682551.924,601,S1_depeg_stablecoin,united_states,USDC
182,1.0479801049376922,7053280682551.924,601,S1_depeg_stablecoin,united_states,USDC
183,1.025022574670518,7053280682551.924,601,S1_depeg_stablecoin,united_states,USDC
184,1.0258328683545557,7053280682551.924,601,S1_depeg_stablecoin,united_states,USDC
185,1.0204855275383895,7053280682551.924,601,S1_depeg_stablecoin,united_states,USDC
186,1.012095072867559,7053280682551.924,601,S1_depeg_stablecoin,united_states,USDC
187,1.0456837334054063,7053280682551.924,601,S1_depeg_stablecoin,united_states,USDC
188,1.0377371173131187,7053280682551.924,601,S1_depeg_stablecoin,united_states,USDC
189,1.029159174583023,7053280682551.924,601,S1_depeg_stablecoin,united_states,USDC
190,1.0151515313783288,7053280682551.924,601,S1_depeg_stablecoin,united_states,USDC
191,1.0067905089025553,7053280682551.924,601,S1_depeg_stablecoin,united_states,USDC
192,1.0167878547055251,7053280682551.924,601,S1_depeg_stablecoin,united_states,USDC
193,1.0100767226552405,7053280682551.924,601,S1_depeg_stablecoin,united_states,USDC
194,0.9753687592950029,7053280682551.924,601,S1_depeg_stablecoin,united_states,USDC
195,1.0041485799821415,7053280682551.924,601,S1_depeg_stablecoin,united_states,USDC
196,1.0057993419683249,7053280682551.924,601,S1_depeg_stablecoin,united_states,USDC
197,1.0151140836818504,7053280682551.924,601,S1_depeg_stablecoin,united_states,USDC
198,0.9816354795380126,7053280682551.924,601,S1_depeg_stablecoin,united_states,USDC
199,0.9679911074564733,7053280682551.924,601,S1_depeg_stablecoin,united_states,USDC
200,0.9496859350798234,7053279448496.516,601,S1_depeg_stablecoin,united_states,USDC
201,0.9441000248616325,7053220629711.709,601,S1_depeg_stablecoin,united_states,USDC
202,0.9379435738301847,7053146700865.034,601,S1_depeg_stablecoin,united_states,USDC
203,0.9572905062774429,7053060205728.547,601,S1_depeg_stablecoin,united_states,USDC
204,1.00359507632578,7053028670245.155,601,S1_depeg_stablecoin,united_states,USDC
205,0.9937232537235868,7053028670245.155,601,S1_depeg_stablecoin,united_states,USDC
206,0.9891396863804488,7053028670245.155,601,S1_depeg_stablecoin,united_states,USDC
207,0.9853066664427109,7053028670245.155,601,S1_depeg_stablecoin,united_states,USDC
208,0.9657195247996565,7053028670245.155,601,S1_depeg_stablecoin,united_states,USDC
209,0.9584703867469946,7053021582932.548,601,S1_depeg_stablecoin,united_states,USDC
210,0.9654384866612743,7052991733777.656,601,S1_depeg_stablecoin,united_states,USDC
211,0.9519571708786296,7052979310754.443,601,S1_depeg_stablecoin,united_states,USDC
212,0.9226551688117944,7052936914541.527,601,S1_depeg_stablecoin,united_states,USDC
213,0.9388832678921605,7052810649253.226,601,S1_depeg_stablecoin,united_states,USDC
214,0.9587253332395208,7052739465544.131,601,S1_depeg_stablecoin,united_states,USDC
215,0.9326480673798627,7052715098624.184,601,S1_depeg_stablecoin,united_states,USDC
216,0.9187514003321845,7052626767414.167,601,S1_depeg_stablecoin,united_states,USDC
217,0.8945772712200146,7052509614301.471,601,S1_depeg_stablecoin,united_states,USDC
218,0.8908525407977235,7052341692159.738,601,S1_depeg_stablecoin,united_states,USDC
219,0.909216223069376,7052182941136.798,601,S1_depeg_stablecoin,united_states,USDC
220,0.9097251171045835,7052073834837.879,601,S1_depeg_stablecoin,united_states,USDC
221,0.9403082941152514,7051974738607.127,601,S1_depeg_stablecoin,united_states,USDC
222,0.9777296883901903,7051926645845.513,601,S1_depeg_stablecoin,united_states,USDC
223,0.9869388248653499,7051926645845.513,601,S1_depeg_stablecoin,united_states,USDC
224,0.9878802513387945,7051926645845.513,601,S1_depeg_stablecoin,united_states,USDC
225,0.9625716951523597,7051926645845.513,601,S1_depeg_stablecoin,united_states,USDC
226,0.9821468556953272,7051914571770.63,601,S1_depeg_stablecoin,united_states,USDC
227,0.9513087003639615,7051914571770.63,601,S1_depeg_stablecoin,united_states,USDC
228,0.9734756283988331,7051887058676.771,601,S1_depeg_stablecoin,united_states,USDC
229,1.0070306825361741,7051887058676.771,601,S1_depeg_stablecoin,united_states,USDC
230,1.0270202427329733,7051887058676.771,601,S1_depeg_stablecoin,united_states,USDC
231,1.0255100399261226,7051887058676.771,601,S1_depeg_stablecoin,united_states,USDC
232,1.0148273809152424,7051887058676.771,601,S1_depeg_stablecoin,united_states,USDC
233,1.0006112758624321,7051887058676.771,601,S1_depeg_stablecoin,united_states,USDC
234,1.0280983691408123,7051887058676.771,601,S1_depeg_stablecoin,united_states,USDC
235,1.0487790613075345,7051887058676.771,601,S1_depeg_stablecoin,united_states,USDC
236,1.0599997001935098,7051887058676.771,601,S1_depeg_stablecoin,united_states,USDC
237,1.0400753085689347,7051887058676.771,601,S1_depeg_stablecoin,united_states,USDC
238,1.0426592800575032,7051887058676.771,601,S1_depeg_stablecoin,united_states,USDC
239,0.8953298753146196,7051887058676.771,601,S1_depeg_stablecoin,united_states,USDC
240,0.9182384704459134,7051777029199.424,601,S1_depeg_stablecoin,united_states,USDC
241,0.9383380524287459,7051706893416.922,601,S1_depeg_stablecoin,united_states,USDC
242,0.9620850702040216,7051665474621.563,601,S1_depeg_stablecoin,united_states,USDC
243,1.0135319865329677,7051657311610.543,601,S1_depeg_stablecoin,united_states,USDC
244,1.0134035894839992,7051657311610.543,601,S1_depeg_stablecoin,united_states,USDC
245,0.9649467809070069,7051657311610.543,601,S1_depeg_stablecoin,united_states,USDC
246,0.9427866319940603,7051652064959.856,601,S1_depeg_stablecoin,united_states,USDC
247,0.9955465773920561,7051616798258.832,601,S1_depeg_stablecoin,united_states,USDC
248,0.9999603033243242,7051616798258.832,601,S1_depeg_stablecoin,united_states,USDC
249,0.9942128626832509,7051616798258.832,601,S1_depeg_stablecoin,united_states,USDC
250,1.032645557880636,7051616798258.832,601,S1_depeg_stablecoin,united_states,USDC
251,1.0280251381885122,7051616798258.832,601,S1_depeg_stablecoin,united_states,USDC
252,1.0123412443294058,7051616798258.832,601,S1_depeg_stablecoin,united_states,USDC
253,1.0184537288116056,7051616798258.832,601,S1_depeg_stablecoin,united_states,USDC
254,1.019039977562594,7051616798258.832,601,S1_depeg_stablecoin,united_states,USDC
255,1.0263944773011593,7051616798258.832,601,S1_depeg_stablecoin,united_states,USDC
256,1.0272869907751536,7051616798258.832,601,S1_depeg_stablecoin,united_states,USDC
257,1.050936185846428,7051616798258.832,601,S1_depeg_stablecoin,united_states,USDC
258,1.044241712057421,7051616798258.832,601,S1_depeg_stablecoin,united_states,USDC
259,1.0625425803385011,7051616798258.832,601,S1_depeg_stablecoin,united_states,USDC
260,1.0505962756156233,7051616798258.832,601,S1_depeg_stablecoin,united_states,USDC
261,1.0556240797476268,7051616798258.832,601,S1_depeg_stablecoin,united_states,USDC
262,1.0404685390777115,7051616798258.832,601,S1_depeg_stablecoin,united_states,USDC
263,1.0595873044832789,7051616798258.832,601,S1_depeg_stablecoin,united_states,USDC
264,1.0580554123620787,7051616798258.832,601,S1_depeg_stablecoin,united_states,USDC
265,1.067485693424726,7051616798258.832,601,S1_depeg_stablecoin,united_states,USDC
266,1.0297362164313286,7051616798258.832,601,S1_depeg_stablecoin,united_states,USDC
267,1.0340035215755503,7051616798258.832,601,S1_depeg_stablecoin,united_states,USDC
268,1.0439512849103962,7051616798258.832,601,S1_depeg_stablecoin,united_states,USDC
269,1.0194763433162657,7051616798258.832,601,S1_depeg_stablecoin,united_states,USDC
270,1.009514881000651,7051616798258.832,601,S1_depeg_stablecoin,united_states,USDC
271,1.0300788282288527,7051616798258.832,601,S1_depeg_stablecoin,united_states,USDC
272,0.9994763428399286,7051616798258.832,601,S1_depeg_stablecoin,united_states,USDC
273,1.031660617057749,7051616798258.832,601,S1_depeg_stablecoin,united_states,USDC
274,1.0445843636102388,7051616798258.832,601,S1_depeg_stablecoin,united_states,USDC
275,1.034138174926847,7051616798258.832,601,S1_depeg_stablecoin,united_states,USDC
276,1.0218432117932237,7051616798258.832,601,S1_depeg_stablecoin,united_states,USDC
277,0.9775609483481936,7051616798258.832,601,S1_depeg_stablecoin,united_states,USDC
278,1.0193964720624589,7051616798258.832,601,S1_depeg_stablecoin,united_states,USDC
279,1.0324056428387762,7051616798258.832,601,S1_depeg_stablecoin,united_states,USDC
280,1.0179182715944994,7051616798258.832,601,S1_depeg_stablecoin,united_states,USDC
281,1.057190578223032,7051616798258.832,601,S1_depeg_stablecoin,united_states,USDC
282,1.0683063653504858,7051616798258.832,601,S1_depeg_stablecoin,united_states,USDC
283,1.0808031045538657,7051616798258.832,601,S1_depeg_stablecoin,united_states,USDC
284,1.0547266792176226,7051616798258.832,601,S1_depeg_stablecoin,united_states,USDC
285,1.0382144144030268,7051616798258.832,601,S1_depeg_stablecoin,united_states,USDC
286,1.0563620193547745,7051616798258.832,601,S1_depeg_stablecoin,united_states,USDC
287,1.049902961560775,7051616798258.832,601,S1_depeg_stablecoin,united_states,USDC
288,1.0393512958735676,7051616798258.832,601,S1_depeg_stablecoin,united_states,USDC
289,1.0186801873626423,7051616798258.832,601,S1_depeg_stablecoin,united_states,USDC
290,0.9959220178606658,7051616798258.832,601,S1_depeg_stablecoin,united_states,USDC
291,1.0147436041799067,7051616798258.832,601,S1_depeg_stablecoin,united_states,USDC
292,1.0310553402454454,7051616798258.832,601,S1_depeg_stablecoin,united_states,USDC
293,1.0123634577508254,7051616798258.832,601,S1_depeg_stablecoin,united_states,USDC
294,1.0161135062817357,7051616798258.832,601,S1_depeg_stablecoin,united_states,USDC
295,0.9990807947501192,7051616798258.832,601,S1_depeg_stablecoin,united_states,USDC
296,1.0043746224305194,7051616798258.832,601,S1_depeg_stablecoin,united_states,USDC
297,0.9977485628123162,7051616798258.832,601,S1_depeg_stablecoin,united_states,USDC
298,1.0141985929050235,7051616798258.832,601,S1_depeg_stablecoin,united_states,USDC
299,0.9195957091362851,7051616798258.832,601,S1_depeg_stablecoin,united_states,USDC
300,0.9351274345677429,7051550971058.309,601,S1_depeg_stablecoin,united_states,USDC
301,0.940883565149685,7051511810607.994,601,S1_depeg_stablecoin,united_states,USDC
302,0.9509183335389657,7051480476750.115,601,S1_depeg_stablecoin,united_states,USDC
303,0.9421445436942023,7051458238090.172,601,S1_depeg_stablecoin,united_states,USDC
304,0.9236069322850108,7051426412675.055,601,S1_depeg_stablecoin,united_states,USDC
305,0.9264881109275668,7051377771619.539,601,S1_depeg_stablecoin,united_states,USDC
306,0.9602970229523334,7051332947876.721,601,S1_depeg_stablecoin,united_states,USDC
307,0.9803722542204227,7051323115318.336,601,S1_depeg_stablecoin,united_states,USDC
308,0.9584005832559535,7051323115318.336,601,S1_depeg_stablecoin,united_states,USDC
309,0.9842900148764105,7051312173929.944,601,S1_depeg_stablecoin,united_states,USDC
310,1.0072170467649189,7051312173929.944,601,S1_depeg_stablecoin,united_states,USDC
311,0.9982770971954149,7051312173929.944,601,S1_depeg_stablecoin,united_states,USDC
312,0.9583912200241282,7051312173929.944,601,S1_depeg_stablecoin,united_states,USDC
313,0.9800242692459504,7051300658735.749,601,S1_depeg_stablecoin,united_states,USDC
314,0.9865800668443626,7051300658735.749,601,S1_depeg_stablecoin,united_states,USDC
315,0.9821688356838894,7051300658735.749,601,S1_depeg_stablecoin,united_states,USDC
316,0.9896853926364464,7051300658735.749,601,S1_depeg_stablecoin,united_states,USDC
317,0.99736234821414,7051300658735.749,601,S1_depeg_stablecoin,united_states,USDC
318,1.0231942513395074,7051300658735.749,601,S1_depeg_stablecoin,united_states,USDC
319,1.0418154935307626,7051300658735.749,601,S1_depeg_stablecoin,united_states,USDC
320,1.0360217686768134,7051300658735.749,601,S1_depeg_stablecoin,united_states,USDC
321,1.0411626793909081,7051300658735.749,601,S1_depeg_stablecoin,united_states,USDC
322,1.027025317630499,7051300658735.749,601,S1_depeg_stablecoin,united_states,USDC
323,1.0166443938935976,7051300658735.749,601,S1_depeg_stablecoin,united_states,USDC
324,1.0109623877093628,7051300658735.749,601,S1_depeg_stablecoin,united_states,USDC
325,1.0040887163050256,7051300658735.749,601,S1_depeg_stablecoin,united_states,USDC
326,1.0223482007303235,7051300658735.749,601,S1_depeg_stablecoin,united_states,USDC
327,1.0581640599168871,7051300658735.749,601,S1_depeg_stablecoin,united_states,USDC
328,1.0349462602203159,7051300658735.749,601,S1_depeg_stablecoin,united_states,USDC
329,1.0246776210944784,7051300658735.749,601,S1_depeg_stablecoin,united_states,USDC
330,1.0236943666169767,7051300658735.749,601,S1_depeg_stablecoin,united_states,USDC
331,1.0222851968295987,7051300658735.749,601,S1_depeg_stablecoin,united_states,USDC
332,1.0425331880438649,7051300658735.749,601,S1_depeg_stablecoin,united_states,USDC
333,1.06259142519211,7051300658735.749,601,S1_depeg_stablecoin,united_states,USDC
334,1.0770217291187252,7051300658735.749,601,S1_depeg_stablecoin,united_states,USDC
335,1.0948099658197645,7051300658735.749,601,S1_depeg_stablecoin,united_states,USDC
336,1.1139217451765457,7051300658735.749,601,S1_depeg_stablecoin,united_states,USDC
337,1.08897698380287,7051300658735.749,601,S1_depeg_stablecoin,united_states,USDC
338,1.0864864477747056,7051300658735.749,601,S1_depeg_stablecoin,united_states,USDC
339,1.0444461696954506,7051300658735.749,601,S1_depeg_stablecoin,united_states,USDC
340,1.0461570834999878,7051300658735.749,601,S1_depeg_stablecoin,united_states,USDC
341,1.0613175975714801,7051300658735.749,601,S1_depeg_stablecoin,united_states,USDC
342,1.0508656957850735,7051300658735.749,601,S1_depeg_stablecoin,united_states,USDC
343,1.09402016583575,7051300658735.749,601,S1_depeg_stablecoin,united_states,USDC
344,1.0804847746262314,7051300658735.749,601,S1_depeg_stablecoin,united_states,USDC
345,1.0662038174050803,7051300658735.749,601,S1_depeg_stablecoin,united_states,USDC
346,1.0887753809335288,7051300658735.749,601,S1_depeg_stablecoin,united_states,USDC
347,1.111645640536372,7051300658735.749,601,S1_depeg_stablecoin,united_states,USDC
348,1.0979358533823114,7051300658735.749,601,S1_depeg_stablecoin,united_states,USDC
349,1.0925614889893653,7051300658735.749,601,S1_depeg_stablecoin,united_states,USDC
350,1.0537774408428178,7051300658735.749,601,S1_depeg_stablecoin,united_states,USDC
351,1.0913211397295592,7051300658735.749,601,S1_depeg_stablecoin,united_states,USDC
352,1.117164494454452,7051300658735.749,601,S1_depeg_stablecoin,united_states,USDC
353,1.0938089499612342,7051300658735.749,601,S1_depeg_stablecoin,united_states,USDC
354,1.0983868557598482,7051300658735.749,601,S1_depeg_stablecoin,united_states,USDC
355,1.0815137399506471,7051300658735.749,601,S1_depeg_stablecoin,united_states,USDC
356,1.0843922563296184,7051300658735.749,601,S1_depeg_stablecoin,united_states,USDC
357,0.9449713672025688,7051300658735.749,601,S1_depeg_stablecoin,united_states,USDC
358,0.9340928391989208,7051276128997.992,601,S1_depeg_stablecoin,united_states,USDC
359,0.9702067774594192,7051244991945.355,601,S1_depeg_stablecoin,united_states,USDC
360,0.9741016141718181,7051244991945.355,601,S1_depeg_stablecoin,united_states,USDC
361,0.9854488202609819,7051244991945.355,601,S1_depeg_stablecoin,united_states,USDC
362,0.998290788695223,7051244991945.355,601,S1_depeg_stablecoin,united_states,USDC
363,0.9562385620708035,7051244991945.355,601,S1_depeg_stablecoin,united_states,USDC
364,0.9797211916988026,7051233639704.642,601,S1_depeg_stablecoin,united_states,USDC
365,0.9667208642487638,7051233639704.642,601,S1_depeg_stablecoin,united_states,USDC
366,0.9654090029048896,7051231657099.541,601,S1_depeg_stablecoin,united_states,USDC
367,0.9565417417773973,7051227484198.49,601,S1_depeg_stablecoin,united_states,USDC
368,0.9392585505898539,7051215309462.959,601,S1_depeg_stablecoin,united_states,USDC
369,0.9508121120941394,7051190594995.381,601,S1_depeg_stablecoin,united_states,USDC
370,0.955754091058877,7051174677376.414,601,S1_depeg_stablecoin,united_states,USDC
371,0.976146450308907,7051163193829.36,601,S1_depeg_stablecoin,united_states,USDC
372,0.9866249254426699,7051163193829.36,601,S1_depeg_stablecoin,united_states,USDC
373,0.9971994957336696,7051163193829.36,601,S1_depeg_stablecoin,united_states,USDC
374,0.9648486550094374,7051163193829.36,601,S1_depeg_stablecoin,united_states,USDC
375,0.9823028189990387,7051159360238.307,601,S1_depeg_stablecoin,united_states,USDC
376,0.9934496315153784,7051159360238.307,601,S1_depeg_stablecoin,united_states,USDC
377,0.9472324157720248,7051159360238.307,601,S1_depeg_stablecoin,united_states,USDC
378,0.9484443430012055,7051141838884.714,601,S1_depeg_stablecoin,united_states,USDC
379,0.9715284714811032,7051124950194.771,601,S1_depeg_stablecoin,united_states,USDC
380,0.9713143020114239,7051124950194.771,601,S1_depeg_stablecoin,united_states,USDC
381,0.9972452153441654,7051124950194.771,601,S1_depeg_stablecoin,united_states,USDC
382,0.9927149909967994,7051124950194.771,601,S1_depeg_stablecoin,united_states,USDC
383,0.9975238367010681,7051124950194.771,601,S1_depeg_stablecoin,united_states,USDC
384,1.0328928728786984,7051124950194.771,601,S1_depeg_stablecoin,united_states,USDC
385,1.0429094167837054,7051124950194.771,601,S1_depeg_stablecoin,united_states,USDC
386,1.055346394465181,7051124950194.771,601,S1_depeg_stablecoin,united_states,USDC
387,1.0309847289314376,7051124950194.771,601,S1_depeg_stablecoin,united_states,USDC
388,1.022587904100921,7051124950194.771,601,S1_depeg_stablecoin,united_states,USDC
389,1.0261857950118,7051124950194.771,601,S1_depeg_stablecoin,united_states,USDC
390,1.001813114689897,7051124950194.771,601,S1_depeg_stablecoin,united_states,USDC
391,1.0143196888384356,7051124950194.771,601,S1_depeg_stablecoin,united_states,USDC
392,1.021991031828775,7051124950194.771,601,S1_depeg_stablecoin,united_states,USDC
393,1.0000083661411832,7051124950194.771,601,S1_depeg_stablecoin,united_states,USDC
394,0.9771218158652095,7051124950194.771,601,S1_depeg_stablecoin,united_states,USDC
395,0.9418914027320964,7051124950194.771,601,S1_depeg_stablecoin,united_states,USDC
396,0.9336025843265022,7051102493556.127,601,S1_depeg_stablecoin,united_states,USDC
397,0.9381480964446302,7051076832888.96,601,S1_depeg_stablecoin,united_states,USDC
398,0.9228821647742589,7051052965660.97,601,S1_depeg_stablecoin,united_states,USDC
399,0.9340837621680506,7051019760544.196,601,S1_depeg_stablecoin,united_states,USDC
400,0.9276005909013006,7050995707964.504,601,S1_depeg_stablecoin,united_states,USDC
401,0.9482865509701686,7050969893082.055,601,S1_depeg_stablecoin,united_states,USDC
402,0.9468039592525463,7050956016635.428,601,S1_depeg_stablecoin,united_states,USDC
403,0.9367434982660567,7050942639596.059,601,S1_depeg_stablecoin,united_states,USDC
404,0.9401121782943634,7050922320700.545,601,S1_depeg_stablecoin,united_states,USDC
405,0.9548691836211022,7050904686054.371,601,S1_depeg_stablecoin,united_states,USDC
406,0.9661615361533514,7050896457258.107,601,S1_depeg_stablecoin,united_states,USDC
407,0.9648604748198368,7050894608292.123,601,S1_depeg_stablecoin,united_states,USDC
408,0.9760655236205998,7050892051448.322,601,S1_depeg_stablecoin,united_states,USDC
409,0.9805751953214498,7050892051448.322,601,S1_depeg_stablecoin,united_states,USDC
410,1.015125302350001,7050892051448.322,601,S1_depeg_stablecoin,united_states,USDC
411,0.9942560753312589,7050892051448.322,601,S1_depeg_stablecoin,united_states,USDC
412,1.0307963928447057,7050892051448.322,601,S1_depeg_stablecoin,united_states,USDC
413,1.0238748270052114,7050892051448.322,601,S1_depeg_stablecoin,united_states,USDC
414,1.0437550669393936,7050892051448.322,601,S1_depeg_stablecoin,united_states,USDC
415,1.0293678434225453,7050892051448.322,601,S1_depeg_stablecoin,united_states,USDC
416,1.0221477719997851,7050892051448.322,601,S1_depeg_stablecoin,united_states,USDC
417,1.0481406361162462,7050892051448.322,601,S1_depeg_stablecoin,united_states,USDC
418,1.0552965509044197,7050892051448.322,601,S1_depeg_stablecoin,united_states,USDC
419,1.0494421062457924,7050892051448.322,601,S1_depeg_stablecoin,united_states,USDC
420,1.076154470726794,7050892051448.322,601,S1_depeg_stablecoin,united_states,USDC
421,1.0962283507441575,7050892051448.322,601,S1_depeg_stablecoin,united_states,USDC
422,1.0773414442099516,7050892051448.322,601,S1_depeg_stablecoin,united_states,USDC
423,1.0791468761060399,7050892051448.322,601,S1_depeg_stablecoin,united_states,USDC
424,1.1144912240313194,7050892051448.322,601,S1_depeg_stablecoin,united_states,USDC
425,1.1204342895648898,7050892051448.322,601,S1_depeg_stablecoin,united_states,USDC
426,1.1262536428101633,7050892051448.322,601,S1_depeg_stablecoin,united_states,USDC
427,1.131422099650626,7050892051448.322,601,S1_depeg_stablecoin,united_states,USDC
428,1.1494275198577246,7050892051448.322,601,S1_depeg_stablecoin,united_states,USDC
429,1.097773829596811,7050892051448.322,601,S1_depeg_stablecoin,united_states,USDC
430,1.0955300182947785,7050892051448.322,601,S1_depeg_stablecoin,united_states,USDC
431,1.0940470567220604,7050892051448.322,601,S1_depeg_stablecoin,united_states,USDC
432,1.072820372042514,7050892051448.322,601,S1_depeg_stablecoin,united_states,USDC
433,1.089436331541581,7050892051448.322,601,S1_depeg_stablecoin,united_states,USDC
434,1.0767054327518326,7050892051448.322,601,S1_depeg_stablecoin,united_states,USDC
435,1.079209739604938,7050892051448.322,601,S1_depeg_stablecoin,united_states,USDC
436,1.0744866761473795,7050892051448.322,601,S1_depeg_stablecoin,united_states,USDC
437,1.0488614516250383,7050892051448.322,601,S1_depeg_stablecoin,united_states,USDC
438,1.025338964528603,7050892051448.322,601,S1_depeg_stablecoin,united_states,USDC
439,1.0413340404493139,7050892051448.322,601,S1_depeg_stablecoin,united_states,USDC
440,1.0390404663365351,7050892051448.322,601,S1_depeg_stablecoin,united_states,USDC
441,1.0237184692460604,7050892051448.322,601,S1_depeg_stablecoin,united_states,USDC
442,1.0312679945531391,7050892051448.322,601,S1_depeg_stablecoin,united_states,USDC
443,1.0256404977068583,7050892051448.322,601,S1_depeg_stablecoin,united_states,USDC
444,1.0288952632095276,7050892051448.322,601,S1_depeg_stablecoin,united_states,USDC
445,1.0488389363052428,7050892051448.322,601,S1_depeg_stablecoin,united_states,USDC
446,1.0306754219273728,7050892051448.322,601,S1_depeg_stablecoin,united_states,USDC
447,1.0569756962059973,7050892051448.322,601,S1_depeg_stablecoin,united_states,USDC
448,1.06716823952379,7050892051448.322,601,S1_depeg_stablecoin,united_states,USDC
449,1.1019826572089964,7050892051448.322,601,S1_depeg_stablecoin,united_states,USDC
450,1.0757906170138116,7050892051448.322,601,S1_depeg_stablecoin,united_states,USDC
451,1.0840328856587589,7050892051448.322,601,S1_depeg_stablecoin,united_states,USDC
452,1.096976317687424,7050892051448.322,601,S1_depeg_stablecoin,united_states,USDC
453,1.0662301234771434,7050892051448.322,601,S1_depeg_stablecoin,united_states,USDC
454,1.0802438735188102,7050892051448.322,601,S1_depeg_stablecoin,united_states,USDC
455,1.0457287790711935,7050892051448.322,601,S1_depeg_stablecoin,united_states,USDC
456,1.0374136993050762,7050892051448.322,601,S1_depeg_stablecoin,united_states,USDC
457,1.080984150925232,7050892051448.322,601,S1_depeg_stablecoin,united_states,USDC
458,1.0681323538408005,7050892051448.322,601,S1_depeg_stablecoin,united_states,USDC
459,1.0712619453800079,7050892051448.322,601,S1_depeg_stablecoin,united_states,USDC
460,1.0743129380783356,7050892051448.322,601,S1_depeg_stablecoin,united_states,USDC
461,1.0834720234960122,7050892051448.322,601,S1_depeg_stablecoin,united_states,USDC
462,1.063898047398617,7050892051448.322,601,S1_depeg_stablecoin,united_states,USDC
463,1.0558236858992356,7050892051448.322,601,S1_depeg_stablecoin,united_states,USDC
464,1.058401988125994,7050892051448.322,601,S1_depeg_stablecoin,united_states,USDC
465,1.0301537326731645,7050892051448.322,601,S1_depeg_stablecoin,united_states,USDC
466,1.065441117771979,7050892051448.322,601,S1_depeg_stablecoin,united_states,USDC
467,1.0582283479532055,7050892051448.322,601,S1_depeg_stablecoin,united_states,USDC
468,1.0206723226120544,7050892051448.322,601,S1_depeg_stablecoin,united_states,USDC
469,1.026278385726037,7050892051448.322,601,S1_depeg_stablecoin,united_states,USDC
470,1.0103902079336358,7050892051448.322,601,S1_depeg_stablecoin,united_states,USDC
471,1.0112333112814293,7050892051448.322,601,S1_depeg_stablecoin,united_states,USDC
472,1.0099160069460607,7050892051448.322,601,S1_depeg_stablecoin,united_states,USDC
473,1.056322601558886,7050892051448.322,601,S1_depeg_stablecoin,united_states,USDC
474,1.078139426256148,7050892051448.322,601,S1_depeg_stablecoin,united_states,USDC
475,1.074727478908069,7050892051448.322,601,S1_depeg_stablecoin,united_states,USDC
476,1.0957214011506466,7050892051448.322,601,S1_depeg_stablecoin,united_states,USDC
477,1.0877335602483968,7050892051448.322,601,S1_depeg_stablecoin,united_states,USDC
478,1.0544052839922673,7050892051448.322,601,S1_depeg_stablecoin,united_states,USDC
479,1.0445736129233953,7050892051448.322,601,S1_depeg_stablecoin,united_states,USDC
480,1.072426902352381,7050892051448.322,601,S1_depeg_stablecoin,united_states,USDC
481,1.0401674106367618,7050892051448.322,601,S1_depeg_stablecoin,united_states,USDC
482,1.0400232895023074,7050892051448.322,601,S1_depeg_stablecoin,united_states,USDC
483,1.0601407595396348,7050892051448.322,601,S1_depeg_stablecoin,united_states,USDC
484,1.050863384273067,7050892051448.322,601,S1_depeg_stablecoin,united_states,USDC
485,1.0340355670520094,7050892051448.322,601,S1_depeg_stablecoin,united_states,USDC
486,1.0635028930965205,7050892051448.322,601,S1_depeg_stablecoin,united_states,USDC
487,1.0470105299788335,7050892051448.322,601,S1_depeg_stablecoin,united_states,USDC
488,1.0355337405013019,7050892051448.322,601,S1_depeg_stablecoin,united_states,USDC
489,1.0567137047660335,7050892051448.322,601,S1_depeg_stablecoin,united_states,USDC
490,1.0218017608568608,7050892051448.322,601,S1_depeg_stablecoin,united_states,USDC
491,1.014578097642596,7050892051448.322,601,S1_depeg_stablecoin,united_states,USDC
492,0.9806487034397424,7050892051448.322,601,S1_depeg_stablecoin,united_states,USDC
493,0.9643587649519677,7050892051448.322,601,S1_depeg_stablecoin,united_states,USDC
494,0.9469285450679293,7050889894855.834,601,S1_depeg_stablecoin,united_states,USDC
495,0.9431534663981507,7050878530280.773,601,S1_depeg_stablecoin,united_states,USDC
496,0.9439119062313911,7050864424329.619,601,S1_depeg_stablecoin,united_states,USDC
497,0.9690205141782023,7050851077684.136,601,S1_depeg_stablecoin,united_states,USDC
498,0.9590994282933175,7050850906880.743,601,S1_depeg_stablecoin,united_states,USDC
499,0.9358220623915781,7050845634020.8545,601,S1_depeg_stablecoin,united_states,USDC
500,0.9373961342439157,7050829809789.202,601,S1_depeg_stablecoin,united_states,USDC
501,0.9375154715319829,7050815230467.8545,601,S1_depeg_stablecoin,united_states,USDC
502,0.9543198383207709,7050800143461.543,601,S1_depeg_stablecoin,united_states,USDC
503,0.9264383277769651,7050793576892.653,601,S1_depeg_stablecoin,united_states,USDC
504,0.9556604540023109,7050774770006.462,601,S1_depeg_stablecoin,united_states,USDC
505,0.9767429380232042,7050768490522.837,601,S1_depeg_stablecoin,united_states,USDC
506,0.9802652032845001,7050768490522.837,601,S1_depeg_stablecoin,united_states,USDC
507,0.9664299998912949,7050768490522.837,601,S1_depeg_stablecoin,united_states,USDC
508,0.9722695460520077,7050766950281.975,601,S1_depeg_stablecoin,united_states,USDC
509,0.9786008652958271,7050766950281.975,601,S1_depeg_stablecoin,united_states,USDC
510,0.9908072708421054,7050766950281.975,601,S1_depeg_stablecoin,united_states,USDC
511,1.0198879502076021,7050766950281.975,601,S1_depeg_stablecoin,united_states,USDC
512,1.0409576106980956,7050766950281.975,601,S1_depeg_stablecoin,united_states,USDC
513,1.0277384292747018,7050766950281.975,601,S1_depeg_stablecoin,united_states,USDC
514,1.0334950878564368,7050766950281.975,601,S1_depeg_stablecoin,united_states,USDC
515,1.043775931969206,7050766950281.975,601,S1_depeg_stablecoin,united_states,USDC
516,1.0252456310787006,7050766950281.975,601,S1_depeg_stablecoin,united_states,USDC
517,1.0490453915033402,7050766950281.975,601,S1_depeg_stablecoin,united_states,USDC
518,1.050733890262408,7050766950281.975,601,S1_depeg_stablecoin,united_states,USDC
519,1.0594628610576544,7050766950281.975,601,S1_depeg_stablecoin,united_states,USDC
520,1.053431456661745,7050766950281.975,601,S1_depeg_stablecoin,united_states,USDC
521,1.0605180617062877,7050766950281.975,601,S1_depeg_stablecoin,united_states,USDC
522,1.0080310010912463,7050766950281.975,601,S1_depeg_stablecoin,united_states,USDC
523,1.0198801700757485,7050766950281.975,601,S1_depeg_stablecoin,united_states,USDC
524,1.0298211720684312,7050766950281.975,601,S1_depeg_stablecoin,united_states,USDC
525,1.042176920462767,7050766950281.975,601,S1_depeg_stablecoin,united_states,USDC
526,1.0623633152935132,7050766950281.975,601,S1_depeg_stablecoin,united_states,USDC
527,1.0390928552338667,7050766950281.975,601,S1_depeg_stablecoin,united_states,USDC
528,1.0690227031410477,7050766950281.975,601,S1_depeg_stablecoin,united_states,USDC
529,1.0867720714640545,7050766950281.975,601,S1_depeg_stablecoin,united_states,USDC
530,1.0952732532037073,7050766950281.975,601,S1_depeg_stablecoin,united_states,USDC
531,1.0553068054550736,7050766950281.975,601,S1_depeg_stablecoin,united_states,USDC
532,1.0222593327634464,7050766950281.975,601,S1_depeg_stablecoin,united_states,USDC
533,0.992697682249647,7050766950281.975,601,S1_depeg_stablecoin,united_states,USDC
534,0.9981259735439474,7050766950281.975,601,S1_depeg_stablecoin,united_states,USDC
535,0.9892168327052797,7050766950281.975,601,S1_depeg_stablecoin,united_states,USDC
536,0.9568610453781733,7050766950281.975,601,S1_depeg_stablecoin,united_states,USDC
537,0.9728904538293116,7050761614770.045,601,S1_depeg_stablecoin,united_states,USDC
538,0.9645435304117667,7050761614770.045,601,S1_depeg_stablecoin,united_states,USDC
539,0.965380189555521,7050759553082.284,601,S1_depeg_stablecoin,united_states,USDC
540,0.9705589652283688,7050757602477.516,601,S1_depeg_stablecoin,united_states,USDC
541,0.9440742216309144,7050757602477.516,601,S1_depeg_stablecoin,united_states,USDC
542,0.9526035837973176,7050747883114.128,601,S1_depeg_stablecoin,united_states,USDC
543,0.9766936858840884,7050741395771.67,601,S1_depeg_stablecoin,united_states,USDC
544,0.9853994357609417,7050741395771.67,601,S1_depeg_stablecoin,united_states,USDC
545,0.9585496516531425,7050741395771.67,601,S1_depeg_stablecoin,united_states,USDC
546,0.9729001785983513,7050737051225.139,601,S1_depeg_stablecoin,united_states,USDC
547,0.9355746590039191,7050737051225.139,601,S1_depeg_stablecoin,united_states,USDC
548,0.9490612686397052,7050724599914.775,601,S1_depeg_stablecoin,united_states,USDC
549,0.9335021022213225,7050717497151.594,601,S1_depeg_stablecoin,united_states,USDC
550,0.9270432433857844,7050704928911.965,601,S1_depeg_stablecoin,united_states,USDC
551,0.9305231236363002,7050689210494.738,601,S1_depeg_stablecoin,united_states,USDC
552,0.932840144892815,7050676619945.639,601,S1_depeg_stablecoin,united_states,USDC
553,0.9402285495082001,7050665237909.801,601,S1_depeg_stablecoin,united_states,USDC
554,0.9619024977662871,7050655562366.68,601,S1_depeg_stablecoin,united_states,USDC
555,0.9677553309636241,7050653611570.084,601,S1_depeg_stablecoin,united_states,USDC
556,0.9690587690838863,7050653243154.934,601,S1_depeg_stablecoin,united_states,USDC
557,0.9580635033579233,7050652948899.526,601,S1_depeg_stablecoin,united_states,USDC
558,0.9367257440654878,7050649437210.959,601,S1_depeg_stablecoin,united_states,USDC
559,0.9440603923707899,7050639818786.689,601,S1_depeg_stablecoin,united_states,USDC
560,0.933723322211126,7050632350407.932,601,S1_depeg_stablecoin,united_states,USDC
561,0.917652118801951,7050622437133.004,601,S1_depeg_stablecoin,united_states,USDC
562,0.8965099929713506,7050608499090.738,601,S1_depeg_stablecoin,united_states,USDC
563,0.9311993259182335,7050589379520.152,601,S1_depeg_stablecoin,united_states,USDC
564,0.9970862498083303,7050580091620.716,601,S1_depeg_stablecoin,united_states,USDC
565,1.0047085807549347,7050580091620.716,601,S1_depeg_stablecoin,united_states,USDC
566,1.0439297075738454,7050580091620.716,601,S1_depeg_stablecoin,united_states,USDC
567,1.0574851738596607,7050580091620.716,601,S1_depeg_stablecoin,united_states,USDC
568,1.0531770380641097,7050580091620.716,601,S1_depeg_stablecoin,united_states,USDC
569,1.023713418673682,7050580091620.716,601,S1_depeg_stablecoin,united_states,USDC
570,1.0207015916100601,7050580091620.716,601,S1_depeg_stablecoin,united_states,USDC
571,1.0032349797323754,7050580091620.716,601,S1_depeg_stablecoin,united_states,USDC
572,1.000382808415556,7050580091620.716,601,S1_depeg_stablecoin,united_states,USDC
573,0.9720225122343396,7050580091620.716,601,S1_depeg_stablecoin,united_states,USDC
574,0.9589302669657378,7050580091620.716,601,S1_depeg_stablecoin,united_states,USDC
575,0.9806581231398867,7050577791203.951,601,S1_depeg_stablecoin,united_states,USDC
576,0.9657383400183839,7050577791203.951,601,S1_depeg_stablecoin,united_states,USDC
577,0.9628916500520623,7050577059387.812,601,S1_depeg_stablecoin,united_states,USDC
578,0.9457893010202464,7050575829737.687,601,S1_depeg_stablecoin,united_states,USDC
579,0.9122883220775888,7050570401840.125,601,S1_depeg_stablecoin,united_states,USDC
580,0.9236213581586591,7050558284825.48,601,S1_depeg_stablecoin,united_states,USDC
581,0.9319895207293536,7050548604471.695,601,S1_depeg_stablecoin,united_states,USDC
582,0.9414759584788076,7050541280711.23,601,S1_depeg_stablecoin,united_states,USDC
583,0.9315088031857677,7050535655682.244,601,S1_depeg_stablecoin,united_states,USDC
584,0.9169635118427467,7050528726474.747,601,S1_depeg_stablecoin,united_states,USDC
585,0.9136866761996225,7050519718958.582,601,S1_depeg_stablecoin,united_states,USDC
586,0.9035620014118956,7050510620695.788,601,S1_depeg_stablecoin,united_states,USDC
587,0.915765859569296,7050500417388.916,601,S1_depeg_stablecoin,united_states,USDC
588,0.8932204836866542,7050492444109.416,601,S1_depeg_stablecoin,united_states,USDC
589,0.9313551409899967,7050481435830.367,601,S1_depeg_stablecoin,united_states,USDC
590,0.9338462649579407,7050476664262.727,601,S1_depeg_stablecoin,united_states,USDC
591,0.9033546729135435,7050472232949.723,601,S1_depeg_stablecoin,united_states,USDC
592,0.9010183867709625,7050463834317.213,601,S1_depeg_stablecoin,united_states,USDC
593,0.893863997453883,7050455738535.631,601,S1_depeg_stablecoin,united_states,USDC
594,0.9316586603017167,7050447438548.363,601,S1_depeg_stablecoin,united_states,USDC
595,0.9224041271655055,7050443930105.267,601,S1_depeg_stablecoin,united_states,USDC
596,0.913175471803044,7050439320843.092,601,S1_depeg_stablecoin,united_states,USDC
597,0.9207613971921932,7050434355970.982,601,S1_depeg_stablecoin,united_states,USDC
598,0.9278569106624739,7050430073621.053,601,S1_depeg_stablecoin,united_states,USDC
599,0.9328916396317565,7050426696615.41,601,S1_depeg_stablecoin,united_states,USDC
600,0.9566027471815631,7050423849276.066,601,S1_depeg_stablecoin,united_states,USDC
601,0.9405470708140682,7050422829212.588,601,S1_depeg_stablecoin,united_states,USDC
602,0.945233366670893,7050420840857.465,601,S1_depeg_stablecoin,united_states,USDC
603,0.9486027286602468,7050419031944.983,601,S1_depeg_stablecoin,united_states,USDC
604,0.9584823832464916,7050417691933.809,601,S1_depeg_stablecoin,united_states,USDC
605,0.9721188595108493,7050416888096.597,601,S1_depeg_stablecoin,united_states,USDC
606,0.9565156344880339,7050416888096.597,601,S1_depeg_stablecoin,united_states,USDC
607,0.9759055395099453,7050416108111.789,601,S1_depeg_stablecoin,united_states,USDC
608,0.95775438871713,7050416108111.789,601,S1_depeg_stablecoin,united_states,USDC
609,0.9783087917773179,7050415417432.397,601,S1_depeg_stablecoin,united_states,USDC
610,0.9545227127484872,7050415417432.397,601,S1_depeg_stablecoin,united_states,USDC
611,0.9290037526325435,7050414526899.45,601,S1_depeg_stablecoin,united_states,USDC
612,0.9255777642850262,7050411957990.705,601,S1_depeg_stablecoin,united_states,USDC
613,0.920907659736426,7050409198207.25,601,S1_depeg_stablecoin,united_states,USDC
614,0.9357243355122616,7050406281184.012,601,S1_depeg_stablecoin,united_states,USDC
615,0.9502973459493705,7050404417227.186,601,S1_depeg_stablecoin,united_states,USDC
616,0.8761642895044727,7050403451208.713,601,S1_depeg_stablecoin,united_states,USDC
617,0.8737808587441852,7050398279846.284,601,S1_depeg_stablecoin,united_states,USDC
618,0.8840671852102502,7050393490104.295,601,S1_depeg_stablecoin,united_states,USDC
619,0.8791245385411257,7050389722241.988,601,S1_depeg_stablecoin,united_states,USDC
620,0.8983031451443836,7050386082019.682,601,S1_depeg_stablecoin,united_states,USDC
621,0.8927310934657532,7050383479272.684,601,S1_depeg_stablecoin,united_states,USDC
622,0.9066111033530785,7050380811858.107,601,S1_depeg_stablecoin,united_states,USDC
623,0.9114466176836089,7050378946266.096,601,S1_depeg_stablecoin,united_states,USDC
624,0.921937998724325,7050377330722.514,601,S1_depeg_stablecoin,united_states,USDC
625,0.9309441575491119,7050376012018.77,601,S1_depeg_stablecoin,united_states,USDC
626,0.8566582169134964,7050375057038.515,601,S1_depeg_stablecoin,united_states,USDC
627,0.8760301881131132,7050372188906.354,601,S1_depeg_stablecoin,united_states,USDC
628,0.8668649220914608,7050370087206.679,601,S1_depeg_stablecoin,united_states,USDC
629,0.8623811463316866,7050367996154.26,601,S1_depeg_stablecoin,united_states,USDC
630,0.8878915279573956,7050366082791.411,601,S1_depeg_stablecoin,united_states,USDC
631,0.9393481433813409,7050364751726.215,601,S1_depeg_stablecoin,united_states,USDC
632,0.9349034375142549,7050364331514.564,601,S1_depeg_stablecoin,united_states,USDC
633,0.9273764256024607,7050363845130.59,601,S1_depeg_stablecoin,united_states,USDC
634,0.910323682938063,7050363236474.213,601,S1_depeg_stablecoin,united_states,USDC
635,0.9037871554345147,7050362462553.918,601,S1_depeg_stablecoin,united_states,USDC
636,0.9337424004861001,7050361652706.347,601,S1_depeg_stablecoin,united_states,USDC
637,0.9305708843435789,7050361256724.823,601,S1_depeg_stablecoin,united_states,USDC
638,0.9379636195595911,7050360798899.699,601,S1_depeg_stablecoin,united_states,USDC
639,0.9161929833262458,7050360465282.51,601,S1_depeg_stablecoin,united_states,USDC
640,0.9337673700249697,7050359914179.691,601,S1_depeg_stablecoin,united_states,USDC
641,0.9170661777313331,7050359566239.738,601,S1_depeg_stablecoin,united_states,USDC
642,0.8941656833785653,7050359043858.164,601,S1_depeg_stablecoin,united_states,USDC
643,0.8913191842601264,7050358336320.906,601,S1_depeg_stablecoin,united_states,USDC
644,0.8947549688456812,7050357690399.868,601,S1_depeg_stablecoin,united_states,USDC
645,0.90036772568055,7050357135105.909,601,S1_depeg_stablecoin,united_states,USDC
646,0.9164601788091205,7050356634485.803,601,S1_depeg_stablecoin,united_states,USDC
647,0.9236446574098095,7050356296540.383,601,S1_depeg_stablecoin,united_states,USDC
648,0.9171281249057139,7050356011723.016,601,S1_depeg_stablecoin,united_states,USDC
649,0.9308988836467786,7050355700706.025,601,S1_depeg_stablecoin,united_states,USDC
650,0.9427936249529292,7050355490982.712,601,S1_depeg_stablecoin,united_states,USDC
651,0.9523608644484893,7050355347536.842,601,S1_depeg_stablecoin,united_states,USDC
652,0.9344085545441428,7050355258952.314,601,S1_depeg_stablecoin,united_states,USDC
653,0.9569894102899515,7050355071672.103,601,S1_depeg_stablecoin,united_states,USDC
654,0.9312074844672051,7050355011071.541,601,S1_depeg_stablecoin,united_states,USDC
655,0.9341738765031573,7050354810416.143,601,S1_depeg_stablecoin,united_states,USDC
656,0.9431877909311007,7050354648859.06,601,S1_depeg_stablecoin,united_states,USDC
657,0.9359004532782645,7050354524692.108,601,S1_depeg_stablecoin,united_states,USDC
658,0.9330050764995498,7050354380380.281,601,S1_depeg_stablecoin,united_states,USDC
659,0.9230192461738822,7050354218096.336,601,S1_depeg_stablecoin,united_states,USDC
660,0.9433318936746138,7050354024689.018,601,S1_depeg_stablecoin,united_states,USDC
661,0.9671230470014405,7050353925640.594,601,S1_depeg_stablecoin,united_states,USDC
662,0.9638930816345102,7050353920642.166,601,S1_depeg_stablecoin,united_states,USDC
663,0.9606736760905659,7050353898379.373,601,S1_depeg_stablecoin,united_states,USDC
664,0.9552962389387659,7050353860836.973,601,S1_depeg_stablecoin,united_states,USDC
665,0.9808853713675498,7050353805175.25,601,S1_depeg_stablecoin,united_states,USDC
666,0.9970805790782189,7050353805175.25,601,S1_depeg_stablecoin,united_states,USDC
667,0.9956749943790768,7050353805175.25,601,S1_depeg_stablecoin,united_states,USDC
668,1.0095628279380544,7050353805175.25,601,S1_depeg_stablecoin,united_states,USDC
669,1.0234782442220112,7050353805175.25,601,S1_depeg_stablecoin,united_states,USDC
670,1.014451471858392,7050353805175.25,601,S1_depeg_stablecoin,united_states,USDC
671,1.0141482909957027,7050353805175.25,601,S1_depeg_stablecoin,united_states,USDC
672,0.9999245634179426,7050353805175.25,601,S1_depeg_stablecoin,united_states,USDC
673,1.0264539081868012,7050353805175.25,601,S1_depeg_stablecoin,united_states,USDC
674,1.0227577950905846,7050353805175.25,601,S1_depeg_stablecoin,united_states,USDC
675,1.00486432234685,7050353805175.25,601,S1_depeg_stablecoin,united_states,USDC
676,1.057365361316662,7050353805175.25,601,S1_depeg_stablecoin,united_states,USDC
677,1.0420374217404131,7050353805175.25,601,S1_depeg_stablecoin,united_states,USDC
678,1.039633115451785,7050353805175.25,601,S1_depeg_stablecoin,united_states,USDC
679,1.0420606696062777,7050353805175.25,601,S1_depeg_stablecoin,united_states,USDC
680,0.9976700839301058,7050353805175.25,601,S1_depeg_stablecoin,united_states,USDC
681,1.0269439306697983,7050353805175.25,601,S1_depeg_stablecoin,united_states,USDC
682,1.0032773623135214,7050353805175.25,601,S1_depeg_stablecoin,united_states,USDC
683,0.99720682634583,7050353805175.25,601,S1_depeg_stablecoin,united_states,USDC
684,1.009451310158005,7050353805175.25,601,S1_depeg_stablecoin,united_states,USDC
685,1.0103819004596288,7050353805175.25,601,S1_depeg_stablecoin,united_states,USDC
686,1.0029165293077937,7050353805175.25,601,S1_depeg_stablecoin,united_states,USDC
687,1.02844008108381,7050353805175.25,601,S1_depeg_stablecoin,united_states,USDC
688,1.055994806384742,7050353805175.25,601,S1_depeg_stablecoin,united_states,USDC
689,1.0490664462554105,7050353805175.25,601,S1_depeg_stablecoin,united_states,USDC
690,1.0636655310839604,7050353805175.25,601,S1_depeg_stablecoin,united_states,USDC
691,1.0812360447300662,7050353805175.25,601,S1_depeg_stablecoin,united_states,USDC
692,1.0842776661265043,7050353805175.25,601,S1_depeg_stablecoin,united_states,USDC
693,1.0947262637601827,7050353805175.25,601,S1_depeg_stablecoin,united_states,USDC
694,1.114807502457276,7050353805175.25,601,S1_depeg_stablecoin,united_states,USDC
695,1.117285608160866,7050353805175.25,601,S1_depeg_stablecoin,united_states,USDC
696,1.1270066611549818,7050353805175.25,601,S1_depeg_stablecoin,united_states,USDC
697,1.1411544697282017,7050353805175.25,601,S1_depeg_stablecoin,united_states,USDC
698,1.1072147827757435,7050353805175.25,601,S1_depeg_stablecoin,united_states,USDC
699,1.056823265434469,7050353805175.25,601,S1_depeg_stablecoin,united_states,USDC
700,1.0524205297454774,7050353805175.25,601,S1_depeg_stablecoin,united_states,USDC
701,1.033181213415415,7050353805175.25,601,S1_depeg_stablecoin,united_states,USDC
702,1.0475891967025868,7050353805175.25,601,S1_depeg_stablecoin,united_states,USDC
703,1.0798641695674651,7050353805175.25,601,S1_depeg_stablecoin,united_states,USDC
704,1.04373990770313,7050353805175.25,601,S1_depeg_stablecoin,united_states,USDC
705,1.0566363371366927,7050353805175.25,601,S1_depeg_stablecoin,united_states,USDC
706,1.0733204572290318,7050353805175.25,601,S1_depeg_stablecoin,united_states,USDC
707,1.0216340069280447,7050353805175.25,601,S1_depeg_stablecoin,united_states,USDC
708,1.0163039593754506,7050353805175.25,601,S1_depeg_stablecoin,united_states,USDC
709,1.0392449011167781,7050353805175.25,601,S1_depeg_stablecoin,united_states,USDC
710,1.040913215041281,7050353805175.25,601,S1_depeg_stablecoin,united_states,USDC
711,1.0219982063171205,7050353805175.25,601,S1_depeg_stablecoin,united_states,USDC
712,1.0250744883603387,7050353805175.25,601,S1_depeg_stablecoin,united_states,USDC
713,0.9996272875619385,7050353805175.25,601,S1_depeg_stablecoin,united_states,USDC
714,0.9998158813518105,7050353805175.25,601,S1_depeg_stablecoin,united_states,USDC
715,0.9951430423884503,7050353805175.25,601,S1_depeg_stablecoin,united_states,USDC
716,0.975915133280089,7050353805175.25,601,S1_depeg_stablecoin,united_states,USDC
717,0.9717583740587143,7050353805175.25,601,S1_depeg_stablecoin,united_states,USDC
718,0.9798622270001532,7050353805175.25,601,S1_depeg_stablecoin,united_states,USDC
719,1.0124667512833019,7050353805175.25,601,S1_depeg_stablecoin,united_states,USDC
720,1.0144734687358417,7050353805175.25,601,S1_depeg_stablecoin,united_states,USDC
721,1.0174315394456346,7050353805175.25,601,S1_depeg_stablecoin,united_states,USDC
722,1.0146035061356526,7050353805175.25,601,S1_depeg_stablecoin,united_states,USDC
723,1.0141034201373935,7050353805175.25,601,S1_depeg_stablecoin,united_states,USDC
724,0.9891991948200902,7050353805175.25,601,S1_depeg_stablecoin,united_states,USDC
725,0.9949436625339375,7050353805175.25,601,S1_depeg_stablecoin,united_states,USDC
726,0.9987149183198742,7050353805175.25,601,S1_depeg_stablecoin,united_states,USDC
727,1.0102215388544085,7050353805175.25,601,S1_depeg_stablecoin,united_states,USDC
728,1.0305984767210492,7050353805175.25,601,S1_depeg_stablecoin,united_states,USDC
729,1.0405380884308786,7050353805175.25,601,S1_depeg_stablecoin,united_states,USDC
730,1.0235604190427228,7050353805175.25,601,S1_depeg_stablecoin,united_states,USDC
731,1.045943978965402,7050353805175.25,601,S1_depeg_stablecoin,united_states,USDC
732,1.0661398646602172,7050353805175.25,601,S1_depeg_stablecoin,united_states,USDC
733,1.0552508875012057,7050353805175.25,601,S1_depeg_stablecoin,united_states,USDC
734,1.0540393545760254,7050353805175.25,601,S1_depeg_stablecoin,united_states,USDC
735,1.0656001500973757,7050353805175.25,601,S1_depeg_stablecoin,united_states,USDC
736,1.0567210494531076,7050353805175.25,601,S1_depeg_stablecoin,united_states,USDC
737,1.0251049328758441,7050353805175.25,601,S1_depeg_stablecoin,united_states,USDC
738,1.0334750284315124,7050353805175.25,601,S1_depeg_stablecoin,united_states,USDC
739,1.0140025060334117,7050353805175.25,601,S1_depeg_stablecoin,united_states,USDC
740,1.0093522695611352,7050353805175.25,601,S1_depeg_stablecoin,united_states,USDC
741,0.9729557186955925,7050353805175.25,601,S1_depeg_stablecoin,united_states,USDC
742,0.965360290971985,7050353805175.25,601,S1_depeg_stablecoin,united_states,USDC
743,0.9605824794943012,7050353786944.271,601,S1_depeg_stablecoin,united_states,USDC
744,0.9564600950288465,7050353752665.793,601,S1_depeg_stablecoin,united_states,USDC
745,0.9790790972224762,7050353708632.209,601,S1_depeg_stablecoin,united_states,USDC
746,0.9827955087343067,7050353708632.209,601,S1_depeg_stablecoin,united_states,USDC
747,0.9728865557654027,7050353708632.209,601,S1_depeg_stablecoin,united_states,USDC
748,0.9410035096812177,7050353708632.209,601,S1_depeg_stablecoin,united_states,USDC
749,0.9572331155621017,7050353601334.692,601,S1_depeg_stablecoin,united_states,USDC
750,0.9493411450361718,7050353561805.115,601,S1_depeg_stablecoin,united_states,USDC
751,0.9730965602786981,7050353485812.764,601,S1_depeg_stablecoin,united_states,USDC
752,0.9312810322593944,7050353485812.764,601,S1_depeg_stablecoin,united_states,USDC
753,0.9520138140215438,7050353350539.115,601,S1_depeg_stablecoin,united_states,USDC
754,0.9347120352906243,7050353296598.554,601,S1_depeg_stablecoin,united_states,USDC
755,0.9352169735339741,7050353176441.947,601,S1_depeg_stablecoin,united_states,USDC
756,0.9626094658312291,7050353069372.668,601,S1_depeg_stablecoin,united_states,USDC
757,0.9501116252987429,7050353049880.832,601,S1_depeg_stablecoin,united_states,USDC
758,0.9609270347956154,7050352995077.998,601,S1_depeg_stablecoin,united_states,USDC
759,0.9684522724572422,7050352971026.946,601,S1_depeg_stablecoin,united_states,USDC
760,0.994652189530958,7050352971026.946,601,S1_depeg_stablecoin,united_states,USDC
761,1.02178278029825,7050352971026.946,601,S1_depeg_stablecoin,united_states,USDC
762,1.036142713760871,7050352971026.946,601,S1_depeg_stablecoin,united_states,USDC
763,1.0101308489708658,7050352971026.946,601,S1_depeg_stablecoin,united_states,USDC
764,0.983285540545637,7050352971026.946,601,S1_depeg_stablecoin,united_states,USDC
765,0.9767936848515294,7050352971026.946,601,S1_depeg_stablecoin,united_states,USDC
766,0.885565708921348,7050352971026.946,601,S1_depeg_stablecoin,united_states,USDC
767,0.8755949632147075,7050352711865.186,601,S1_depeg_stablecoin,united_states,USDC
768,0.8748763915786983,7050352458920.579,601,S1_depeg_stablecoin,united_states,USDC
769,0.8883703115456563,7050352233068.879,601,S1_depeg_stablecoin,united_states,USDC
770,0.9158092682669968,7050352044617.894,601,S1_depeg_stablecoin,united_states,USDC
771,0.9268459244559144,7050351930040.855,601,S1_depeg_stablecoin,united_states,USDC
772,0.9195665495755317,7050351846320.855,601,S1_depeg_stablecoin,united_states,USDC
773,0.9556737776717452,7050351749998.054,601,S1_depeg_stablecoin,united_states,USDC
774,0.9583158493155708,7050351728071.883,601,S1_depeg_stablecoin,united_states,USDC
775,0.9952214717050232,7050351710907.252,601,S1_depeg_stablecoin,united_states,USDC
776,0.9988036639188393,7050351710907.252,601,S1_depeg_stablecoin,united_states,USDC
777,0.9831853220605795,7050351710907.252,601,S1_depeg_stablecoin,united_states,USDC
778,0.9755765170386986,7050351710907.252,601,S1_depeg_stablecoin,united_states,USDC
779,0.9879551187708231,7050351710907.252,601,S1_depeg_stablecoin,united_states,USDC
780,0.9679639780522056,7050351710907.252,601,S1_depeg_stablecoin,united_states,USDC
781,0.9781138001468,7050351709195.466,601,S1_depeg_stablecoin,united_states,USDC
782,0.970007140273446,7050351709195.466,601,S1_depeg_stablecoin,united_states,USDC
783,0.9548038655934701,7050351709195.466,601,S1_depeg_stablecoin,united_states,USDC
784,0.9874776086439161,7050351686317.146,601,S1_depeg_stablecoin,united_states,USDC
785,1.0023639147585954,7050351686317.146,601,S1_depeg_stablecoin,united_states,USDC
786,1.0101477950695654,7050351686317.146,601,S1_depeg_stablecoin,united_states,USDC
787,1.0396778312975483,7050351686317.146,601,S1_depeg_stablecoin,united_states,USDC
788,1.0333926168274392,7050351686317.146,601,S1_depeg_stablecoin,united_states,USDC
789,1.0236926213989017,7050351686317.146,601,S1_depeg_stablecoin,united_states,USDC
790,1.0287441919812144,7050351686317.146,601,S1_depeg_stablecoin,united_states,USDC
791,1.0666323250414613,7050351686317.146,601,S1_depeg_stablecoin,united_states,USDC
792,1.039676747196105,7050351686317.146,601,S1_depeg_stablecoin,united_states,USDC
793,1.0541826893101818,7050351686317.146,601,S1_depeg_stablecoin,united_states,USDC
794,1.0388604251406706,7050351686317.146,601,S1_depeg_stablecoin,united_states,USDC
795,1.0557103618997479,7050351686317.146,601,S1_depeg_stablecoin,united_states,USDC
796,1.0382626147539291,7050351686317.146,601,S1_depeg_stablecoin,united_states,USDC
797,1.0425420167169086,7050351686317.146,601,S1_depeg_stablecoin,united_states,USDC
798,1.0416755984947135,7050351686317.146,601,S1_depeg_stablecoin,united_states,USDC
799,1.0507585597659306,7050351686317.146,601,S1_depeg_stablecoin,united_states,USDC
800,1.0470591471076414,7050351686317.146,601,S1_depeg_stablecoin,united_states,USDC
801,1.0579298086023945,7050351686317.146,601,S1_depeg_stablecoin,united_states,USDC
802,1.0868134475537676,7050351686317.146,601,S1_depeg_stablecoin,united_states,USDC
803,1.0763427704645585,7050351686317.146,601,S1_depeg_stablecoin,united_states,USDC
804,1.0553400157218764,7050351686317.146,601,S1_depeg_stablecoin,united_states,USDC
805,1.046004497607159,7050351686317.146,601,S1_depeg_stablecoin,united_states,USDC
806,1.0343625786140584,7050351686317.146,601,S1_depeg_stablecoin,united_states,USDC
807,1.0487201754969186,7050351686317.146,601,S1_depeg_stablecoin,united_states,USDC
808,1.0468647898314665,7050351686317.146,601,S1_depeg_stablecoin,united_states,USDC
809,1.0632773004750886,7050351686317.146,601,S1_depeg_stablecoin,united_states,USDC
810,1.0740309545239328,7050351686317.146,601,S1_depeg_stablecoin,united_states,USDC
811,1.0663441454850378,7050351686317.146,601,S1_depeg_stablecoin,united_states,USDC
812,1.048978634534085,7050351686317.146,601,S1_depeg_stablecoin,united_states,USDC
813,1.0604247659591663,7050351686317.146,601,S1_depeg_stablecoin,united_states,USDC
814,1.061891537529325,7050351686317.146,601,S1_depeg_stablecoin,united_states,USDC
815,1.0848728714398264,7050351686317.146,601,S1_depeg_stablecoin,united_states,USDC
816,1.0920723729474535,7050351686317.146,601,S1_depeg_stablecoin,united_states,USDC
817,1.0597809250638563,7050351686317.146,601,S1_depeg_stablecoin,united_states,USDC
818,1.0601149476112082,7050351686317.146,601,S1_depeg_stablecoin,united_states,USDC
819,1.0656697371949377,7050351686317.146,601,S1_depeg_stablecoin,united_states,USDC
820,1.0973646943065611,7050351686317.146,601,S1_depeg_stablecoin,united_states,USDC
821,1.071582189882656,7050351686317.146,601,S1_depeg_stablecoin,united_states,USDC
822,1.0343228111310243,7050351686317.146,601,S1_depeg_stablecoin,united_states,USDC
823,1.0877727034375293,7050351686317.146,601,S1_depeg_stablecoin,united_states,USDC
824,1.0837003793026068,7050351686317.146,601,S1_depeg_stablecoin,united_states,USDC
825,1.0857675998349954,7050351686317.146,601,S1_depeg_stablecoin,united_states,USDC
826,1.0620600643111766,7050351686317.146,601,S1_depeg_stablecoin,united_states,USDC
827,1.0799646289944855,7050351686317.146,601,S1_depeg_stablecoin,united_states,USDC
828,1.090537081674939,7050351686317.146,601,S1_depeg_stablecoin,united_states,USDC
829,1.079566123964493,7050351686317.146,601,S1_depeg_stablecoin,united_states,USDC
830,1.0640477298665156,7050351686317.146,601,S1_depeg_stablecoin,united_states,USDC
831,1.0693569994737173,7050351686317.146,601,S1_depeg_stablecoin,united_states,USDC
832,1.0598321808581768,7050351686317.146,601,S1_depeg_stablecoin,united_states,USDC
833,1.0568075542825042,7050351686317.146,601,S1_depeg_stablecoin,united_states,USDC
834,1.0485128237060193,7050351686317.146,601,S1_depeg_stablecoin,united_states,USDC
835,1.0591219587094205,7050351686317.146,601,S1_depeg_stablecoin,united_states,USDC
836,1.0635740627912793,7050351686317.146,601,S1_depeg_stablecoin,united_states,USDC
837,1.0709966642510622,7050351686317.146,601,S1_depeg_stablecoin,united_states,USDC
838,1.0993015563120974,7050351686317.146,601,S1_depeg_stablecoin,united_states,USDC
839,1.1531993275748305,7050351686317.146,601,S1_depeg_stablecoin,united_states,USDC
840,1.142880857375754,7050351686317.146,601,S1_depeg_stablecoin,united_states,USDC
841,1.1475984756579403,7050351686317.146,601,S1_depeg_stablecoin,united_states,USDC
842,1.1345105661607116,7050351686317.146,601,S1_depeg_stablecoin,united_states,USDC
843,1.101234792462645,7050351686317.146,601,S1_depeg_stablecoin,united_states,USDC
844,1.0564193187221393,7050351686317.146,601,S1_depeg_stablecoin,united_states,USDC
845,1.050562717664023,7050351686317.146,601,S1_depeg_stablecoin,united_states,USDC
846,1.0467002032592878,7050351686317.146,601,S1_depeg_stablecoin,united_states,USDC
847,1.0380055369800287,7050351686317.146,601,S1_depeg_stablecoin,united_states,USDC
848,1.0114918517580285,7050351686317.146,601,S1_depeg_stablecoin,united_states,USDC
849,0.9824527461086312,7050351686317.146,601,S1_depeg_stablecoin,united_states,USDC
850,0.9934394190939906,7050351686317.146,601,S1_depeg_stablecoin,united_states,USDC
851,0.9477471084406237,7050351686317.146,601,S1_depeg_stablecoin,united_states,USDC
852,0.881037728199141,7050351647487.033,601,S1_depeg_stablecoin,united_states,USDC
853,0.8991215923929351,7050351499182.84,601,S1_depeg_stablecoin,united_states,USDC
854,0.9122190347319691,7050351389177.788,601,S1_depeg_stablecoin,united_states,USDC
855,0.9125412400604856,7050351310260.15,601,S1_depeg_stablecoin,united_states,USDC
856,0.9103161193675727,7050351236234.633,601,S1_depeg_stablecoin,united_states,USDC
857,0.9580335689868109,7050351163622.311,601,S1_depeg_stablecoin,united_states,USDC
858,0.946617047417434,7050351149189.764,601,S1_depeg_stablecoin,united_states,USDC
859,0.9670817240867414,7050351124515.329,601,S1_depeg_stablecoin,united_states,USDC
860,0.9792359526829502,7050351122391.235,601,S1_depeg_stablecoin,united_states,USDC
861,0.9994579140054255,7050351122391.235,601,S1_depeg_stablecoin,united_states,USDC
862,1.0094674598553228,7050351122391.235,601,S1_depeg_stablecoin,united_states,USDC
863,1.0069701477638369,7050351122391.235,601,S1_depeg_stablecoin,united_states,USDC
864,1.003553565813703,7050351122391.235,601,S1_depeg_stablecoin,united_states,USDC
865,1.0055058907840113,7050351122391.235,601,S1_depeg_stablecoin,united_states,USDC
866,0.981529833985928,7050351122391.235,601,S1_depeg_stablecoin,united_states,USDC
867,0.9924467809974197,7050351122391.235,601,S1_depeg_stablecoin,united_states,USDC
868,1.0067345201030014,7050351122391.235,601,S1_depeg_stablecoin,united_states,USDC
869,0.9977739143953236,7050351122391.235,601,S1_depeg_stablecoin,united_states,USDC
870,0.9756963683919968,7050351122391.235,601,S1_depeg_stablecoin,united_states,USDC
871,1.0077833292504017,7050351122391.235,601,S1_depeg_stablecoin,united_states,USDC
872,0.9941885599600188,7050351122391.235,601,S1_depeg_stablecoin,united_states,USDC
873,0.9930578938416719,7050351122391.235,601,S1_depeg_stablecoin,united_states,USDC
874,1.0239952047375527,7050351122391.235,601,S1_depeg_stablecoin,united_states,USDC
875,0.9998569236692191,7050351122391.235,601,S1_depeg_stablecoin,united_states,USDC
876,1.009841868927101,7050351122391.235,601,S1_depeg_stablecoin,united_states,USDC
877,1.0449269036252509,7050351122391.235,601,S1_depeg_stablecoin,united_states,USDC
878,1.0225043041390873,7050351122391.235,601,S1_depeg_stablecoin,united_states,USDC
879,1.021036976168058,7050351122391.235,601,S1_depeg_stablecoin,united_states,USDC
880,0.9925249108114611,7050351122391.235,601,S1_depeg_stablecoin,united_states,USDC
881,0.981085609365768,7050351122391.235,601,S1_depeg_stablecoin,united_states,USDC
882,0.9675416473728876,7050351122391.235,601,S1_depeg_stablecoin,united_states,USDC
883,0.9621408266635036,7050351119530.746,601,S1_depeg_stablecoin,united_states,USDC
884,1.0008604998524073,7050351112606.172,601,S1_depeg_stablecoin,united_states,USDC
885,0.9946063588062108,7050351112606.172,601,S1_depeg_stablecoin,united_states,USDC
886,0.9936449186272547,7050351112606.172,601,S1_depeg_stablecoin,united_states,USDC
887,0.9897973262872547,7050351112606.172,601,S1_depeg_stablecoin,united_states,USDC
888,1.005182391872379,7050351112606.172,601,S1_depeg_stablecoin,united_states,USDC
889,0.9879599669804465,7050351112606.172,601,S1_depeg_stablecoin,united_states,USDC
890,0.9660198662221617,7050351112606.172,601,S1_depeg_stablecoin,united_states,USDC
891,0.954513880858765,7050351108015.119,601,S1_depeg_stablecoin,united_states,USDC
892,0.9567594308235847,7050351092837.928,601,S1_depeg_stablecoin,united_states,USDC
893,0.929734900646175,7050351079474.585,601,S1_depeg_stablecoin,united_states,USDC
894,0.9478549583266938,7050351035725.641,601,S1_depeg_stablecoin,united_states,USDC
895,0.9326811864701635,7050351011936.686,601,S1_depeg_stablecoin,united_states,USDC
896,0.951168021105201,7050350972762.781,601,S1_depeg_stablecoin,united_states,USDC
897,0.9776580866568413,7050350954567.871,601,S1_depeg_stablecoin,united_states,USDC
898,1.0002359152692928,7050350954567.871,601,S1_depeg_stablecoin,united_states,USDC
899,0.996015478566801,7050350954567.871,601,S1_depeg_stablecoin,united_states,USDC
900,1.0003488849206996,7050350954567.871,601,S1_depeg_stablecoin,united_states,USDC
901,0.9927532167660964,7050350954567.871,601,S1_depeg_stablecoin,united_states,USDC
902,0.9943748600210491,7050350954567.871,601,S1_depeg_stablecoin,united_states,USDC
903,0.9977747230999888,7050350954567.871,601,S1_depeg_stablecoin,united_states,USDC
904,0.9845450956526677,7050350954567.871,601,S1_depeg_stablecoin,united_states,USDC
905,0.9804341278551953,7050350954567.871,601,S1_depeg_stablecoin,united_states,USDC
906,0.9712199313457386,7050350954567.871,601,S1_depeg_stablecoin,united_states,USDC
907,1.0031523789583143,7050350954567.871,601,S1_depeg_stablecoin,united_states,USDC
908,0.9905073066980613,7050350954567.871,601,S1_depeg_stablecoin,united_states,USDC
909,0.9966895672828017,7050350954567.871,601,S1_depeg_stablecoin,united_states,USDC
910,0.9896338452531827,7050350954567.871,601,S1_depeg_stablecoin,united_states,USDC
911,0.9707710249069402,7050350954567.871,601,S1_depeg_stablecoin,united_states,USDC
912,0.9692354522243078,7050350954567.871,601,S1_depeg_stablecoin,united_states,USDC
913,0.9789213611165031,7050350954567.871,601,S1_depeg_stablecoin,united_states,USDC
914,0.9886605554787335,7050350954567.871,601,S1_depeg_stablecoin,united_states,USDC
915,0.9854558110718931,7050350954567.871,601,S1_depeg_stablecoin,united_states,USDC
916,0.9924095344679925,7050350954567.871,601,S1_depeg_stablecoin,united_states,USDC
917,0.9907226925446094,7050350954567.871,601,S1_depeg_stablecoin,united_states,USDC
918,0.9786774023138819,7050350954567.871,601,S1_depeg_stablecoin,united_states,USDC
919,0.9511865115521552,7050350954567.871,601,S1_depeg_stablecoin,united_states,USDC
920,0.9496558078682512,7050350937550.896,601,S1_depeg_stablecoin,united_states,USDC
921,0.9550270766212683,7050350920204.834,601,S1_depeg_stablecoin,united_states,USDC
922,0.9562763364616691,7050350905903.591,601,S1_depeg_stablecoin,united_states,USDC
923,0.9674726335688899,7050350893683.373,601,S1_depeg_stablecoin,united_states,USDC
924,0.972987383126734,7050350892339.578,601,S1_depeg_stablecoin,united_states,USDC
925,0.9817009176508444,7050350892339.578,601,S1_depeg_stablecoin,united_states,USDC
926,0.9519686652598306,7050350892339.578,601,S1_depeg_stablecoin,united_states,USDC
927,0.9572501876367833,7050350875635.111,601,S1_depeg_stablecoin,united_states,USDC
928,0.9734757050603629,7050350864692.4,601,S1_depeg_stablecoin,united_states,USDC
929,0.9783867532770033,7050350864692.4,601,S1_depeg_stablecoin,united_states,USDC
930,0.9912458556843691,7050350864692.4,601,S1_depeg_stablecoin,united_states,USDC
931,0.988194812624681,7050350864692.4,601,S1_depeg_stablecoin,united_states,USDC
932,0.9844801095478001,7050350864692.4,601,S1_depeg_stablecoin,united_states,USDC
933,0.9744268428498027,7050350864692.4,601,S1_depeg_stablecoin,united_states,USDC
934,0.971933515010021,7050350864692.4,601,S1_depeg_stablecoin,united_states,USDC
935,0.850371689260249,7050350864692.4,601,S1_depeg_stablecoin,united_states,USDC
936,0.836723873898301,7050350761746.657,601,S1_depeg_stablecoin,united_states,USDC
937,0.8361356547628538,7050350660534.719,601,S1_depeg_stablecoin,united_states,USDC
938,0.8448901727356657,7050350574143.463,601,S1_depeg_stablecoin,united_states,USDC
939,0.8767151901578617,7050350499280.742,601,S1_depeg_stablecoin,united_states,USDC
940,0.8809161414531268,7050350451725.87,601,S1_depeg_stablecoin,united_states,USDC
941,0.8985865347424488,7050350411538.043,601,S1_depeg_stablecoin,united_states,USDC
942,0.9134960529718009,7050350380777.295,601,S1_depeg_stablecoin,united_states,USDC
943,0.9088087612031324,7050350359384.236,601,S1_depeg_stablecoin,united_states,USDC
944,0.933024001517845,7050350336884.752,601,S1_depeg_stablecoin,united_states,USDC
945,0.9270819361797311,7050350324595.278,601,S1_depeg_stablecoin,united_states,USDC
946,0.931956764768472,7050350310376.287,601,S1_depeg_stablecoin,united_states,USDC
947,0.9290216267691886,7050350298333.785,601,S1_depeg_stablecoin,united_states,USDC
948,0.9501351845425147,7050350285832.834,601,S1_depeg_stablecoin,united_states,USDC
949,0.9947133001863432,7050350279850.572,601,S1_depeg_stablecoin,united_states,USDC
950,0.964536637285968,7050350279850.572,601,S1_depeg_stablecoin,united_states,USDC
951,0.9753505619775624,7050350278589.646,601,S1_depeg_stablecoin,united_states,USDC
952,0.984752900233066,7050350278589.646,601,S1_depeg_stablecoin,united_states,USDC
953,0.9936808824970597,7050350278589.646,601,S1_depeg_stablecoin,united_states,USDC
954,0.9997719888326144,7050350278589.646,601,S1_depeg_stablecoin,united_states,USDC
955,1.0161842539810966,7050350278589.646,601,S1_depeg_stablecoin,united_states,USDC
956,0.9669280989478746,7050350278589.646,601,S1_depeg_stablecoin,united_states,USDC
957,0.9464865440814273,7050350277848.232,601,S1_depeg_stablecoin,united_states,USDC
958,0.9494879124165201,7050350270960.741,601,S1_depeg_stablecoin,united_states,USDC
959,0.9362443810124733,7050350265343.21,601,S1_depeg_stablecoin,united_states,USDC
960,0.9657326382818627,7050350255890.785,601,S1_depeg_stablecoin,united_states,USDC
961,0.9730052630020286,7050350255047.168,601,S1_depeg_stablecoin,united_states,USDC
962,0.9807090032826309,7050350255047.168,601,S1_depeg_stablecoin,united_states,USDC
963,0.9841762193569652,7050350255047.168,601,S1_depeg_stablecoin,united_states,USDC
964,0.9810725583773602,7050350255047.168,601,S1_depeg_stablecoin,united_states,USDC
965,1.0119213752284368,7050350255047.168,601,S1_depeg_stablecoin,united_states,USDC
966,1.027286197839193,7050350255047.168,601,S1_depeg_stablecoin,united_states,USDC
967,0.9872599683289246,7050350255047.168,601,S1_depeg_stablecoin,united_states,USDC
968,0.9576353809059966,7050350255047.168,601,S1_depeg_stablecoin,united_states,USDC
969,0.945721933793481,7050350252286.68,601,S1_depeg_stablecoin,united_states,USDC
970,0.9474399665383508,7050350245815.0,601,S1_depeg_stablecoin,united_states,USDC
971,0.9269654635101513,7050350240177.666,601,S1_depeg_stablecoin,united_states,USDC
972,0.91133934692717,7050350229243.391,601,S1_depeg_stablecoin,united_states,USDC
973,0.9335677885779589,7050350215000.061,601,S1_depeg_stablecoin,united_states,USDC
974,0.9221407889161941,7050350206940.004,601,S1_depeg_stablecoin,united_states,USDC
975,0.9438644283168106,7050350196994.679,601,S1_depeg_stablecoin,united_states,USDC
976,0.9340565334219496,7050350191710.133,601,S1_depeg_stablecoin,united_states,USDC
977,0.9025125737839965,7050350184373.537,601,S1_depeg_stablecoin,united_states,USDC
978,0.9314611358377527,7050350171427.088,601,S1_depeg_stablecoin,united_states,USDC
979,0.9361814171726437,7050350164366.594,601,S1_depeg_stablecoin,united_states,USDC
980,0.9675135799859892,7050350158417.038,601,S1_depeg_stablecoin,united_states,USDC
981,0.9667116254254333,7050350158086.82,601,S1_depeg_stablecoin,united_states,USDC
982,0.9551658075583491,7050350157529.6,601,S1_depeg_stablecoin,united_states,USDC
983,0.9634930226146164,7050350155024.443,601,S1_depeg_stablecoin,united_states,USDC
984,0.9720381709571685,7050350154144.59,601,S1_depeg_stablecoin,united_states,USDC
985,1.007116403363485,7050350154144.59,601,S1_depeg_stablecoin,united_states,USDC
986,0.9936715495264623,7050350154144.59,601,S1_depeg_stablecoin,united_states,USDC
987,1.0254431595389422,7050350154144.59,601,S1_depeg_stablecoin,united_states,USDC
988,1.0158573937096338,7050350154144.59,601,S1_depeg_stablecoin,united_states,USDC
989,0.9934839214475671,7050350154144.59,601,S1_depeg_stablecoin,united_states,USDC
990,0.9874827766118481,7050350154144.59,601,S1_depeg_stablecoin,united_states,USDC
991,0.98279634323657,7050350154144.59,601,S1_depeg_stablecoin,united_states,USDC
992,0.989668155120937,7050350154144.59,601,S1_depeg_stablecoin,united_states,USDC
993,1.00683405162833,7050350154144.59,601,S1_depeg_stablecoin,united_states,USDC
994,0.9926311492511638,7050350154144.59,601,S1_depeg_stablecoin,united_states,USDC
995,0.967065676060345,7050350154144.59,601,S1_depeg_stablecoin,united_states,USDC
996,1.0270651602124716,7050350153839.24,601,S1_depeg_stablecoin,united_states,USDC
997,1.0481211578868455,7050350153839.24,601,S1_depeg_stablecoin,united_states,USDC
998,1.0392230940653977,7050350153839.24,601,S1_depeg_stablecoin,united_states,USDC
999,1.0108950372599685,7050350153839.24,601,S1_depeg_stablecoin,united_states,USDC
1000,1.0256437932120699,7050350153839.24,601,S1_depeg_stablecoin,united_states,USDC
