Step,price,liquidity,iteration,scenario,region,coin
1,0.9847129193899019,6300000000000.0,840,S5_twin_shock_imf_bailout,eurozone,USDC
2,0.9635866887315451,6300000000000.0,840,S5_twin_shock_imf_bailout,eurozone,USDC
3,0.9409421098334553,6299166930701.211,840,S5_twin_shock_imf_bailout,eurozone,USDC
4,0.9306651459093382,6295417356551.934,840,S5_twin_shock_imf_bailout,eurozone,USDC
5,0.9201199941967146,6290531620639.906,840,S5_twin_shock_imf_bailout,eurozone,USDC
6,0.9086564008234667,6284669357086.709,840,S5_twin_shock_imf_bailout,eurozone,USDC
7,0.9034128679880788,6277817471469.39,840,S5_twin_shock_imf_bailout,eurozone,USDC
8,0.8898677246891233,6270843170236.25,840,S5_twin_shock_imf_bailout,eurozone,USDC
9,0.890451162144938,6263012833866.074,840,S5_twin_shock_imf_bailout,eurozone,USDC
10,0.8929565130874634,6255822217013.168,840,S5_twin_shock_imf_bailout,eurozone,USDC
11,0.8819081852354994,6249426898552.125,840,S5_twin_shock_imf_bailout,eurozone,USDC
12,0.8935136306703709,6242687890661.656,840,S5_twin_shock_imf_bailout,eurozone,USDC
13,0.9031981581515603,6237320040424.562,840,S5_twin_shock_imf_bailout,eurozone,USDC
14,0.8940275829921855,6233044466890.646,840,S5_twin_shock_imf_bailout,eurozone,USDC
15,0.885628891673284,6228511169561.323,840,S5_twin_shock_imf_bailout,eurozone,USDC
16,0.865162706882615,6223865512588.637,840,S5_twin_shock_imf_bailout,eurozone,USDC
17,0.8567242906245224,6218530294694.328,840,S5_twin_shock_imf_bailout,eurozone,USDC
18,0.8648379460422354,6213385174735.662,840,S5_twin_shock_imf_bailout,eurozone,USDC
19,0.8716717430283112,6209263331720.657,840,S5_twin_shock_imf_bailout,eurozone,USDC
20,0.8598693200352665,6205733330449.3955,840,S5_twin_shock_imf_bailout,eurozone,USDC
21,0.8971948357041691,6202177359824.232,840,S5_twin_shock_imf_bailout,eurozone,USDC
22,0.9117005278120242,6200095030483.202,840,S5_twin_shock_imf_bailout,eurozone,USDC
23,0.9113463603400965,6198553963942.576,840,S5_twin_shock_imf_bailout,eurozone,USDC
24,0.9223208853033759,6197096042231.293,840,S5_twin_shock_imf_bailout,eurozone,USDC
25,0.9461645750029084,6196007222091.221,840,S5_twin_shock_imf_bailout,eurozone,USDC
26,0.9797243567866066,6195466447357.665,840,S5_twin_shock_imf_bailout,eurozone,USDC
27,0.9800874739266778,6195466447357.665,840,S5_twin_shock_imf_bailout,eurozone,USDC
28,0.9876334240249277,6195466447357.665,840,S5_twin_shock_imf_bailout,eurozone,USDC
29,0.9800077138784784,6195466447357.665,840,S5_twin_shock_imf_bailout,eurozone,USDC
30,0.9690941750123692,6195466447357.665,840,S5_twin_shock_imf_bailout,eurozone,USDC
31,0.9743493350490164,6195466447357.665,840,S5_twin_shock_imf_bailout,eurozone,USDC
32,0.973912015344944,6195466447357.665,840,S5_twin_shock_imf_bailout,eurozone,USDC
33,1.0153534860282951,6195466447357.665,840,S5_twin_shock_imf_bailout,eurozone,USDC
34,0.9952457086252138,6195466447357.665,840,S5_twin_shock_imf_bailout,eurozone,USDC
35,1.0265763406840613,6195466447357.665,840,S5_twin_shock_imf_bailout,eurozone,USDC
36,1.0218920549203951,6195466447357.665,840,S5_twin_shock_imf_bailout,eurozone,USDC
37,1.0376621296649797,6195466447357.665,840,S5_twin_shock_imf_bailout,eurozone,USDC
38,1.0555722757370216,6195466447357.665,840,S5_twin_shock_imf_bailout,eurozone,USDC
39,1.0695245041892605,6195466447357.665,840,S5_twin_shock_imf_bailout,eurozone,USDC
40,1.0762660208154973,6195466447357.665,840,S5_twin_shock_imf_bailout,eurozone,USDC
41,1.059488967852553,6195466447357.665,840,S5_twin_shock_imf_bailout,eurozone,USDC
42,1.0937788588219046,6195466447357.665,840,S5_twin_shock_imf_bailout,eurozone,USDC
43,1.0466933073199887,6195466447357.665,840,S5_twin_shock_imf_bailout,eurozone,USDC
44,0.9928619774682768,6195466447357.665,840,S5_twin_shock_imf_bailout,eurozone,USDC
45,1.0076040243257582,6195466447357.665,840,S5_twin_shock_imf_bailout,eurozone,USDC
46,1.0240042029762595,6195466447357.665,840,S5_twin_shock_imf_bailout,eurozone,USDC
47,0.9104884726560006,6195466447357.665,840,S5_twin_shock_imf_bailout,eurozone,USDC
48,0.916976563923904,6194149435946.424,840,S5_twin_shock_imf_bailout,eurozone,USDC
49,0.8737441231338294,6193048000555.831,840,S5_twin_shock_imf_bailout,eurozone,USDC
50,0.8557359208443701,6191157812931.038,840,S5_twin_shock_imf_bailout,eurozone,USDC
51,0.8567095709859764,6189179281333.31,840,S5_twin_shock_imf_bailout,eurozone,USDC
52,0.881791920936063,6187444093166.422,840,S5_twin_shock_imf_bailout,eurozone,USDC
53,0.8792025737155622,6186221538905.633,840,S5_twin_shock_imf_bailout,eurozone,USDC
54,0.8686473317913179,6185077534495.461,840,S5_twin_shock_imf_bailout,eurozone,USDC
55,0.9098042129198876,6183969739750.887,840,S5_twin_shock_imf_bailout,eurozone,USDC
56,0.8928824672591172,6183381814546.795,840,S5_twin_shock_imf_bailout,eurozone,USDC
57,0.8878749338227153,6182670383023.248,840,S5_twin_shock_imf_bailout,eurozone,USDC
58,0.869328867661106,6181969658098.502,840,S5_twin_shock_imf_bailout,eurozone,USDC
59,0.886572681244956,6181142529742.698,840,S5_twin_shock_imf_bailout,eurozone,USDC
60,0.8970635584613021,6180556014622.91,840,S5_twin_shock_imf_bailout,eurozone,USDC
61,0.8959422072915351,6180097839636.855,840,S5_twin_shock_imf_bailout,eurozone,USDC
62,0.9259186179062247,6179632280313.355,840,S5_twin_shock_imf_bailout,eurozone,USDC
63,0.9264297829501932,6179390669032.249,840,S5_twin_shock_imf_bailout,eurozone,USDC
64,0.9253034921524294,6179168975233.031,840,S5_twin_shock_imf_bailout,eurozone,USDC
65,0.9402938692847891,6178930794674.199,840,S5_twin_shock_imf_bailout,eurozone,USDC
66,0.9418084813643565,6178779789693.661,840,S5_twin_shock_imf_bailout,eurozone,USDC
67,0.9707844416655368,6178655209931.629,840,S5_twin_shock_imf_bailout,eurozone,USDC
68,0.9433663272522858,6178655209931.629,840,S5_twin_shock_imf_bailout,eurozone,USDC
69,0.9598298562742424,6178527389995.658,840,S5_twin_shock_imf_bailout,eurozone,USDC
70,0.9430955255322473,6178489296272.342,840,S5_twin_shock_imf_bailout,eurozone,USDC
71,0.9503876761193608,6178377946679.887,840,S5_twin_shock_imf_bailout,eurozone,USDC
72,0.9553523499983022,6178300625336.807,840,S5_twin_shock_imf_bailout,eurozone,USDC
73,0.9491435249522554,6178242277395.145,840,S5_twin_shock_imf_bailout,eurozone,USDC
74,0.931615276940748,6178158486963.991,840,S5_twin_shock_imf_bailout,eurozone,USDC
75,0.9100332427620119,6177993927819.189,840,S5_twin_shock_imf_bailout,eurozone,USDC
76,0.9093543954305298,6177753194862.957,840,S5_twin_shock_imf_bailout,eurozone,USDC
77,0.911423595683397,6177536077089.08,840,S5_twin_shock_imf_bailout,eurozone,USDC
78,0.9196001919350968,6177322540304.271,840,S5_twin_shock_imf_bailout,eurozone,USDC
79,0.9091778719879057,6177149905877.855,840,S5_twin_shock_imf_bailout,eurozone,USDC
80,0.9107644406239119,6176957330951.91,840,S5_twin_shock_imf_bailout,eurozone,USDC
81,0.9125191924181761,6176785839041.313,840,S5_twin_shock_imf_bailout,eurozone,USDC
82,0.920893426240017,6176624978442.8955,840,S5_twin_shock_imf_bailout,eurozone,USDC
83,0.9559625139046177,6176495610023.301,840,S5_twin_shock_imf_bailout,eurozone,USDC
84,0.9511742348569493,6176465159434.211,840,S5_twin_shock_imf_bailout,eurozone,USDC
85,0.9601516086617141,6176423519900.428,840,S5_twin_shock_imf_bailout,eurozone,USDC
86,0.9856856202322661,6176403891958.236,840,S5_twin_shock_imf_bailout,eurozone,USDC
87,0.9579687362748294,6176403891958.236,840,S5_twin_shock_imf_bailout,eurozone,USDC
88,0.987290822229938,6176379283785.79,840,S5_twin_shock_imf_bailout,eurozone,USDC
89,0.9824076164802634,6176379283785.79,840,S5_twin_shock_imf_bailout,eurozone,USDC
90,0.9735732266858246,6176379283785.79,840,S5_twin_shock_imf_bailout,eurozone,USDC
91,0.9826673668878134,6176379283785.79,840,S5_twin_shock_imf_bailout,eurozone,USDC
92,0.9858638415569125,6176379283785.79,840,S5_twin_shock_imf_bailout,eurozone,USDC
93,0.9678286255918971,6176379283785.79,840,S5_twin_shock_imf_bailout,eurozone,USDC
94,0.964426649962831,6176377903296.669,840,S5_twin_shock_imf_bailout,eurozone,USDC
95,0.9604816893102688,6176368600834.699,840,S5_twin_shock_imf_bailout,eurozone,USDC
96,0.9914520336198893,6176345358485.581,840,S5_twin_shock_imf_bailout,eurozone,USDC
97,1.0151728641163467,6176345358485.581,840,S5_twin_shock_imf_bailout,eurozone,USDC
98,1.0181675808840362,6176345358485.581,840,S5_twin_shock_imf_bailout,eurozone,USDC
99,1.0436879167588369,6176345358485.581,840,S5_twin_shock_imf_bailout,eurozone,USDC
100,1.0421700907605878,6176345358485.581,840,S5_twin_shock_imf_bailout,eurozone,USDC
101,0.8958230469876501,6176345358485.581,840,S5_twin_shock_imf_bailout,eurozone,USDC
102,0.91874822510774,6176178600824.607,840,S5_twin_shock_imf_bailout,eurozone,USDC
103,0.9180668832602283,6176066501334.705,840,S5_twin_shock_imf_bailout,eurozone,USDC
104,0.9549515529568228,6175958765708.833,840,S5_twin_shock_imf_bailout,eurozone,USDC
105,0.961358291102907,6175931398445.441,840,S5_twin_shock_imf_bailout,eurozone,USDC
106,0.9815685176847,6175915476272.817,840,S5_twin_shock_imf_bailout,eurozone,USDC
107,0.9830293117152877,6175915476272.817,840,S5_twin_shock_imf_bailout,eurozone,USDC
108,0.9698494064887496,6175915476272.817,840,S5_twin_shock_imf_bailout,eurozone,USDC
109,0.9804107465922403,6175915178893.129,840,S5_twin_shock_imf_bailout,eurozone,USDC
110,1.007651287032261,6175915178893.129,840,S5_twin_shock_imf_bailout,eurozone,USDC
111,1.0186998209266485,6175915178893.129,840,S5_twin_shock_imf_bailout,eurozone,USDC
112,1.0282507305008326,6175915178893.129,840,S5_twin_shock_imf_bailout,eurozone,USDC
113,1.0466522934402949,6175915178893.129,840,S5_twin_shock_imf_bailout,eurozone,USDC
114,1.0288516887490002,6175915178893.129,840,S5_twin_shock_imf_bailout,eurozone,USDC
115,1.0441309783861827,6175915178893.129,840,S5_twin_shock_imf_bailout,eurozone,USDC
116,1.0496764251948094,6175915178893.129,840,S5_twin_shock_imf_bailout,eurozone,USDC
117,1.0437543822226067,6175915178893.129,840,S5_twin_shock_imf_bailout,eurozone,USDC
118,1.0372285896396056,6175915178893.129,840,S5_twin_shock_imf_bailout,eurozone,USDC
119,1.0201343584476388,6175915178893.129,840,S5_twin_shock_imf_bailout,eurozone,USDC
120,0.9822150344628049,6175915178893.129,840,S5_twin_shock_imf_bailout,eurozone,USDC
121,54000000.968772,6025117299420.801,840,S5_twin_shock_imf_bailout,eurozone,USDC
122,43200001.95,5877369366935.281,840,S5_twin_shock_imf_bailout,eurozone,USDC
123,34560001.95,5732739132761.899,840,S5_twin_shock_imf_bailout,eurozone,USDC
124,27648001.95,5591263854442.852,840,S5_twin_shock_imf_bailout,eurozone,USDC
125,22118401.95,5452956818081.78,840,S5_twin_shock_imf_bailout,eurozone,USDC
126,17694721.95,5317812545629.736,840,S5_twin_shock_imf_bailout,eurozone,USDC
127,14155777.95,5185810950388.992,840,S5_twin_shock_imf_bailout,eurozone,USDC
128,11324622.749999998,5056920651349.268,840,S5_twin_shock_imf_bailout,eurozone,USDC
129,9059698.59,4931101614841.536,840,S5_twin_shock_imf_bailout,eurozone,USDC
130,7247759.262,4808307258291.299,840,S5_twin_shock_imf_bailout,eurozone,USDC
131,5798207.7996000005,4688486123890.655,840,S5_twin_shock_imf_bailout,eurozone,USDC
132,4638566.629679999,4571583208438.701,840,S5_twin_shock_imf_bailout,eurozone,USDC
133,3710853.693744,4457541018343.983,840,S5_twin_shock_imf_bailout,eurozone,USDC
134,2968683.3449952,4346300404978.383,840,S5_twin_shock_imf_bailout,eurozone,USDC
135,2374947.0659961603,4237801224528.323,840,S5_twin_shock_imf_bailout,eurozone,USDC
136,1899958.0427969275,4131982857654.635,840,S5_twin_shock_imf_bailout,eurozone,USDC
137,1519966.824237542,4028784617204.885,840,S5_twin_shock_imf_bailout,eurozone,USDC
138,1215973.8493900339,3928146066568.055,840,S5_twin_shock_imf_bailout,eurozone,USDC
139,972779.4695120269,3830007266738.4873,840,S5_twin_shock_imf_bailout,eurozone,USDC
140,778223.9656096215,3734308966537.7324,840,S5_twin_shock_imf_bailout,eurozone,USDC
141,622579.5624876971,3640992747548.4556,840,S5_twin_shock_imf_bailout,eurozone,USDC
142,498064.03999015776,3550001132999.077,840,S5_twin_shock_imf_bailout,eurozone,USDC
143,398451.6219921262,3461277667985.566,840,S5_twin_shock_imf_bailout,eurozone,USDC
144,318761.68759370106,3374766976935.0996,840,S5_twin_shock_imf_bailout,eurozone,USDC
145,255009.7400749608,3290414803031.061,840,S5_twin_shock_imf_bailout,eurozone,USDC
146,204008.18205996865,3208168033370.7554,840,S5_twin_shock_imf_bailout,eurozone,USDC
147,163206.93564797493,3127974712868.863,840,S5_twin_shock_imf_bailout,eurozone,USDC
148,130565.93851837992,3049784049313.0425,840,S5_twin_shock_imf_bailout,eurozone,USDC
149,104453.14081470395,2973546411492.937,840,S5_twin_shock_imf_bailout,eurozone,USDC
150,83562.90265176314,2899213321935.791,840,S5_twin_shock_imf_bailout,eurozone,USDC
151,66850.71212141051,2826737445471.537,840,S5_twin_shock_imf_bailout,eurozone,USDC
152,53480.95969712841,2756072574602.062,840,S5_twin_shock_imf_bailout,eurozone,USDC
153,42785.157757702735,2687173612450.861,840,S5_twin_shock_imf_bailout,eurozone,USDC
154,34228.51620616218,2619996553910.67,840,S5_twin_shock_imf_bailout,eurozone,USDC
155,27383.20296492975,2554498465479.767,840,S5_twin_shock_imf_bailout,eurozone,USDC
156,21906.9523719438,2490637464176.264,840,S5_twin_shock_imf_bailout,eurozone,USDC
157,17525.95189755504,2428372695838.651,840,S5_twin_shock_imf_bailout,eurozone,USDC
158,14021.151518044035,2367664313056.119,840,S5_twin_shock_imf_bailout,eurozone,USDC
159,11217.311214435229,2308473452920.464,840,S5_twin_shock_imf_bailout,eurozone,USDC
160,8974.238971548182,2250762214750.0503,840,S5_twin_shock_imf_bailout,eurozone,USDC
161,7179.781177238545,2194493637903.378,840,S5_twin_shock_imf_bailout,eurozone,USDC
162,5744.214941790836,2139631679773.456,840,S5_twin_shock_imf_bailout,eurozone,USDC
163,4595.761953432669,2086141194033.25,840,S5_twin_shock_imf_bailout,eurozone,USDC
164,3676.999562746135,2033987909185.7227,840,S5_twin_shock_imf_bailout,eurozone,USDC
165,2941.989650196908,1983138407458.7231,840,S5_twin_shock_imf_bailout,eurozone,USDC
166,2353.981720157526,1933560104074.3699,840,S5_twin_shock_imf_bailout,eurozone,USDC
167,1883.5753761260212,1885221226914.2021,840,S5_twin_shock_imf_bailout,eurozone,USDC
168,1507.2503009008171,1838090796594.7007,840,S5_twin_shock_imf_bailout,eurozone,USDC
169,1206.1902407206537,1792138606962.516,840,S5_twin_shock_imf_bailout,eurozone,USDC
170,965.3421925765228,1747335206014.599,840,S5_twin_shock_imf_bailout,eurozone,USDC
171,772.6637540612182,1703651877245.1511,840,S5_twin_shock_imf_bailout,eurozone,USDC
172,618.5210032489746,1661060621418.7559,840,S5_twin_shock_imf_bailout,eurozone,USDC
173,495.2068025991796,1619534138767.0737,840,S5_twin_shock_imf_bailout,eurozone,USDC
174,396.5554420793437,1579045811604.9263,840,S5_twin_shock_imf_bailout,eurozone,USDC
175,317.63435366347494,1539569687360.4268,840,S5_twin_shock_imf_bailout,eurozone,USDC
176,254.49748293077994,1501080462012.915,840,S5_twin_shock_imf_bailout,eurozone,USDC
177,203.98798634462392,1463553463931.7913,840,S5_twin_shock_imf_bailout,eurozone,USDC
178,163.58038907569914,1426964638108.8557,840,S5_twin_shock_imf_bailout,eurozone,USDC
179,131.2543112605593,1391290530776.4219,840,S5_twin_shock_imf_bailout,eurozone,USDC
180,105.39344900844745,1356508274403.2412,840,S5_twin_shock_imf_bailout,eurozone,USDC
181,84.70475920675797,1322595573060.144,840,S5_twin_shock_imf_bailout,eurozone,USDC
182,68.15380736540637,1289530688147.2275,840,S5_twin_shock_imf_bailout,eurozone,USDC
183,54.913045892325094,1257292424474.4167,840,S5_twin_shock_imf_bailout,eurozone,USDC
184,44.32043671386008,1225860116687.252,840,S5_twin_shock_imf_bailout,eurozone,USDC
185,35.84634937108807,1195213616029.8274,840,S5_twin_shock_imf_bailout,eurozone,USDC
186,29.067079496870452,1165333277436.887,840,S5_twin_shock_imf_bailout,eurozone,USDC
187,23.64366359749636,1136199946947.209,840,S5_twin_shock_imf_bailout,eurozone,USDC
188,19.304930877997087,1107794949430.5242,840,S5_twin_shock_imf_bailout,eurozone,USDC
189,15.83394470239767,1080100076620.3575,840,S5_twin_shock_imf_bailout,eurozone,USDC
190,13.057155761918136,1053097575445.3254,840,S5_twin_shock_imf_bailout,eurozone,USDC
191,10.835724609534509,1026770136651.5742,840,S5_twin_shock_imf_bailout,eurozone,USDC
192,9.058579687627608,1001100883709.1901,840,S5_twin_shock_imf_bailout,eurozone,USDC
193,7.636863750102086,976073361995.5847,840,S5_twin_shock_imf_bailout,eurozone,USDC
194,6.499491000081669,951671528248.9944,840,S5_twin_shock_imf_bailout,eurozone,USDC
195,5.5895928000653345,927879740285.4089,840,S5_twin_shock_imf_bailout,eurozone,USDC
196,4.861674240052268,904682746972.3853,840,S5_twin_shock_imf_bailout,eurozone,USDC
197,4.279339392041814,882065678453.365,840,S5_twin_shock_imf_bailout,eurozone,USDC
198,3.8134715136334516,860014036616.2625,840,S5_twin_shock_imf_bailout,eurozone,USDC
199,3.440777210906761,838513685800.2407,840,S5_twin_shock_imf_bailout,eurozone,USDC
200,3.1426217687254088,817550843734.7429,840,S5_twin_shock_imf_bailout,eurozone,USDC
201,2.904097414980327,797112072704.981,840,S5_twin_shock_imf_bailout,eurozone,USDC
202,2.713277931984262,777184270938.2416,840,S5_twin_shock_imf_bailout,eurozone,USDC
203,2.5606223455874093,757754664205.4938,840,S5_twin_shock_imf_bailout,eurozone,USDC
204,2.4384978764699277,738810797632.9229,840,S5_twin_shock_imf_bailout,eurozone,USDC
205,2.340798301175942,720340527718.1531,840,S5_twin_shock_imf_bailout,eurozone,USDC
206,2.2626386409407537,702332014546.0419,840,S5_twin_shock_imf_bailout,eurozone,USDC
207,2.200110912752603,684773714199.065,840,S5_twin_shock_imf_bailout,eurozone,USDC
208,2.150088730202082,667654371357.4275,840,S5_twin_shock_imf_bailout,eurozone,USDC
209,2.110070984161666,650963012084.1632,840,S5_twin_shock_imf_bailout,eurozone,USDC
210,2.0780567873293325,634688936790.5962,840,S5_twin_shock_imf_bailout,eurozone,USDC
211,1.9715724685138813,618821713377.6609,840,S5_twin_shock_imf_bailout,eurozone,USDC
212,1.9229967802591021,603351170548.6832,840,S5_twin_shock_imf_bailout,eurozone,USDC
213,1.8733016375245026,588267391289.3372,840,S5_twin_shock_imf_bailout,eurozone,USDC
214,1.7833152912688475,573560706510.6006,840,S5_twin_shock_imf_bailout,eurozone,USDC
215,1.6914438577417203,559221688850.633,840,S5_twin_shock_imf_bailout,eurozone,USDC
216,1.6143894985231435,545241146631.6051,840,S5_twin_shock_imf_bailout,eurozone,USDC
217,1.5578838564130766,531610117967.60535,840,S5_twin_shock_imf_bailout,eurozone,USDC
218,1.4636692183601039,518319865019.8475,840,S5_twin_shock_imf_bailout,eurozone,USDC
219,1.4154866548988765,505361868395.4972,840,S5_twin_shock_imf_bailout,eurozone,USDC
220,1.3284166975646097,492727821686.52637,840,S5_twin_shock_imf_bailout,eurozone,USDC
221,1.2691058623243856,480409626145.09656,840,S5_twin_shock_imf_bailout,eurozone,USDC
222,1.195209875048829,468399385492.0558,840,S5_twin_shock_imf_bailout,eurozone,USDC
223,1.1551809716162236,456689400855.2237,840,S5_twin_shock_imf_bailout,eurozone,USDC
224,1.1126909458475962,445272165834.21857,840,S5_twin_shock_imf_bailout,eurozone,USDC
225,1.092572112416536,434140361688.66345,840,S5_twin_shock_imf_bailout,eurozone,USDC
226,1.0745068728465705,423286852646.68726,840,S5_twin_shock_imf_bailout,eurozone,USDC
227,0.9967899520063916,412704681330.7123,840,S5_twin_shock_imf_bailout,eurozone,USDC
228,0.9742106158067696,402387064297.5983,840,S5_twin_shock_imf_bailout,eurozone,USDC
229,0.8497504447178978,392327387690.28143,840,S5_twin_shock_imf_bailout,eurozone,USDC
230,0.8356113497750126,382292496343.4057,840,S5_twin_shock_imf_bailout,eurozone,USDC
231,0.8566350098705667,372521789805.12213,840,S5_twin_shock_imf_bailout,eurozone,USDC
232,0.8791912650943183,363048969529.13354,840,S5_twin_shock_imf_bailout,eurozone,USDC
233,0.8635267669238941,353854092622.09973,840,S5_twin_shock_imf_bailout,eurozone,USDC
234,0.8853747869776705,344887031171.8903,840,S5_twin_shock_imf_bailout,eurozone,USDC
235,0.8789890097598672,336181239083.98474,840,S5_twin_shock_imf_bailout,eurozone,USDC
236,0.857286959269701,327693985980.246,840,S5_twin_shock_imf_bailout,eurozone,USDC
237,0.8474668014642518,319405732176.19006,840,S5_twin_shock_imf_bailout,eurozone,USDC
238,0.8542592752713772,311329869719.85046,840,S5_twin_shock_imf_bailout,eurozone,USDC
239,0.8285391441488714,303471141495.0304,840,S5_twin_shock_imf_bailout,eurozone,USDC
240,0.8166957981374164,295802216632.84247,840,S5_twin_shock_imf_bailout,eurozone,USDC
241,0.81437225538335,288330266519.30176,840,S5_twin_shock_imf_bailout,eurozone,USDC
242,0.7897293903723327,281052725183.1983,840,S5_twin_shock_imf_bailout,eurozone,USDC
243,0.779162511663645,273957403853.47797,840,S5_twin_shock_imf_bailout,eurozone,USDC
244,0.7743808772921518,267050148736.5242,840,S5_twin_shock_imf_bailout,eurozone,USDC
245,0.7871661782945756,260324693952.77045,840,S5_twin_shock_imf_bailout,eurozone,USDC
246,0.7524555314923593,253780567011.27545,840,S5_twin_shock_imf_bailout,eurozone,USDC
247,0.7623493732415026,247402473408.32837,840,S5_twin_shock_imf_bailout,eurozone,USDC
248,0.7676112460873165,241191130142.9131,840,S5_twin_shock_imf_bailout,eurozone,USDC
249,0.8116152975326482,235141901748.85803,840,S5_twin_shock_imf_bailout,eurozone,USDC
250,0.7964543808758513,229250636572.3747,840,S5_twin_shock_imf_bailout,eurozone,USDC
251,0.7997606120141868,223507431815.7463,840,S5_twin_shock_imf_bailout,eurozone,USDC
252,0.8189709343761757,217910503953.08807,840,S5_twin_shock_imf_bailout,eurozone,USDC
253,0.8159575750351795,212455792140.12305,840,S5_twin_shock_imf_bailout,eurozone,USDC
254,0.8341456366608869,207138513278.59833,840,S5_twin_shock_imf_bailout,eurozone,USDC
255,0.7668560204123733,201955561899.02026,840,S5_twin_shock_imf_bailout,eurozone,USDC
256,0.7611518059643264,196900761331.74557,840,S5_twin_shock_imf_bailout,eurozone,USDC
257,0.782007563801765,191973530569.30157,840,S5_twin_shock_imf_bailout,eurozone,USDC
258,0.8040749461271007,187170844522.2745,840,S5_twin_shock_imf_bailout,eurozone,USDC
259,0.790972476528768,182489181801.67072,840,S5_twin_shock_imf_bailout,eurozone,USDC
260,0.800300658055024,177924846980.97913,840,S5_twin_shock_imf_bailout,eurozone,USDC
261,0.8170074122344955,173475085703.6621,840,S5_twin_shock_imf_bailout,eurozone,USDC
262,0.8314310048774789,169137004562.07178,840,S5_twin_shock_imf_bailout,eurozone,USDC
263,0.808126294172563,164907591590.15613,840,S5_twin_shock_imf_bailout,eurozone,USDC
264,0.8110322097377489,160783932443.08615,840,S5_twin_shock_imf_bailout,eurozone,USDC
265,0.8004534451099629,156763538035.2059,840,S5_twin_shock_imf_bailout,eurozone,USDC
266,0.8148277653500152,152843722139.6756,840,S5_twin_shock_imf_bailout,eurozone,USDC
267,0.8151769676330429,149022101582.1384,840,S5_twin_shock_imf_bailout,eurozone,USDC
268,0.809224003631462,145296085073.741,840,S5_twin_shock_imf_bailout,eurozone,USDC
269,0.7806077264606976,141663278040.513,840,S5_twin_shock_imf_bailout,eurozone,USDC
270,0.7545264835584942,138121313625.03107,840,S5_twin_shock_imf_bailout,eurozone,USDC
271,0.7586248209837019,134667926737.5516,840,S5_twin_shock_imf_bailout,eurozone,USDC
272,0.7552164207207309,131300950498.14606,840,S5_twin_shock_imf_bailout,eurozone,USDC
273,0.7298434241576137,128018200126.10995,840,S5_twin_shock_imf_bailout,eurozone,USDC
274,0.7465224855726716,124817555305.03882,840,S5_twin_shock_imf_bailout,eurozone,USDC
275,0.7594874297080004,121696984511.32173,840,S5_twin_shock_imf_bailout,eurozone,USDC
276,0.759027311938694,118654456797.36075,840,S5_twin_shock_imf_bailout,eurozone,USDC
277,0.7657845257626519,115688015971.87419,840,S5_twin_shock_imf_bailout,eurozone,USDC
278,0.7688679890140595,112795757510.98361,840,S5_twin_shock_imf_bailout,eurozone,USDC
279,0.7588241094848699,109975814948.74272,840,S5_twin_shock_imf_bailout,eurozone,USDC
280,0.7470856425741048,107226379108.3016,840,S5_twin_shock_imf_bailout,eurozone,USDC
281,0.7397486158189669,104545687489.12035,840,S5_twin_shock_imf_bailout,eurozone,USDC
282,0.7570780620095402,101932018415.00894,840,S5_twin_shock_imf_bailout,eurozone,USDC
283,0.7693960889583944,99383699719.4738,840,S5_twin_shock_imf_bailout,eurozone,USDC
284,0.8000030030703861,96899093679.93767,840,S5_twin_shock_imf_bailout,eurozone,USDC
285,0.7837963127202724,94476606769.01581,840,S5_twin_shock_imf_bailout,eurozone,USDC
286,0.7703455189301578,92114683457.33826,840,S5_twin_shock_imf_bailout,eurozone,USDC
287,0.7804220242688716,89811809214.80267,840,S5_twin_shock_imf_bailout,eurozone,USDC
288,0.790381148462119,87566508283.4848,840,S5_twin_shock_imf_bailout,eurozone,USDC
289,0.8192248163721987,85377341126.35168,840,S5_twin_shock_imf_bailout,eurozone,USDC
290,0.8233383533065081,83242904676.6984,840,S5_twin_shock_imf_bailout,eurozone,USDC
291,0.8097589326742132,81161829692.51852,840,S5_twin_shock_imf_bailout,eurozone,USDC
292,0.7897886398000389,79132781680.0435,840,S5_twin_shock_imf_bailout,eurozone,USDC
293,0.7512417793479389,77154459949.76665,840,S5_twin_shock_imf_bailout,eurozone,USDC
294,0.7810002617477025,75225596359.22177,840,S5_twin_shock_imf_bailout,eurozone,USDC
295,0.7735223431942088,73344955029.02814,840,S5_twin_shock_imf_bailout,eurozone,USDC
296,0.7636059021862535,71511329946.66562,840,S5_twin_shock_imf_bailout,eurozone,USDC
297,0.7554900875916281,69723545672.01042,840,S5_twin_shock_imf_bailout,eurozone,USDC
298,0.7531082366149833,67980456177.52704,840,S5_twin_shock_imf_bailout,eurozone,USDC
299,0.758195262005878,66280944077.44289,840,S5_twin_shock_imf_bailout,eurozone,USDC
300,0.7670691133470129,64623919942.38164,840,S5_twin_shock_imf_bailout,eurozone,USDC
301,0.7726487242295181,63008321547.970764,840,S5_twin_shock_imf_bailout,eurozone,USDC
302,0.7692075090832896,61433113187.339645,840,S5_twin_shock_imf_bailout,eurozone,USDC
303,0.7596661168776323,59897285100.63405,840,S5_twin_shock_imf_bailout,eurozone,USDC
304,0.7644138264996175,58399852757.778244,840,S5_twin_shock_imf_bailout,eurozone,USDC
305,0.7768768436687136,56939856272.06488,840,S5_twin_shock_imf_bailout,eurozone,USDC
306,0.7795004583612215,55516359740.6393,840,S5_twin_shock_imf_bailout,eurozone,USDC
307,0.7825876026494909,54128450647.85585,840,S5_twin_shock_imf_bailout,eurozone,USDC
308,0.7865787109853414,52775239300.81334,840,S5_twin_shock_imf_bailout,eurozone,USDC
309,0.7703701055080786,51455858252.92233,840,S5_twin_shock_imf_bailout,eurozone,USDC
310,0.7932901740907772,50169461738.90546,840,S5_twin_shock_imf_bailout,eurozone,USDC
311,0.771008872728292,48915225155.65831,840,S5_twin_shock_imf_bailout,eurozone,USDC
312,0.7749369541720259,47692344489.99419,840,S5_twin_shock_imf_bailout,eurozone,USDC
313,0.7619369628011917,46500035849.472755,840,S5_twin_shock_imf_bailout,eurozone,USDC
314,0.7744613139099613,45337534928.44602,840,S5_twin_shock_imf_bailout,eurozone,USDC
315,0.7762650162417857,44204096537.19297,840,S5_twin_shock_imf_bailout,eurozone,USDC
316,0.7881654986111445,43098994109.357834,840,S5_twin_shock_imf_bailout,eurozone,USDC
317,0.8014833478777362,42021519245.481384,840,S5_twin_shock_imf_bailout,eurozone,USDC
318,0.8128126263311849,40970981255.92384,840,S5_twin_shock_imf_bailout,eurozone,USDC
319,0.8320284805838365,39946706718.14519,840,S5_twin_shock_imf_bailout,eurozone,USDC
320,0.8646971641432739,38948039045.46263,840,S5_twin_shock_imf_bailout,eurozone,USDC
321,0.858988454099265,37974338066.28749,840,S5_twin_shock_imf_bailout,eurozone,USDC
322,0.8407774979674365,37024979611.75015,840,S5_twin_shock_imf_bailout,eurozone,USDC
323,0.8264178820833769,36099355118.457016,840,S5_twin_shock_imf_bailout,eurozone,USDC
324,0.845566218188376,35196871237.44901,840,S5_twin_shock_imf_bailout,eurozone,USDC
325,0.8269134692770413,34316949454.305115,840,S5_twin_shock_imf_bailout,eurozone,USDC
326,0.7952923089838162,33459025715.720177,840,S5_twin_shock_imf_bailout,eurozone,USDC
327,0.7829093361767655,32622550070.536102,840,S5_twin_shock_imf_bailout,eurozone,USDC
328,0.7881020889302501,31806986316.649315,840,S5_twin_shock_imf_bailout,eurozone,USDC
329,0.8025892687506713,31011811657.126465,840,S5_twin_shock_imf_bailout,eurozone,USDC
330,0.8465372934228859,30236516364.405468,840,S5_twin_shock_imf_bailout,eurozone,USDC
331,0.8283260553915955,29480603454.52292,840,S5_twin_shock_imf_bailout,eurozone,USDC
332,0.8374195732457658,28743588367.39936,840,S5_twin_shock_imf_bailout,eurozone,USDC
333,0.8517612706364913,28024998657.589733,840,S5_twin_shock_imf_bailout,eurozone,USDC
334,0.8830806580617145,27324373690.67791,840,S5_twin_shock_imf_bailout,eurozone,USDC
335,0.8821293669735988,26641264348.0912,840,S5_twin_shock_imf_bailout,eurozone,USDC
336,0.8767022706138229,25975232739.10112,840,S5_twin_shock_imf_bailout,eurozone,USDC
337,0.8702580324547405,25325851920.338806,840,S5_twin_shock_imf_bailout,eurozone,USDC
338,0.8519176448985878,24692705622.061153,840,S5_twin_shock_imf_bailout,eurozone,USDC
339,0.853389074990905,24075387981.235,840,S5_twin_shock_imf_bailout,eurozone,USDC
340,0.8410310215109387,23473503281.45851,840,S5_twin_shock_imf_bailout,eurozone,USDC
341,0.8306660309900303,22886665699.18667,840,S5_twin_shock_imf_bailout,eurozone,USDC
342,0.8042282512845778,22314499056.479465,840,S5_twin_shock_imf_bailout,eurozone,USDC
343,0.7867217123299015,21756636579.824173,840,S5_twin_shock_imf_bailout,eurozone,USDC
344,0.7975285158615605,21212720665.109787,840,S5_twin_shock_imf_bailout,eurozone,USDC
345,0.8062982025594503,20682402648.31106,840,S5_twin_shock_imf_bailout,eurozone,USDC
346,0.8109803699231841,20165342581.977745,840,S5_twin_shock_imf_bailout,eurozone,USDC
347,0.8173441629560001,19661209017.319267,840,S5_twin_shock_imf_bailout,eurozone,USDC
348,0.7985268210359974,19169678791.802277,840,S5_twin_shock_imf_bailout,eurozone,USDC
349,0.8207431222977322,18690436821.928673,840,S5_twin_shock_imf_bailout,eurozone,USDC
350,0.8159459725407807,18223175901.321102,840,S5_twin_shock_imf_bailout,eurozone,USDC
351,0.797821752684788,17767596503.738174,840,S5_twin_shock_imf_bailout,eurozone,USDC
352,0.8130907390304343,17323406591.09624,840,S5_twin_shock_imf_bailout,eurozone,USDC
353,0.7970659731815832,16890321426.280693,840,S5_twin_shock_imf_bailout,eurozone,USDC
354,0.7880687178935646,16468063390.589823,840,S5_twin_shock_imf_bailout,eurozone,USDC
355,0.779448634793512,16056361805.794361,840,S5_twin_shock_imf_bailout,eurozone,USDC
356,0.7698043856065031,15654952760.624874,840,S5_twin_shock_imf_bailout,eurozone,USDC
357,0.7779028839653985,15263578941.587309,840,S5_twin_shock_imf_bailout,eurozone,USDC
358,0.760118503223612,14881989468.03115,840,S5_twin_shock_imf_bailout,eurozone,USDC
359,0.7746615018738023,14509939731.316086,840,S5_twin_shock_imf_bailout,eurozone,USDC
360,0.7652284526420391,14147191238.022173,840,S5_twin_shock_imf_bailout,eurozone,USDC
361,0.7843502341035784,13793511457.062717,840,S5_twin_shock_imf_bailout,eurozone,USDC
362,0.7738610488522596,13448673670.629429,840,S5_twin_shock_imf_bailout,eurozone,USDC
363,0.7796539261860742,13112456828.858147,840,S5_twin_shock_imf_bailout,eurozone,USDC
364,0.7697565975008268,12784645408.13234,840,S5_twin_shock_imf_bailout,eurozone,USDC
365,0.7690830356375611,12465029272.925295,840,S5_twin_shock_imf_bailout,eurozone,USDC
366,0.7718518576476636,12153403541.099022,840,S5_twin_shock_imf_bailout,eurozone,USDC
367,0.7812511032550995,11849568452.569174,840,S5_twin_shock_imf_bailout,eurozone,USDC
368,0.7530824213930928,11553329241.253082,840,S5_twin_shock_imf_bailout,eurozone,USDC
369,0.7619214642344352,11264496010.220049,840,S5_twin_shock_imf_bailout,eurozone,USDC
370,0.7903649561472664,10982883609.96318,840,S5_twin_shock_imf_bailout,eurozone,USDC
371,0.7832050863703723,10708311519.713207,840,S5_twin_shock_imf_bailout,eurozone,USDC
372,0.7763705617991487,10440603731.719616,840,S5_twin_shock_imf_bailout,eurozone,USDC
373,0.7812268519866891,10179588638.425966,840,S5_twin_shock_imf_bailout,eurozone,USDC
374,0.7869761848171766,9925098922.464813,840,S5_twin_shock_imf_bailout,eurozone,USDC
375,0.7990836216475936,9676971449.402779,840,S5_twin_shock_imf_bailout,eurozone,USDC
376,0.7804636623142807,9435047163.167402,840,S5_twin_shock_imf_bailout,eurozone,USDC
377,0.7596002745899998,9199170984.087929,840,S5_twin_shock_imf_bailout,eurozone,USDC
378,0.7781374666801387,8969191709.485489,840,S5_twin_shock_imf_bailout,eurozone,USDC
379,0.7920652105871528,8744961916.748163,840,S5_twin_shock_imf_bailout,eurozone,USDC
380,0.7914677252317877,8526337868.829321,840,S5_twin_shock_imf_bailout,eurozone,USDC
381,0.7997791509159505,8313179422.108479,840,S5_twin_shock_imf_bailout,eurozone,USDC
382,0.8042909504322595,8105349936.555681,840,S5_twin_shock_imf_bailout,eurozone,USDC
383,0.8163470169525874,7902716188.141721,840,S5_twin_shock_imf_bailout,eurozone,USDC
384,0.8211967610988566,7705148283.438124,840,S5_twin_shock_imf_bailout,eurozone,USDC
385,0.8611776408101692,7512519576.352124,840,S5_twin_shock_imf_bailout,eurozone,USDC
386,0.8484368084593741,7324706586.943295,840,S5_twin_shock_imf_bailout,eurozone,USDC
387,0.8454863392471567,7141588922.269685,840,S5_twin_shock_imf_bailout,eurozone,USDC
388,0.8317438152220488,6963049199.212917,840,S5_twin_shock_imf_bailout,eurozone,USDC
389,0.836939449067873,6788972969.232569,840,S5_twin_shock_imf_bailout,eurozone,USDC
390,0.7971622253051922,6619248645.001736,840,S5_twin_shock_imf_bailout,eurozone,USDC
391,0.7979913343169003,6453767428.876669,840,S5_twin_shock_imf_bailout,eurozone,USDC
392,0.796133524400826,6292423243.154734,840,S5_twin_shock_imf_bailout,eurozone,USDC
393,0.7922514240660984,6135112662.07585,840,S5_twin_shock_imf_bailout,eurozone,USDC
394,0.7781917075768912,5981734845.523941,840,S5_twin_shock_imf_bailout,eurozone,USDC
395,0.7854328682820303,5832191474.38583,840,S5_twin_shock_imf_bailout,eurozone,USDC
396,0.8098700282355134,5686386687.526176,840,S5_twin_shock_imf_bailout,eurozone,USDC
397,0.8013333349187187,5544227020.338016,840,S5_twin_shock_imf_bailout,eurozone,USDC
398,0.7992348035389565,5405621344.829559,840,S5_twin_shock_imf_bailout,eurozone,USDC
399,0.7788478077152505,5270480811.208816,840,S5_twin_shock_imf_bailout,eurozone,USDC
400,0.8129789486262787,5138718790.928591,840,S5_twin_shock_imf_bailout,eurozone,USDC
401,0.8371779256446771,5010250821.155374,840,S5_twin_shock_imf_bailout,eurozone,USDC
402,0.8111194780993579,4884994550.626487,840,S5_twin_shock_imf_bailout,eurozone,USDC
403,0.7962999717381158,4762869686.860823,840,S5_twin_shock_imf_bailout,eurozone,USDC
404,0.7970844038515619,4643797944.689301,840,S5_twin_shock_imf_bailout,eurozone,USDC
405,0.7987262548808314,4527702996.072066,840,S5_twin_shock_imf_bailout,eurozone,USDC
406,0.8088884946562624,4414510421.170263,840,S5_twin_shock_imf_bailout,eurozone,USDC
407,0.7970210278326347,4304147660.6410055,840,S5_twin_shock_imf_bailout,eurozone,USDC
408,0.7968421538618059,4196543969.12498,840,S5_twin_shock_imf_bailout,eurozone,USDC
409,0.790483546296641,4091630369.8968554,840,S5_twin_shock_imf_bailout,eurozone,USDC
410,0.8082300663644462,3989339610.649433,840,S5_twin_shock_imf_bailout,eurozone,USDC
411,0.7890485262843411,3889606120.383197,840,S5_twin_shock_imf_bailout,eurozone,USDC
412,0.7735301092381481,3792365967.3736157,840,S5_twin_shock_imf_bailout,eurozone,USDC
413,0.7527613514254886,3697556818.189275,840,S5_twin_shock_imf_bailout,eurozone,USDC
414,0.7635640830123309,3605117897.734543,840,S5_twin_shock_imf_bailout,eurozone,USDC
415,0.7690220795804287,3514989950.291179,840,S5_twin_shock_imf_bailout,eurozone,USDC
416,0.7584866703603657,3427115201.5339003,840,S5_twin_shock_imf_bailout,eurozone,USDC
417,0.7802621743669064,3341437321.495552,840,S5_twin_shock_imf_bailout,eurozone,USDC
418,0.8188843519331355,3257901388.4581633,840,S5_twin_shock_imf_bailout,eurozone,USDC
419,0.812466841607763,3176453853.7467093,840,S5_twin_shock_imf_bailout,eurozone,USDC
420,0.8243733660017806,3097042507.403042,840,S5_twin_shock_imf_bailout,eurozone,USDC
421,0.8043961951804255,3019616444.7179656,840,S5_twin_shock_imf_bailout,eurozone,USDC
422,0.8095047650726395,2944126033.6000166,840,S5_twin_shock_imf_bailout,eurozone,USDC
423,0.8010568329990978,2870522882.7600164,840,S5_twin_shock_imf_bailout,eurozone,USDC
424,0.8058797753216053,2798759810.691016,840,S5_twin_shock_imf_bailout,eurozone,USDC
425,0.7823869153936293,2728790815.4237404,840,S5_twin_shock_imf_bailout,eurozone,USDC
426,0.7777888890353059,2660571045.038147,840,S5_twin_shock_imf_bailout,eurozone,USDC
427,0.7982799861928188,2594056768.9121933,840,S5_twin_shock_imf_bailout,eurozone,USDC
428,0.7861981882800255,2529205349.6893883,840,S5_twin_shock_imf_bailout,eurozone,USDC
429,0.7883619058756941,2465975215.9471536,840,S5_twin_shock_imf_bailout,eurozone,USDC
430,0.7645906956912223,2404325835.548475,840,S5_twin_shock_imf_bailout,eurozone,USDC
431,0.7727662390529829,2344217689.659763,840,S5_twin_shock_imf_bailout,eurozone,USDC
432,0.7590079150076173,2285612247.418269,840,S5_twin_shock_imf_bailout,eurozone,USDC
433,0.7734125975942125,2228471941.232812,840,S5_twin_shock_imf_bailout,eurozone,USDC
434,0.7705658738886347,2172760142.701992,840,S5_twin_shock_imf_bailout,eurozone,USDC
435,0.761365721976979,2118441139.134442,840,S5_twin_shock_imf_bailout,eurozone,USDC
436,0.769917902569811,2065480110.656081,840,S5_twin_shock_imf_bailout,eurozone,USDC
437,0.7579445209750787,2013843107.8896794,840,S5_twin_shock_imf_bailout,eurozone,USDC
438,0.7451771153326101,1963497030.1924372,840,S5_twin_shock_imf_bailout,eurozone,USDC
439,0.7640864981100565,1914409604.4376261,840,S5_twin_shock_imf_bailout,eurozone,USDC
440,0.7731616463211191,1866549364.3266854,840,S5_twin_shock_imf_bailout,eurozone,USDC
441,0.7583668013794955,1819885630.2185183,840,S5_twin_shock_imf_bailout,eurozone,USDC
442,0.7631586927888694,1774388489.4630556,840,S5_twin_shock_imf_bailout,eurozone,USDC
443,0.7717334568205265,1730028777.226479,840,S5_twin_shock_imf_bailout,eurozone,USDC
444,0.7681750735281139,1686778057.7958171,840,S5_twin_shock_imf_bailout,eurozone,USDC
445,0.7650398457602574,1644608606.3509216,840,S5_twin_shock_imf_bailout,eurozone,USDC
446,0.7360723721411542,1603493391.1921487,840,S5_twin_shock_imf_bailout,eurozone,USDC
447,0.7564143691583226,1563406056.412345,840,S5_twin_shock_imf_bailout,eurozone,USDC
448,0.7607893802678696,1524320905.0020363,840,S5_twin_shock_imf_bailout,eurozone,USDC
449,0.7811226495065955,1486212882.3769855,840,S5_twin_shock_imf_bailout,eurozone,USDC
450,0.804756591646648,1449057560.317561,840,S5_twin_shock_imf_bailout,eurozone,USDC
451,0.8076158163039064,1412831121.3096218,840,S5_twin_shock_imf_bailout,eurozone,USDC
452,0.7965368585925583,1377510343.2768812,840,S5_twin_shock_imf_bailout,eurozone,USDC
453,0.8055768063880636,1343072584.6949592,840,S5_twin_shock_imf_bailout,eurozone,USDC
454,0.7833685027261365,1309495770.0775852,840,S5_twin_shock_imf_bailout,eurozone,USDC
455,0.8153025297928082,1276758375.8256457,840,S5_twin_shock_imf_bailout,eurozone,USDC
456,0.7910307842005739,1244839416.4300044,840,S5_twin_shock_imf_bailout,eurozone,USDC
457,0.7925053167993946,1213718431.0192542,840,S5_twin_shock_imf_bailout,eurozone,USDC
458,0.7767894595112891,1183375470.243773,840,S5_twin_shock_imf_bailout,eurozone,USDC
459,0.7756415982779935,1153791083.4876788,840,S5_twin_shock_imf_bailout,eurozone,USDC
460,0.7805181138309005,1124946306.4004867,840,S5_twin_shock_imf_bailout,eurozone,USDC
461,0.7759299932460668,1096822648.7404747,840,S5_twin_shock_imf_bailout,eurozone,USDC
462,0.7727417278616541,1069402082.5219626,840,S5_twin_shock_imf_bailout,eurozone,USDC
463,0.7749429178922137,1042667030.4589136,840,S5_twin_shock_imf_bailout,eurozone,USDC
464,0.7759866661244245,1016600354.6974407,840,S5_twin_shock_imf_bailout,eurozone,USDC
465,0.7921094725858349,991185345.8300047,840,S5_twin_shock_imf_bailout,eurozone,USDC
466,0.803304539703368,966405712.1842546,840,S5_twin_shock_imf_bailout,eurozone,USDC
467,0.7974478520744622,942245569.3796483,840,S5_twin_shock_imf_bailout,eurozone,USDC
468,0.8003330039987416,918689430.1451571,840,S5_twin_shock_imf_bailout,eurozone,USDC
469,0.7925561129996838,895722194.3915281,840,S5_twin_shock_imf_bailout,eurozone,USDC
470,0.8045835607926065,873329139.5317398,840,S5_twin_shock_imf_bailout,eurozone,USDC
471,0.8029576952722091,851495911.0434464,840,S5_twin_shock_imf_bailout,eurozone,USDC
472,0.7804672670722974,830208513.2673602,840,S5_twin_shock_imf_bailout,eurozone,USDC
473,0.8007715237506319,809453300.4356762,840,S5_twin_shock_imf_bailout,eurozone,USDC
474,0.7955308201580975,789216967.9247843,840,S5_twin_shock_imf_bailout,eurozone,USDC
475,0.7962856121566408,769486543.7266648,840,S5_twin_shock_imf_bailout,eurozone,USDC
476,0.7978214927623561,750249380.1334982,840,S5_twin_shock_imf_bailout,eurozone,USDC
477,0.796288170940032,731493145.6301607,840,S5_twin_shock_imf_bailout,eurozone,USDC
478,0.8332792761755037,713205816.9894066,840,S5_twin_shock_imf_bailout,eurozone,USDC
479,0.8335590195294263,695375671.5646715,840,S5_twin_shock_imf_bailout,eurozone,USDC
480,0.8159906728587378,677991279.7755547,840,S5_twin_shock_imf_bailout,eurozone,USDC
481,0.8129190994356511,661041497.7811658,840,S5_twin_shock_imf_bailout,eurozone,USDC
482,0.8103886999281975,644515460.3366367,840,S5_twin_shock_imf_bailout,eurozone,USDC
483,0.837930330902732,628402573.8282208,840,S5_twin_shock_imf_bailout,eurozone,USDC
484,0.861764085757918,612692509.4825152,840,S5_twin_shock_imf_bailout,eurozone,USDC
485,0.8575156712637634,597375196.7454523,840,S5_twin_shock_imf_bailout,eurozone,USDC
486,0.8630623085657756,582440816.826816,840,S5_twin_shock_imf_bailout,eurozone,USDC
487,0.8664918969424024,567879796.4061456,840,S5_twin_shock_imf_bailout,eurozone,USDC
488,0.8436611090184997,553682801.495992,840,S5_twin_shock_imf_bailout,eurozone,USDC
489,0.8509011643084258,539840731.4585922,840,S5_twin_shock_imf_bailout,eurozone,USDC
490,0.8395654381903256,526344713.17212737,840,S5_twin_shock_imf_bailout,eurozone,USDC
491,0.8369860668383527,513186095.3428242,840,S5_twin_shock_imf_bailout,eurozone,USDC
492,0.8358467478480237,500356442.95925355,840,S5_twin_shock_imf_bailout,eurozone,USDC
493,0.845884643615833,487847531.8852722,840,S5_twin_shock_imf_bailout,eurozone,USDC
494,0.8380010121345582,475651343.5881405,840,S5_twin_shock_imf_bailout,eurozone,USDC
495,0.8284088848733363,463760059.9984369,840,S5_twin_shock_imf_bailout,eurozone,USDC
496,0.8340990421386391,452166058.498476,840,S5_twin_shock_imf_bailout,eurozone,USDC
497,0.8252486563774469,440861907.0360141,840,S5_twin_shock_imf_bailout,eurozone,USDC
498,0.8187984670479527,429840359.3601138,840,S5_twin_shock_imf_bailout,eurozone,USDC
499,0.8168212636388109,419094350.3761109,840,S5_twin_shock_imf_bailout,eurozone,USDC
500,0.8403568165039442,408616991.61670816,840,S5_twin_shock_imf_bailout,eurozone,USDC
501,0.8401162775329569,398401566.8262905,840,S5_twin_shock_imf_bailout,eurozone,USDC
502,0.8326146999763661,388441527.6556332,840,S5_twin_shock_imf_bailout,eurozone,USDC
503,0.8110347945691495,378730489.46424234,840,S5_twin_shock_imf_bailout,eurozone,USDC
504,0.8086038248106429,369262227.22763634,840,S5_twin_shock_imf_bailout,eurozone,USDC
505,0.7811851140118651,360030671.5469454,840,S5_twin_shock_imf_bailout,eurozone,USDC
506,0.7873547923154485,351029904.75827175,840,S5_twin_shock_imf_bailout,eurozone,USDC
507,0.7996927708344854,342254157.139315,840,S5_twin_shock_imf_bailout,eurozone,USDC
508,0.801999677237201,333697803.21083206,840,S5_twin_shock_imf_bailout,eurozone,USDC
509,0.7873543306226707,325355358.1305613,840,S5_twin_shock_imf_bailout,eurozone,USDC
510,0.7991275711522813,317221474.17729723,840,S5_twin_shock_imf_bailout,eurozone,USDC
511,0.79852936404418,309290937.3228648,840,S5_twin_shock_imf_bailout,eurozone,USDC
512,0.8069341627289784,301558663.8897932,840,S5_twin_shock_imf_bailout,eurozone,USDC
513,0.7642990826070848,294019697.2925484,840,S5_twin_shock_imf_bailout,eurozone,USDC
514,0.7768267269952421,286669204.8602347,840,S5_twin_shock_imf_bailout,eurozone,USDC
515,0.773332235210871,279502474.7387288,840,S5_twin_shock_imf_bailout,eurozone,USDC
516,0.7829478502203736,272514912.8702606,840,S5_twin_shock_imf_bailout,eurozone,USDC
517,0.7640624438004909,265702040.04850405,840,S5_twin_shock_imf_bailout,eurozone,USDC
518,0.7774045262234732,259059489.0472915,840,S5_twin_shock_imf_bailout,eurozone,USDC
519,0.7886973985260755,252583001.82110918,840,S5_twin_shock_imf_bailout,eurozone,USDC
520,0.8097192847297585,246268426.77558148,840,S5_twin_shock_imf_bailout,eurozone,USDC
521,0.8298735645788827,240111716.10619193,840,S5_twin_shock_imf_bailout,eurozone,USDC
522,0.8281277815992634,234108923.20353714,840,S5_twin_shock_imf_bailout,eurozone,USDC
523,0.8337922713835957,228256200.12344867,840,S5_twin_shock_imf_bailout,eurozone,USDC
524,0.8322153427470989,222549795.12036246,840,S5_twin_shock_imf_bailout,eurozone,USDC
525,0.811005840708133,216986050.2423534,840,S5_twin_shock_imf_bailout,eurozone,USDC
526,0.7995537903373343,211561398.98629457,840,S5_twin_shock_imf_bailout,eurozone,USDC
527,0.8155028699847146,206272364.0116372,840,S5_twin_shock_imf_bailout,eurozone,USDC
528,0.824536694830766,201115554.91134626,840,S5_twin_shock_imf_bailout,eurozone,USDC
529,0.8225640265405662,196087666.03856263,840,S5_twin_shock_imf_bailout,eurozone,USDC
530,0.8034441050400131,191185474.38759857,840,S5_twin_shock_imf_bailout,eurozone,USDC
531,0.8067206357805853,186405837.5279086,840,S5_twin_shock_imf_bailout,eurozone,USDC
532,0.7868303024935486,181745691.5897109,840,S5_twin_shock_imf_bailout,eurozone,USDC
533,0.7699917825923664,177202049.2999681,840,S5_twin_shock_imf_bailout,eurozone,USDC
534,0.7708269820490923,172771998.06746888,840,S5_twin_shock_imf_bailout,eurozone,USDC
535,0.7756408613825666,168452698.11578217,840,S5_twin_shock_imf_bailout,eurozone,USDC
536,0.77093941868235,164241380.66288763,840,S5_twin_shock_imf_bailout,eurozone,USDC
537,0.7884414455741464,160135346.14631543,840,S5_twin_shock_imf_bailout,eurozone,USDC
538,0.7937699649349003,156131962.49265754,840,S5_twin_shock_imf_bailout,eurozone,USDC
539,0.7891993360097581,152228663.43034112,840,S5_twin_shock_imf_bailout,eurozone,USDC
540,0.7659485635689346,148422946.84458256,840,S5_twin_shock_imf_bailout,eurozone,USDC
541,0.7331252055811809,144712373.17346802,840,S5_twin_shock_imf_bailout,eurozone,USDC
542,0.7552676106111205,141094563.84413132,840,S5_twin_shock_imf_bailout,eurozone,USDC
543,0.7654266118625916,137567199.74802804,840,S5_twin_shock_imf_bailout,eurozone,USDC
544,0.786237394127091,134128019.75432733,840,S5_twin_shock_imf_bailout,eurozone,USDC
545,0.7812667996497729,130774819.26046915,840,S5_twin_shock_imf_bailout,eurozone,USDC
546,0.8094613565713492,127505448.77895741,840,S5_twin_shock_imf_bailout,eurozone,USDC
547,0.7819233971693562,124317812.5594835,840,S5_twin_shock_imf_bailout,eurozone,USDC
548,0.7618658040364337,121209867.24549639,840,S5_twin_shock_imf_bailout,eurozone,USDC
549,0.7676164482879961,118179620.56435898,840,S5_twin_shock_imf_bailout,eurozone,USDC
550,0.753695317043824,115225130.05025002,840,S5_twin_shock_imf_bailout,eurozone,USDC
551,0.7656486231289876,112344501.79899377,840,S5_twin_shock_imf_bailout,eurozone,USDC
552,0.7741080390248963,109535889.25401893,840,S5_twin_shock_imf_bailout,eurozone,USDC
553,0.7941819474286173,106797492.02266845,840,S5_twin_shock_imf_bailout,eurozone,USDC
554,0.7782691039566346,104127554.72210175,840,S5_twin_shock_imf_bailout,eurozone,USDC
555,0.7654098710178553,101524365.85404919,840,S5_twin_shock_imf_bailout,eurozone,USDC
556,0.7470590568203819,98986256.70769797,840,S5_twin_shock_imf_bailout,eurozone,USDC
557,0.7540820920977402,96511600.29000552,840,S5_twin_shock_imf_bailout,eurozone,USDC
558,0.7770314731798948,94098810.28275537,840,S5_twin_shock_imf_bailout,eurozone,USDC
559,0.7711712246621285,91746340.02568649,840,S5_twin_shock_imf_bailout,eurozone,USDC
560,0.7561716403062817,89452681.52504432,840,S5_twin_shock_imf_bailout,eurozone,USDC
561,0.7327439071731847,87216364.48691823,840,S5_twin_shock_imf_bailout,eurozone,USDC
562,0.744079329577439,85035955.37474526,840,S5_twin_shock_imf_bailout,eurozone,USDC
563,0.7489125795371243,82910056.49037664,840,S5_twin_shock_imf_bailout,eurozone,USDC
564,0.7478392436454941,80837305.07811722,840,S5_twin_shock_imf_bailout,eurozone,USDC
565,0.7557313933402785,78816372.45116429,840,S5_twin_shock_imf_bailout,eurozone,USDC
566,0.6480698752711681,76845963.13988519,840,S5_twin_shock_imf_bailout,eurozone,USDC
567,0.659484775396372,74924814.06138806,840,S5_twin_shock_imf_bailout,eurozone,USDC
568,0.6633592700450227,73051693.70985335,840,S5_twin_shock_imf_bailout,eurozone,USDC
569,0.6739614668974456,71225401.36710702,840,S5_twin_shock_imf_bailout,eurozone,USDC
570,0.692896291386229,69444766.33292934,840,S5_twin_shock_imf_bailout,eurozone,USDC
571,0.7028747880874132,67708647.17460611,840,S5_twin_shock_imf_bailout,eurozone,USDC
572,0.7128500262109166,66015930.99524097,840,S5_twin_shock_imf_bailout,eurozone,USDC
573,0.7414154391381687,64365532.72035995,840,S5_twin_shock_imf_bailout,eurozone,USDC
574,0.7513725763784631,62756394.40235095,840,S5_twin_shock_imf_bailout,eurozone,USDC
575,0.7627678158726869,61187484.54229217,840,S5_twin_shock_imf_bailout,eurozone,USDC
576,0.7936716023595084,59657797.42873487,840,S5_twin_shock_imf_bailout,eurozone,USDC
577,0.8005352834085822,58166352.49301649,840,S5_twin_shock_imf_bailout,eurozone,USDC
578,0.8075816977343553,56712193.68069108,840,S5_twin_shock_imf_bailout,eurozone,USDC
579,0.8059450223859698,55294388.8386738,840,S5_twin_shock_imf_bailout,eurozone,USDC
580,0.8108994957476373,53912029.11770695,840,S5_twin_shock_imf_bailout,eurozone,USDC
581,0.8122958978463265,52564228.38976427,840,S5_twin_shock_imf_bailout,eurozone,USDC
582,0.8242237260163108,51250122.68002017,840,S5_twin_shock_imf_bailout,eurozone,USDC
583,0.8150200003109734,49968869.61301966,840,S5_twin_shock_imf_bailout,eurozone,USDC
584,0.8072303755947307,48719647.87269417,840,S5_twin_shock_imf_bailout,eurozone,USDC
585,0.7945991099569155,47501656.67587682,840,S5_twin_shock_imf_bailout,eurozone,USDC
586,0.7803185999130633,46314115.258979894,840,S5_twin_shock_imf_bailout,eurozone,USDC
587,0.7622053247388055,45156262.3775054,840,S5_twin_shock_imf_bailout,eurozone,USDC
588,0.770834920600928,44027355.81806777,840,S5_twin_shock_imf_bailout,eurozone,USDC
589,0.7834372786873827,42926671.922616065,840,S5_twin_shock_imf_bailout,eurozone,USDC
590,0.7834616847971441,41853505.12455067,840,S5_twin_shock_imf_bailout,eurozone,USDC
591,0.7722692132019021,40807167.49643691,840,S5_twin_shock_imf_bailout,eurozone,USDC
592,0.7713288767311419,39786988.30902598,840,S5_twin_shock_imf_bailout,eurozone,USDC
593,0.7557992795746128,38792313.60130033,840,S5_twin_shock_imf_bailout,eurozone,USDC
594,0.7527170488884066,37822505.76126782,840,S5_twin_shock_imf_bailout,eurozone,USDC
595,0.7635569450625741,36876943.11723612,840,S5_twin_shock_imf_bailout,eurozone,USDC
596,0.7629424689713943,35955019.539305225,840,S5_twin_shock_imf_bailout,eurozone,USDC
597,0.7705072921999434,35056144.050822586,840,S5_twin_shock_imf_bailout,eurozone,USDC
598,0.749146661155596,34179740.44955203,840,S5_twin_shock_imf_bailout,eurozone,USDC
599,0.7265673915171728,33325246.938313223,840,S5_twin_shock_imf_bailout,eurozone,USDC
600,0.742367321350264,32492115.764855392,840,S5_twin_shock_imf_bailout,eurozone,USDC
601,0.756936578788158,31679812.870734006,840,S5_twin_shock_imf_bailout,eurozone,USDC
602,0.7431885502189561,30887817.548965655,840,S5_twin_shock_imf_bailout,eurozone,USDC
603,0.731388709566519,30115622.110241517,840,S5_twin_shock_imf_bailout,eurozone,USDC
604,0.7433875893796774,29362731.557485484,840,S5_twin_shock_imf_bailout,eurozone,USDC
605,0.7583868063283676,28628663.268548347,840,S5_twin_shock_imf_bailout,eurozone,USDC
606,0.7627039480956385,27912946.686834633,840,S5_twin_shock_imf_bailout,eurozone,USDC
607,0.7850987144171476,27215123.019663766,840,S5_twin_shock_imf_bailout,eurozone,USDC
608,0.8059205342191695,26534744.944172177,840,S5_twin_shock_imf_bailout,eurozone,USDC
609,0.8116078838189216,25871376.320567872,840,S5_twin_shock_imf_bailout,eurozone,USDC
610,0.7809877593915754,25224591.912553675,840,S5_twin_shock_imf_bailout,eurozone,USDC
611,0.7772403628696046,24593977.114739835,840,S5_twin_shock_imf_bailout,eurozone,USDC
612,0.8028219991371776,23979127.68687134,840,S5_twin_shock_imf_bailout,eurozone,USDC
613,0.7953907076454383,23379649.494699553,840,S5_twin_shock_imf_bailout,eurozone,USDC
614,0.8123949225625188,22795158.257332068,840,S5_twin_shock_imf_bailout,eurozone,USDC
615,0.8185389188519078,22225279.300898764,840,S5_twin_shock_imf_bailout,eurozone,USDC
616,0.8016657316917178,21669647.318376295,840,S5_twin_shock_imf_bailout,eurozone,USDC
617,0.8000395502543544,21127906.135416888,840,S5_twin_shock_imf_bailout,eurozone,USDC
618,0.7966160499863627,20599708.482031465,840,S5_twin_shock_imf_bailout,eurozone,USDC
619,0.8041644500065434,20084715.769980676,840,S5_twin_shock_imf_bailout,eurozone,USDC
620,0.8022504272765708,19582597.87573116,840,S5_twin_shock_imf_bailout,eurozone,USDC
621,0.8027349273519462,19093032.92883788,840,S5_twin_shock_imf_bailout,eurozone,USDC
622,0.8086529016461506,18615707.105616935,840,S5_twin_shock_imf_bailout,eurozone,USDC
623,0.8264481811808431,18150314.42797651,840,S5_twin_shock_imf_bailout,eurozone,USDC
624,0.8213769095992758,17696556.5672771,840,S5_twin_shock_imf_bailout,eurozone,USDC
625,0.8074648456167356,17254142.65309517,840,S5_twin_shock_imf_bailout,eurozone,USDC
626,0.6687890476740312,16822789.086767793,840,S5_twin_shock_imf_bailout,eurozone,USDC
627,0.697834381244657,16402219.359598598,840,S5_twin_shock_imf_bailout,eurozone,USDC
628,0.7056756475664631,15992163.875608634,840,S5_twin_shock_imf_bailout,eurozone,USDC
629,0.723952285778931,15592359.778718418,840,S5_twin_shock_imf_bailout,eurozone,USDC
630,0.7520322348962907,15202550.784250457,840,S5_twin_shock_imf_bailout,eurozone,USDC
631,0.7244947011131715,14822487.014644196,840,S5_twin_shock_imf_bailout,eurozone,USDC
632,0.716551411950214,14451924.839278089,840,S5_twin_shock_imf_bailout,eurozone,USDC
633,0.6924573602566138,14090626.718296137,840,S5_twin_shock_imf_bailout,eurozone,USDC
634,0.7134341669285829,13738361.050338734,840,S5_twin_shock_imf_bailout,eurozone,USDC
635,0.7226699174062662,13394902.024080265,840,S5_twin_shock_imf_bailout,eurozone,USDC
636,0.716027776560016,13060029.473478258,840,S5_twin_shock_imf_bailout,eurozone,USDC
637,0.7286519044235507,12733528.736641303,840,S5_twin_shock_imf_bailout,eurozone,USDC
638,0.7362570941028026,12415190.518225271,840,S5_twin_shock_imf_bailout,eurozone,USDC
639,0.743567682691013,12104810.755269637,840,S5_twin_shock_imf_bailout,eurozone,USDC
640,0.7285400305920358,11802190.486387897,840,S5_twin_shock_imf_bailout,eurozone,USDC
641,0.7541046639740101,11507135.7242282,840,S5_twin_shock_imf_bailout,eurozone,USDC
642,0.7584534300170592,11219457.331122493,840,S5_twin_shock_imf_bailout,eurozone,USDC
643,0.7473570651661674,10938970.897844432,840,S5_twin_shock_imf_bailout,eurozone,USDC
644,0.7519208142223546,10665496.625398321,840,S5_twin_shock_imf_bailout,eurozone,USDC
645,0.7531110814338505,10398859.209763363,840,S5_twin_shock_imf_bailout,eurozone,USDC
646,0.7571572698520791,10138887.72951928,840,S5_twin_shock_imf_bailout,eurozone,USDC
647,0.7941447278354299,9885415.536281297,840,S5_twin_shock_imf_bailout,eurozone,USDC
648,0.8129646120562712,9638280.147874264,840,S5_twin_shock_imf_bailout,eurozone,USDC
649,0.8330158337290928,9397323.144177407,840,S5_twin_shock_imf_bailout,eurozone,USDC
650,0.8145738332610841,9162390.065572973,840,S5_twin_shock_imf_bailout,eurozone,USDC
651,0.8285591012378399,8933330.313933648,840,S5_twin_shock_imf_bailout,eurozone,USDC
652,0.7829652290849581,8709997.056085307,840,S5_twin_shock_imf_bailout,eurozone,USDC
653,0.7652219288815286,8492247.129683174,840,S5_twin_shock_imf_bailout,eurozone,USDC
654,0.7733752067033041,8279940.951441095,840,S5_twin_shock_imf_bailout,eurozone,USDC
655,0.7769878237853689,8072942.427655067,840,S5_twin_shock_imf_bailout,eurozone,USDC
656,0.7770452215620841,7871118.86696369,840,S5_twin_shock_imf_bailout,eurozone,USDC
657,0.7842684974692732,7674340.895289598,840,S5_twin_shock_imf_bailout,eurozone,USDC
658,0.7738752492033821,7482482.372907359,840,S5_twin_shock_imf_bailout,eurozone,USDC
659,0.7778951839356061,7295420.313584675,840,S5_twin_shock_imf_bailout,eurozone,USDC
660,0.7553372413010635,7113034.805745058,840,S5_twin_shock_imf_bailout,eurozone,USDC
661,0.7844360230030745,6935208.93560143,840,S5_twin_shock_imf_bailout,eurozone,USDC
662,0.7826026818915307,6761828.712211395,840,S5_twin_shock_imf_bailout,eurozone,USDC
663,0.7897381232442564,6592782.99440611,840,S5_twin_shock_imf_bailout,eurozone,USDC
664,0.801756026481664,6427963.419545958,840,S5_twin_shock_imf_bailout,eurozone,USDC
665,0.8151737263880785,6267264.334057309,840,S5_twin_shock_imf_bailout,eurozone,USDC
666,0.8076242229562226,6110582.725705876,840,S5_twin_shock_imf_bailout,eurozone,USDC
667,0.8061748202681902,5957818.157563229,840,S5_twin_shock_imf_bailout,eurozone,USDC
668,0.7859032309633934,5808872.703624148,840,S5_twin_shock_imf_bailout,eurozone,USDC
669,0.7901767186150419,5663650.886033544,840,S5_twin_shock_imf_bailout,eurozone,USDC
670,0.7974534339601451,5522059.613882706,840,S5_twin_shock_imf_bailout,eurozone,USDC
671,0.8124529607772853,5384008.123535639,840,S5_twin_shock_imf_bailout,eurozone,USDC
672,0.8051376813195616,5249407.920447247,840,S5_twin_shock_imf_bailout,eurozone,USDC
673,0.8163403164152759,5118172.722436066,840,S5_twin_shock_imf_bailout,eurozone,USDC
674,0.8254700772169078,4990218.404375165,840,S5_twin_shock_imf_bailout,eurozone,USDC
675,0.8163448151184102,4865462.944265786,840,S5_twin_shock_imf_bailout,eurozone,USDC
676,0.8281591985227804,4743826.370659141,840,S5_twin_shock_imf_bailout,eurozone,USDC
677,0.8084700308353928,4625230.7113926625,840,S5_twin_shock_imf_bailout,eurozone,USDC
678,0.8222610078040529,4509599.943607846,840,S5_twin_shock_imf_bailout,eurozone,USDC
679,0.8213452170558092,4396859.94501765,840,S5_twin_shock_imf_bailout,eurozone,USDC
680,0.8367602445511966,4286938.446392208,840,S5_twin_shock_imf_bailout,eurozone,USDC
681,0.8308991790551368,4179764.985232403,840,S5_twin_shock_imf_bailout,eurozone,USDC
682,0.8568801310550257,4075270.860601593,840,S5_twin_shock_imf_bailout,eurozone,USDC
683,0.8232269285831897,3973389.089086553,840,S5_twin_shock_imf_bailout,eurozone,USDC
684,0.8108601778367533,3874054.361859389,840,S5_twin_shock_imf_bailout,eurozone,USDC
685,0.7994003840746858,3777203.0028129043,840,S5_twin_shock_imf_bailout,eurozone,USDC
686,0.7914093832627921,3682772.927742582,840,S5_twin_shock_imf_bailout,eurozone,USDC
687,0.8101943138139263,3590703.604549017,840,S5_twin_shock_imf_bailout,eurozone,USDC
688,0.8126439250698415,3500936.0144352913,840,S5_twin_shock_imf_bailout,eurozone,USDC
689,0.8173572574599901,3413412.614074409,840,S5_twin_shock_imf_bailout,eurozone,USDC
690,0.8496858938679078,3328077.2987225493,840,S5_twin_shock_imf_bailout,eurozone,USDC
691,0.8459433219568239,3244875.366254485,840,S5_twin_shock_imf_bailout,eurozone,USDC
692,0.8632933274808857,3163753.482098123,840,S5_twin_shock_imf_bailout,eurozone,USDC
693,0.8792341037932278,3084659.6450456697,840,S5_twin_shock_imf_bailout,eurozone,USDC
694,0.9037715257732906,3007543.1539195282,840,S5_twin_shock_imf_bailout,eurozone,USDC
695,0.8696098090535914,2932354.5750715397,840,S5_twin_shock_imf_bailout,eurozone,USDC
696,0.8703170030705321,2859045.7106947517,840,S5_twin_shock_imf_bailout,eurozone,USDC
697,0.87989665728168,2787569.5679273824,840,S5_twin_shock_imf_bailout,eurozone,USDC
698,0.8762656717586026,2717880.328729198,840,S5_twin_shock_imf_bailout,eurozone,USDC
699,0.8477076380223905,2649933.3205109686,840,S5_twin_shock_imf_bailout,eurozone,USDC
700,0.8504323260356506,2583684.987498194,840,S5_twin_shock_imf_bailout,eurozone,USDC
701,0.8501765695092343,2519092.8628107393,840,S5_twin_shock_imf_bailout,eurozone,USDC
702,0.8280877305117776,2456115.5412404705,840,S5_twin_shock_imf_bailout,eurozone,USDC
703,0.840446216930743,2394712.652709459,840,S5_twin_shock_imf_bailout,eurozone,USDC
704,0.8472486380639725,2334844.8363917223,840,S5_twin_shock_imf_bailout,eurozone,USDC
705,0.8381809254157838,2276473.7154819295,840,S5_twin_shock_imf_bailout,eurozone,USDC
706,0.856262479058645,2219561.8725948813,840,S5_twin_shock_imf_bailout,eurozone,USDC
707,0.8422717503288684,2164072.825780009,840,S5_twin_shock_imf_bailout,eurozone,USDC
708,0.7215589191105122,2109971.0051355087,840,S5_twin_shock_imf_bailout,eurozone,USDC
709,0.7334721234971522,2057221.7300071209,840,S5_twin_shock_imf_bailout,eurozone,USDC
710,0.7221883993263234,2005791.186756943,840,S5_twin_shock_imf_bailout,eurozone,USDC
711,0.7172013336869618,1955646.4070880194,840,S5_twin_shock_imf_bailout,eurozone,USDC
712,0.7289426833466982,1906755.2469108189,840,S5_twin_shock_imf_bailout,eurozone,USDC
713,0.7103266816716797,1859086.3657380487,840,S5_twin_shock_imf_bailout,eurozone,USDC
714,0.7113738399297391,1812609.2065945973,840,S5_twin_shock_imf_bailout,eurozone,USDC
715,0.6627414813808281,1767293.9764297325,840,S5_twin_shock_imf_bailout,eurozone,USDC
716,0.6939577271682656,1723111.627018989,840,S5_twin_shock_imf_bailout,eurozone,USDC
717,0.7195682288162158,1680033.8363435143,840,S5_twin_shock_imf_bailout,eurozone,USDC
718,0.7167656931194614,1638032.9904349265,840,S5_twin_shock_imf_bailout,eurozone,USDC
719,0.7172718303226512,1597082.1656740534,840,S5_twin_shock_imf_bailout,eurozone,USDC
720,0.7173696218345442,1557155.111532202,840,S5_twin_shock_imf_bailout,eurozone,USDC
721,0.7404491871998692,1518226.233743897,840,S5_twin_shock_imf_bailout,eurozone,USDC
722,0.7340655987394841,1480270.5779002993,840,S5_twin_shock_imf_bailout,eurozone,USDC
723,0.7555465539122384,1443263.813452792,840,S5_twin_shock_imf_bailout,eurozone,USDC
724,0.7709875624156063,1407182.2181164722,840,S5_twin_shock_imf_bailout,eurozone,USDC
725,0.7484104815392741,1372002.6626635604,840,S5_twin_shock_imf_bailout,eurozone,USDC
726,0.7681773435005901,1337702.5960969715,840,S5_twin_shock_imf_bailout,eurozone,USDC
727,0.7676294076814885,1304260.0311945472,840,S5_twin_shock_imf_bailout,eurozone,USDC
728,0.7567416408217048,1271653.5304146833,840,S5_twin_shock_imf_bailout,eurozone,USDC
729,0.7810003653813873,1239862.1921543165,840,S5_twin_shock_imf_bailout,eurozone,USDC
730,0.7849278895419767,1208865.6373504587,840,S5_twin_shock_imf_bailout,eurozone,USDC
731,0.7775806897579836,1178643.9964166973,840,S5_twin_shock_imf_bailout,eurozone,USDC
732,0.7963802986131077,1149177.8965062797,840,S5_twin_shock_imf_bailout,eurozone,USDC
733,0.7860099986621677,1120448.4490936226,840,S5_twin_shock_imf_bailout,eurozone,USDC
734,0.7897902225447658,1092437.2378662822,840,S5_twin_shock_imf_bailout,eurozone,USDC
735,0.7993002061255209,1065126.306919625,840,S5_twin_shock_imf_bailout,eurozone,USDC
736,0.8118546848747806,1038498.1492466344,840,S5_twin_shock_imf_bailout,eurozone,USDC
737,0.7985842073111316,1012535.6955154687,840,S5_twin_shock_imf_bailout,eurozone,USDC
738,0.7752757009044576,987222.303127582,840,S5_twin_shock_imf_bailout,eurozone,USDC
739,0.7615632446098597,962541.7455493924,840,S5_twin_shock_imf_bailout,eurozone,USDC
740,0.7516771776104796,938478.2019106576,840,S5_twin_shock_imf_bailout,eurozone,USDC
741,0.7538102646646473,915016.2468628911,840,S5_twin_shock_imf_bailout,eurozone,USDC
742,0.7565068435236799,892140.840691319,840,S5_twin_shock_imf_bailout,eurozone,USDC
743,0.7702428826054948,869837.319674036,840,S5_twin_shock_imf_bailout,eurozone,USDC
744,0.7890179325641171,848091.3866821851,840,S5_twin_shock_imf_bailout,eurozone,USDC
745,0.7837664704489049,826889.1020151305,840,S5_twin_shock_imf_bailout,eurozone,USDC
746,0.7992615806796975,806216.8744647522,840,S5_twin_shock_imf_bailout,eurozone,USDC
747,0.7949564883560082,786061.4526031334,840,S5_twin_shock_imf_bailout,eurozone,USDC
748,0.6774236742385401,766409.916288055,840,S5_twin_shock_imf_bailout,eurozone,USDC
749,0.7052868314497103,747249.6683808536,840,S5_twin_shock_imf_bailout,eurozone,USDC
750,0.724751758123984,728568.4266713322,840,S5_twin_shock_imf_bailout,eurozone,USDC
751,0.7353753302519388,710354.216004549,840,S5_twin_shock_imf_bailout,eurozone,USDC
752,0.7181879211744714,692595.3606044352,840,S5_twin_shock_imf_bailout,eurozone,USDC
753,0.7123695512551208,675280.4765893243,840,S5_twin_shock_imf_bailout,eurozone,USDC
754,0.7162258582015067,658398.4646745912,840,S5_twin_shock_imf_bailout,eurozone,USDC
755,0.7125625213594899,641938.5030577264,840,S5_twin_shock_imf_bailout,eurozone,USDC
756,0.7312129096933081,625890.0404812833,840,S5_twin_shock_imf_bailout,eurozone,USDC
757,0.7539035560567924,610242.7894692512,840,S5_twin_shock_imf_bailout,eurozone,USDC
758,0.7644563627910214,594986.7197325199,840,S5_twin_shock_imf_bailout,eurozone,USDC
759,0.7868771011902859,580112.0517392069,840,S5_twin_shock_imf_bailout,eurozone,USDC
760,0.7955988742624006,565609.2504457268,840,S5_twin_shock_imf_bailout,eurozone,USDC
761,0.790729291355266,551469.0191845836,840,S5_twin_shock_imf_bailout,eurozone,USDC
762,0.7794523514091531,537682.293704969,840,S5_twin_shock_imf_bailout,eurozone,USDC
763,0.805577037165008,524240.2363623448,840,S5_twin_shock_imf_bailout,eurozone,USDC
764,0.846905690516289,511134.23045328615,840,S5_twin_shock_imf_bailout,eurozone,USDC
765,0.8523247960017405,498355.874691954,840,S5_twin_shock_imf_bailout,eurozone,USDC
766,0.8392361259635305,485896.9778246551,840,S5_twin_shock_imf_bailout,eurozone,USDC
767,0.7096765575790286,473749.5533790388,840,S5_twin_shock_imf_bailout,eurozone,USDC
768,0.7200898957030096,461905.81454456283,840,S5_twin_shock_imf_bailout,eurozone,USDC
769,0.7294008531613895,450358.16918094875,840,S5_twin_shock_imf_bailout,eurozone,USDC
770,0.7284120373993662,439099.21495142503,840,S5_twin_shock_imf_bailout,eurozone,USDC
771,0.7074894037744281,428121.7345776394,840,S5_twin_shock_imf_bailout,eurozone,USDC
772,0.701372124956593,417418.6912131984,840,S5_twin_shock_imf_bailout,eurozone,USDC
773,0.7098813127169346,406983.22393286845,840,S5_twin_shock_imf_bailout,eurozone,USDC
774,0.7225261469779065,396808.6433345467,840,S5_twin_shock_imf_bailout,eurozone,USDC
775,0.7358536153572542,386888.4272511831,840,S5_twin_shock_imf_bailout,eurozone,USDC
776,0.6395349690398406,377216.2165699035,840,S5_twin_shock_imf_bailout,eurozone,USDC
777,0.6375080500300693,367785.81115565595,840,S5_twin_shock_imf_bailout,eurozone,USDC
778,0.673918142364689,358591.1658767645,840,S5_twin_shock_imf_bailout,eurozone,USDC
779,0.6809883658245478,349626.3867298454,840,S5_twin_shock_imf_bailout,eurozone,USDC
780,0.6965672430282653,340885.72706159926,840,S5_twin_shock_imf_bailout,eurozone,USDC
781,0.7081353244143737,332363.5838850593,840,S5_twin_shock_imf_bailout,eurozone,USDC
782,0.7210748979166818,324054.4942879328,840,S5_twin_shock_imf_bailout,eurozone,USDC
783,0.7235872038284152,315953.1319307345,840,S5_twin_shock_imf_bailout,eurozone,USDC
784,0.7450010063623965,308054.3036324661,840,S5_twin_shock_imf_bailout,eurozone,USDC
785,0.7737308864253206,300352.9460416545,840,S5_twin_shock_imf_bailout,eurozone,USDC
786,0.7807696039148598,292844.12239061313,840,S5_twin_shock_imf_bailout,eurozone,USDC
787,0.6709831717807997,285523.0193308478,840,S5_twin_shock_imf_bailout,eurozone,USDC
788,0.6980193426940166,278384.9438475766,840,S5_twin_shock_imf_bailout,eurozone,USDC
789,0.7191333100511209,271425.3202513872,840,S5_twin_shock_imf_bailout,eurozone,USDC
790,0.7552750880111386,264639.6872451025,840,S5_twin_shock_imf_bailout,eurozone,USDC
791,0.7522963955758473,258023.69506397494,840,S5_twin_shock_imf_bailout,eurozone,USDC
792,0.68668208421083,251573.10268737556,840,S5_twin_shock_imf_bailout,eurozone,USDC
793,0.6891040752731289,245283.77512019116,840,S5_twin_shock_imf_bailout,eurozone,USDC
794,0.7105353171546673,239151.68074218638,840,S5_twin_shock_imf_bailout,eurozone,USDC
795,0.730160102617,233172.88872363174,840,S5_twin_shock_imf_bailout,eurozone,USDC
796,0.7581011587154997,227343.56650554095,840,S5_twin_shock_imf_bailout,eurozone,USDC
797,0.7532402466052142,221659.97734290242,840,S5_twin_shock_imf_bailout,eurozone,USDC
798,0.7849265305688796,216118.47790932987,840,S5_twin_shock_imf_bailout,eurozone,USDC
799,0.8085470190634897,210715.5159615966,840,S5_twin_shock_imf_bailout,eurozone,USDC
800,0.8006691463118897,205447.62806255667,840,S5_twin_shock_imf_bailout,eurozone,USDC
801,0.7799081198664346,200311.43736099277,840,S5_twin_shock_imf_bailout,eurozone,USDC
802,0.7696169172569202,195303.65142696793,840,S5_twin_shock_imf_bailout,eurozone,USDC
803,0.7642148943721324,190421.06014129374,840,S5_twin_shock_imf_bailout,eurozone,USDC
804,0.7748959904377978,185660.5336377614,840,S5_twin_shock_imf_bailout,eurozone,USDC
805,0.778593020339102,181019.02029681738,840,S5_twin_shock_imf_bailout,eurozone,USDC
806,0.7822139066631388,176493.54478939692,840,S5_twin_shock_imf_bailout,eurozone,USDC
807,0.7699701287732782,172081.206169662,840,S5_twin_shock_imf_bailout,eurozone,USDC
808,0.773156405213864,167779.17601542047,840,S5_twin_shock_imf_bailout,eurozone,USDC
809,0.791250021553012,163584.69661503495,840,S5_twin_shock_imf_bailout,eurozone,USDC
810,0.7756148968453174,159495.07919965909,840,S5_twin_shock_imf_bailout,eurozone,USDC
811,0.7667756586155908,155507.7022196676,840,S5_twin_shock_imf_bailout,eurozone,USDC
812,0.7498313213555005,151620.00966417592,840,S5_twin_shock_imf_bailout,eurozone,USDC
813,0.7626614804959774,147829.50942257151,840,S5_twin_shock_imf_bailout,eurozone,USDC
814,0.7636778309206558,144133.77168700722,840,S5_twin_shock_imf_bailout,eurozone,USDC
815,0.777815716932563,140530.42739483205,840,S5_twin_shock_imf_bailout,eurozone,USDC
816,0.7872516193790454,137017.16670996125,840,S5_twin_shock_imf_bailout,eurozone,USDC
817,0.784939387246627,133591.7375422122,840,S5_twin_shock_imf_bailout,eurozone,USDC
818,0.7938867852978143,130251.9441036569,840,S5_twin_shock_imf_bailout,eurozone,USDC
819,0.7824624159921866,126995.64550106548,840,S5_twin_shock_imf_bailout,eurozone,USDC
820,0.809963713816655,123820.75436353884,840,S5_twin_shock_imf_bailout,eurozone,USDC
821,0.8223319279059199,120725.23550445038,840,S5_twin_shock_imf_bailout,eurozone,USDC
822,0.8157414350361368,117707.10461683912,840,S5_twin_shock_imf_bailout,eurozone,USDC
823,0.8144911674290994,114764.42700141814,840,S5_twin_shock_imf_bailout,eurozone,USDC
824,0.7941939823177263,111895.31632638269,840,S5_twin_shock_imf_bailout,eurozone,USDC
825,0.7768664918555456,109097.93341822311,840,S5_twin_shock_imf_bailout,eurozone,USDC
826,0.763191753818811,106370.48508276753,840,S5_twin_shock_imf_bailout,eurozone,USDC
827,0.746022313027656,103711.22295569835,840,S5_twin_shock_imf_bailout,eurozone,USDC
828,0.7313600607065486,101118.44238180589,840,S5_twin_shock_imf_bailout,eurozone,USDC
829,0.7453965545132513,98590.48132226075,840,S5_twin_shock_imf_bailout,eurozone,USDC
830,0.7228708380406922,96125.71928920424,840,S5_twin_shock_imf_bailout,eurozone,USDC
831,0.7071719879351975,93722.57630697412,840,S5_twin_shock_imf_bailout,eurozone,USDC
832,0.7242085963391076,91379.51189929977,840,S5_twin_shock_imf_bailout,eurozone,USDC
833,0.7310614502175414,89095.02410181728,840,S5_twin_shock_imf_bailout,eurozone,USDC
834,0.7312984742035239,86867.64849927183,840,S5_twin_shock_imf_bailout,eurozone,USDC
835,0.7308075067617549,84695.95728679004,840,S5_twin_shock_imf_bailout,eurozone,USDC
836,0.7401651844360752,82578.5583546203,840,S5_twin_shock_imf_bailout,eurozone,USDC
837,0.7412492111186071,80514.09439575477,840,S5_twin_shock_imf_bailout,eurozone,USDC
838,0.7579174105377731,78501.24203586092,840,S5_twin_shock_imf_bailout,eurozone,USDC
839,0.7611978914679116,76538.71098496439,840,S5_twin_shock_imf_bailout,eurozone,USDC
840,0.7624283735904231,74625.24321034028,840,S5_twin_shock_imf_bailout,eurozone,USDC
841,0.7624184118647537,72759.61213008178,840,S5_twin_shock_imf_bailout,eurozone,USDC
842,0.7729724135532381,70940.62182682972,840,S5_twin_shock_imf_bailout,eurozone,USDC
843,0.7451952536254465,69167.10628115898,840,S5_twin_shock_imf_bailout,eurozone,USDC
844,0.7264700192617614,67437.92862413001,840,S5_twin_shock_imf_bailout,eurozone,USDC
845,0.7253267688254583,65751.98040852677,840,S5_twin_shock_imf_bailout,eurozone,USDC
846,0.7350344322168567,64108.1808983136,840,S5_twin_shock_imf_bailout,eurozone,USDC
847,0.7404518678357978,62505.47637585575,840,S5_twin_shock_imf_bailout,eurozone,USDC
848,0.7427192634821739,60942.839466459365,840,S5_twin_shock_imf_bailout,eurozone,USDC
849,0.7753441365716436,59419.26847979787,840,S5_twin_shock_imf_bailout,eurozone,USDC
850,0.7911159288236707,57933.78676780293,840,S5_twin_shock_imf_bailout,eurozone,USDC
851,0.7803160295872587,56485.44209860786,840,S5_twin_shock_imf_bailout,eurozone,USDC
852,0.8000792712954387,55073.306046142665,840,S5_twin_shock_imf_bailout,eurozone,USDC
853,0.7959713963045131,53696.473394989094,840,S5_twin_shock_imf_bailout,eurozone,USDC
854,0.7778384606529747,52354.061560114365,840,S5_twin_shock_imf_bailout,eurozone,USDC
855,0.7957480218428177,51045.21002111152,840,S5_twin_shock_imf_bailout,eurozone,USDC
856,0.7975689929727197,49769.07977058373,840,S5_twin_shock_imf_bailout,eurozone,USDC
857,0.8121188469699187,48524.85277631913,840,S5_twin_shock_imf_bailout,eurozone,USDC
858,0.826028695170546,47311.731456911155,840,S5_twin_shock_imf_bailout,eurozone,USDC
859,0.7961943244749504,46128.93817048837,840,S5_twin_shock_imf_bailout,eurozone,USDC
860,0.7888594168160783,44975.71471622617,840,S5_twin_shock_imf_bailout,eurozone,USDC
861,0.8145056173538482,43851.32184832051,840,S5_twin_shock_imf_bailout,eurozone,USDC
862,0.8028957797669996,42755.0388021125,840,S5_twin_shock_imf_bailout,eurozone,USDC
863,0.827045574627639,41686.16283205969,840,S5_twin_shock_imf_bailout,eurozone,USDC
864,0.8174630291581328,40644.00876125819,840,S5_twin_shock_imf_bailout,eurozone,USDC
865,0.8121845339535522,39627.90854222674,840,S5_twin_shock_imf_bailout,eurozone,USDC
866,0.8224092352181154,38637.21082867107,840,S5_twin_shock_imf_bailout,eurozone,USDC
867,0.8217316134572011,37671.28055795429,840,S5_twin_shock_imf_bailout,eurozone,USDC
868,0.8174671816610374,36729.49854400544,840,S5_twin_shock_imf_bailout,eurozone,USDC
869,0.8382456872166437,35811.261080405304,840,S5_twin_shock_imf_bailout,eurozone,USDC
870,0.8144895517783673,34915.97955339517,840,S5_twin_shock_imf_bailout,eurozone,USDC
871,0.7976656587790267,34043.080064560294,840,S5_twin_shock_imf_bailout,eurozone,USDC
872,0.768773070327049,33192.003062946285,840,S5_twin_shock_imf_bailout,eurozone,USDC
873,0.7680008062149196,32362.202986372624,840,S5_twin_shock_imf_bailout,eurozone,USDC
874,0.7439800716417344,31553.147911713306,840,S5_twin_shock_imf_bailout,eurozone,USDC
875,0.7489468675508034,30764.319213920477,840,S5_twin_shock_imf_bailout,eurozone,USDC
876,0.7503578264047868,29995.211233572463,840,S5_twin_shock_imf_bailout,eurozone,USDC
877,0.7383464301535158,29245.33095273315,840,S5_twin_shock_imf_bailout,eurozone,USDC
878,0.7602486078383783,28514.197678914825,840,S5_twin_shock_imf_bailout,eurozone,USDC
879,0.7648467499809134,27801.34273694195,840,S5_twin_shock_imf_bailout,eurozone,USDC
880,0.7602732250915694,27106.309168518404,840,S5_twin_shock_imf_bailout,eurozone,USDC
881,0.7823258072367476,26428.651439305446,840,S5_twin_shock_imf_bailout,eurozone,USDC
882,0.8048353061836884,25767.93515332281,840,S5_twin_shock_imf_bailout,eurozone,USDC
883,0.7878364165704265,25123.736774489742,840,S5_twin_shock_imf_bailout,eurozone,USDC
884,0.7799305323018897,24495.643355127497,840,S5_twin_shock_imf_bailout,eurozone,USDC
885,0.7665933029770955,23883.25227124931,840,S5_twin_shock_imf_bailout,eurozone,USDC
886,0.7836910270563451,23286.170964468074,840,S5_twin_shock_imf_bailout,eurozone,USDC
887,0.7817628489941294,22704.016690356373,840,S5_twin_shock_imf_bailout,eurozone,USDC
888,0.77039121247489,22136.416273097464,840,S5_twin_shock_imf_bailout,eurozone,USDC
889,0.7395253941235171,21583.005866270025,840,S5_twin_shock_imf_bailout,eurozone,USDC
890,0.7410377075593773,21043.430719613276,840,S5_twin_shock_imf_bailout,eurozone,USDC
891,0.7367815696781126,20517.344951622945,840,S5_twin_shock_imf_bailout,eurozone,USDC
892,0.7567489903495149,20004.41132783237,840,S5_twin_shock_imf_bailout,eurozone,USDC
893,0.7662450933030375,19504.30104463656,840,S5_twin_shock_imf_bailout,eurozone,USDC
894,0.7679320299493685,19016.693518520646,840,S5_twin_shock_imf_bailout,eurozone,USDC
895,0.7494007556946373,18541.27618055763,840,S5_twin_shock_imf_bailout,eurozone,USDC
896,0.755020456693286,18077.74427604369,840,S5_twin_shock_imf_bailout,eurozone,USDC
897,0.756851222559758,17625.800669142598,840,S5_twin_shock_imf_bailout,eurozone,USDC
898,0.7652878420950847,17185.155652414032,840,S5_twin_shock_imf_bailout,eurozone,USDC
899,0.791281309309677,16755.526761103683,840,S5_twin_shock_imf_bailout,eurozone,USDC
900,0.7911425336538009,16336.638592076091,840,S5_twin_shock_imf_bailout,eurozone,USDC
901,0.792153435397028,15928.22262727419,840,S5_twin_shock_imf_bailout,eurozone,USDC
902,0.8091631921693456,15530.017061592334,840,S5_twin_shock_imf_bailout,eurozone,USDC
903,0.794045155302743,15141.766635052525,840,S5_twin_shock_imf_bailout,eurozone,USDC
904,0.7892410532715513,14763.222469176213,840,S5_twin_shock_imf_bailout,eurozone,USDC
905,0.7807804402765136,14394.141907446809,840,S5_twin_shock_imf_bailout,eurozone,USDC
906,0.7801548135352536,14034.288359760638,840,S5_twin_shock_imf_bailout,eurozone,USDC
907,0.7772370545291083,13683.431150766623,840,S5_twin_shock_imf_bailout,eurozone,USDC
908,0.79227775767319,13341.345371997455,840,S5_twin_shock_imf_bailout,eurozone,USDC
909,0.7884943594001442,13007.81173769752,840,S5_twin_shock_imf_bailout,eurozone,USDC
910,0.7910438510841024,12682.616444255082,840,S5_twin_shock_imf_bailout,eurozone,USDC
911,0.8110247468320557,12365.551033148706,840,S5_twin_shock_imf_bailout,eurozone,USDC
912,0.8098133547577926,12056.412257319987,840,S5_twin_shock_imf_bailout,eurozone,USDC
913,0.8012715251913253,11755.001950886988,840,S5_twin_shock_imf_bailout,eurozone,USDC
914,0.8029604356656086,11461.126902114813,840,S5_twin_shock_imf_bailout,eurozone,USDC
915,0.784121818042737,11174.598729561943,840,S5_twin_shock_imf_bailout,eurozone,USDC
916,0.7861232330535778,10895.233761322896,840,S5_twin_shock_imf_bailout,eurozone,USDC
917,0.8274101070538115,10622.852917289823,840,S5_twin_shock_imf_bailout,eurozone,USDC
918,0.8266585435280844,10357.281594357577,840,S5_twin_shock_imf_bailout,eurozone,USDC
919,0.8403729026293371,10098.349554498636,840,S5_twin_shock_imf_bailout,eurozone,USDC
920,0.7946905143031685,9845.89081563617,840,S5_twin_shock_imf_bailout,eurozone,USDC
921,0.7912390564877845,9599.743545245266,840,S5_twin_shock_imf_bailout,eurozone,USDC
922,0.7971059088556449,9359.749956614134,840,S5_twin_shock_imf_bailout,eurozone,USDC
923,0.7944356682882074,9125.756207698782,840,S5_twin_shock_imf_bailout,eurozone,USDC
924,0.7858074775478479,8897.612302506312,840,S5_twin_shock_imf_bailout,eurozone,USDC
925,0.7662927232400999,8675.171994943654,840,S5_twin_shock_imf_bailout,eurozone,USDC
926,0.7622129103030649,8458.292695070062,840,S5_twin_shock_imf_bailout,eurozone,USDC
927,0.7730869577666575,8246.83537769331,840,S5_twin_shock_imf_bailout,eurozone,USDC
928,0.7652274492923322,8040.664493250979,840,S5_twin_shock_imf_bailout,eurozone,USDC
929,0.7713054802634788,7839.647880919705,840,S5_twin_shock_imf_bailout,eurozone,USDC
930,0.79153520797398,7643.656683896712,840,S5_twin_shock_imf_bailout,eurozone,USDC
931,0.7875995957617641,7452.565266799294,840,S5_twin_shock_imf_bailout,eurozone,USDC
932,0.7877188530692151,7266.2511351293115,840,S5_twin_shock_imf_bailout,eurozone,USDC
933,0.774493758896091,7084.5948567510795,840,S5_twin_shock_imf_bailout,eurozone,USDC
934,0.7728962728603215,6907.479985332302,840,S5_twin_shock_imf_bailout,eurozone,USDC
935,0.77792315591167,6734.792985698994,840,S5_twin_shock_imf_bailout,eurozone,USDC
936,0.807810834097005,6566.42316105652,840,S5_twin_shock_imf_bailout,eurozone,USDC
937,0.7890291935107291,6402.262582030107,840,S5_twin_shock_imf_bailout,eurozone,USDC
938,0.7995951345898696,6242.206017479353,840,S5_twin_shock_imf_bailout,eurozone,USDC
939,0.7922553123558256,6086.15086704237,840,S5_twin_shock_imf_bailout,eurozone,USDC
940,0.8055711536405361,5933.9970953663105,840,S5_twin_shock_imf_bailout,eurozone,USDC
941,0.8179795890892331,5785.6471679821525,840,S5_twin_shock_imf_bailout,eurozone,USDC
942,0.8037298828471285,5641.005988782599,840,S5_twin_shock_imf_bailout,eurozone,USDC
943,0.8160783940794792,5499.980839063033,840,S5_twin_shock_imf_bailout,eurozone,USDC
944,0.7943624249653185,5362.481318086458,840,S5_twin_shock_imf_bailout,eurozone,USDC
945,0.7665203644758246,5228.419285134297,840,S5_twin_shock_imf_bailout,eurozone,USDC
946,0.776551012042965,5097.708803005939,840,S5_twin_shock_imf_bailout,eurozone,USDC
947,0.7697897902682147,4970.266082930791,840,S5_twin_shock_imf_bailout,eurozone,USDC
948,0.784517416275139,4846.009430857521,840,S5_twin_shock_imf_bailout,eurozone,USDC
949,0.7673505374735942,4724.859195086083,840,S5_twin_shock_imf_bailout,eurozone,USDC
950,0.7839108823779672,4606.737715208931,840,S5_twin_shock_imf_bailout,eurozone,USDC
951,0.7736975232635114,4491.5692723287075,840,S5_twin_shock_imf_bailout,eurozone,USDC
952,0.757878659754808,4379.28004052049,840,S5_twin_shock_imf_bailout,eurozone,USDC
953,0.7615906668499053,4269.798039507477,840,S5_twin_shock_imf_bailout,eurozone,USDC
954,0.7525790374203294,4163.05308851979,840,S5_twin_shock_imf_bailout,eurozone,USDC
955,0.7379656032225836,4058.976761306796,840,S5_twin_shock_imf_bailout,eurozone,USDC
956,0.7458964608739127,3957.502342274126,840,S5_twin_shock_imf_bailout,eurozone,USDC
957,0.7556277722382748,3858.564783717273,840,S5_twin_shock_imf_bailout,eurozone,USDC
958,0.7479847795526308,3762.100664124341,840,S5_twin_shock_imf_bailout,eurozone,USDC
959,0.7628027016184741,3668.0481475212323,840,S5_twin_shock_imf_bailout,eurozone,USDC
960,0.7507187662297132,3576.3469438332013,840,S5_twin_shock_imf_bailout,eurozone,USDC
961,0.7522481887533587,3486.9382702373714,840,S5_twin_shock_imf_bailout,eurozone,USDC
962,0.7869181202480641,3399.764813481438,840,S5_twin_shock_imf_bailout,eurozone,USDC
963,0.775450064491899,3314.770693144402,840,S5_twin_shock_imf_bailout,eurozone,USDC
964,0.781715696100903,3231.9014258157918,840,S5_twin_shock_imf_bailout,eurozone,USDC
965,0.784900078270106,3151.103890170397,840,S5_twin_shock_imf_bailout,eurozone,USDC
966,0.7662778168310113,3072.3262929161365,840,S5_twin_shock_imf_bailout,eurozone,USDC
967,0.747286701916919,2995.518135593233,840,S5_twin_shock_imf_bailout,eurozone,USDC
968,0.7225468134259437,2920.6301822034025,840,S5_twin_shock_imf_bailout,eurozone,USDC
969,0.7507694797644201,2847.6144276483174,840,S5_twin_shock_imf_bailout,eurozone,USDC
970,0.742625390494829,2776.424066957109,840,S5_twin_shock_imf_bailout,eurozone,USDC
971,0.7479116983627556,2707.0134652831816,840,S5_twin_shock_imf_bailout,eurozone,USDC
972,0.7327331417659261,2639.338128651102,840,S5_twin_shock_imf_bailout,eurozone,USDC
973,0.7431281170397701,2573.3546754348245,840,S5_twin_shock_imf_bailout,eurozone,USDC
974,0.7414199723597202,2509.020808548954,840,S5_twin_shock_imf_bailout,eurozone,USDC
975,0.7325223816389704,2446.29528833523,840,S5_twin_shock_imf_bailout,eurozone,USDC
976,0.7266411629252074,2385.137906126849,840,S5_twin_shock_imf_bailout,eurozone,USDC
977,0.7432159041444703,2325.509458473678,840,S5_twin_shock_imf_bailout,eurozone,USDC
978,0.7236046984785144,2267.371722011836,840,S5_twin_shock_imf_bailout,eurozone,USDC
979,0.7221922282009542,2210.6874289615403,840,S5_twin_shock_imf_bailout,eurozone,USDC
980,0.7311031185554209,2155.4202432375014,840,S5_twin_shock_imf_bailout,eurozone,USDC
981,0.7400300415760251,2101.534737156564,840,S5_twin_shock_imf_bailout,eurozone,USDC
982,0.743569417280479,2048.99636872765,840,S5_twin_shock_imf_bailout,eurozone,USDC
983,0.7504410961436883,1997.771459509459,840,S5_twin_shock_imf_bailout,eurozone,USDC
984,0.7546474234490279,1947.8271730217225,840,S5_twin_shock_imf_bailout,eurozone,USDC
985,0.7559213853047179,1899.1314936961794,840,S5_twin_shock_imf_bailout,eurozone,USDC
986,0.7479459991555376,1851.6532063537747,840,S5_twin_shock_imf_bailout,eurozone,USDC
987,0.7822246334039621,1805.3618761949306,840,S5_twin_shock_imf_bailout,eurozone,USDC
988,0.786537280615787,1760.2278292900571,840,S5_twin_shock_imf_bailout,eurozone,USDC
989,0.7754508592166448,1716.2221335578056,840,S5_twin_shock_imf_bailout,eurozone,USDC
990,0.7528226680305549,1673.3165802188605,840,S5_twin_shock_imf_bailout,eurozone,USDC
991,0.7633670449371588,1631.483665713389,840,S5_twin_shock_imf_bailout,eurozone,USDC
992,0.7997805836191145,1590.696574070554,840,S5_twin_shock_imf_bailout,eurozone,USDC
993,0.8464359045256419,1550.9291597187903,840,S5_twin_shock_imf_bailout,eurozone,USDC
994,0.8126657017344114,1512.1559307258206,840,S5_twin_shock_imf_bailout,eurozone,USDC
995,0.8242970166349523,1474.3520324576753,840,S5_twin_shock_imf_bailout,eurozone,USDC
996,0.81893612866685,1437.4932316462332,840,S5_twin_shock_imf_bailout,eurozone,USDC
997,0.7870492378997168,1401.5559008550774,840,S5_twin_shock_imf_bailout,eurozone,USDC
998,0.8052485758963406,1366.5170033337006,840,S5_twin_shock_imf_bailout,eurozone,USDC
999,0.780404574662175,1332.354078250358,840,S5_twin_shock_imf_bailout,eurozone,USDC
1000,0.7790734399625786,1299.045226294099,840,S5_twin_shock_imf_bailout,eurozone,USDC
