Step,price,liquidity,iteration,scenario,region,coin
1,1.0185883640840925,6300000000000.0,761,S5_twin_shock_imf_bailout,eurozone,USDC
2,1.0092350078295826,6300000000000.0,761,S5_twin_shock_imf_bailout,eurozone,USDC
3,0.9752956381008099,6300000000000.0,761,S5_twin_shock_imf_bailout,eurozone,USDC
4,0.9616888372800684,6300000000000.0,761,S5_twin_shock_imf_bailout,eurozone,USDC
5,0.9692520124611868,6298920405667.309,761,S5_twin_shock_imf_bailout,eurozone,USDC
6,0.976143868816879,6298857707727.697,761,S5_twin_shock_imf_bailout,eurozone,USDC
7,0.9550253652449919,6298857707727.697,761,S5_twin_shock_imf_bailout,eurozone,USDC
8,0.9369457331642945,6296930183429.172,761,S5_twin_shock_imf_bailout,eurozone,USDC
9,0.9289658263375443,6292776380091.216,761,S5_twin_shock_imf_bailout,eurozone,USDC
10,0.9358772841766776,6287830886293.242,761,S5_twin_shock_imf_bailout,eurozone,USDC
11,0.9391238054257293,6283861979938.019,761,S5_twin_shock_imf_bailout,eurozone,USDC
12,0.9520576193851454,6280465480397.793,761,S5_twin_shock_imf_bailout,eurozone,USDC
13,0.9598022412732451,6278548904853.753,761,S5_twin_shock_imf_bailout,eurozone,USDC
14,0.9799334305554531,6277472008792.887,761,S5_twin_shock_imf_bailout,eurozone,USDC
15,1.004625993233771,6277472008792.887,761,S5_twin_shock_imf_bailout,eurozone,USDC
16,1.0066426584793475,6277472008792.887,761,S5_twin_shock_imf_bailout,eurozone,USDC
17,0.9936772860695504,6277472008792.887,761,S5_twin_shock_imf_bailout,eurozone,USDC
18,1.0089993906373074,6277472008792.887,761,S5_twin_shock_imf_bailout,eurozone,USDC
19,0.9995713246579699,6277472008792.887,761,S5_twin_shock_imf_bailout,eurozone,USDC
20,1.0113869068958645,6277472008792.887,761,S5_twin_shock_imf_bailout,eurozone,USDC
21,1.001426032143915,6277472008792.887,761,S5_twin_shock_imf_bailout,eurozone,USDC
22,0.9813092999830244,6277472008792.887,761,S5_twin_shock_imf_bailout,eurozone,USDC
23,0.9669992653180202,6277472008792.887,761,S5_twin_shock_imf_bailout,eurozone,USDC
24,0.9465247140330577,6277188717040.7705,761,S5_twin_shock_imf_bailout,eurozone,USDC
25,0.9432782828981777,6274721599370.971,761,S5_twin_shock_imf_bailout,eurozone,USDC
26,0.9445250199713803,6272011190999.822,761,S5_twin_shock_imf_bailout,eurozone,USDC
27,0.9620775920830987,6269468639437.16,761,S5_twin_shock_imf_bailout,eurozone,USDC
28,0.9743068580204055,6268753517377.477,761,S5_twin_shock_imf_bailout,eurozone,USDC
29,0.9213981034989193,6268753517377.477,761,S5_twin_shock_imf_bailout,eurozone,USDC
30,0.886942461928168,6264050964846.727,761,S5_twin_shock_imf_bailout,eurozone,USDC
31,0.8732991320610779,6256468541824.854,761,S5_twin_shock_imf_bailout,eurozone,USDC
32,0.8433183189112358,6248455761259.073,761,S5_twin_shock_imf_bailout,eurozone,USDC
33,0.8606494230682022,6238896837070.618,761,S5_twin_shock_imf_bailout,eurozone,USDC
34,0.8576440579736632,6231580850911.112,761,S5_twin_shock_imf_bailout,eurozone,USDC
35,0.8406773073246498,6224978088974.313,761,S5_twin_shock_imf_bailout,eurozone,USDC
36,0.8471772835809355,6218394648540.032,761,S5_twin_shock_imf_bailout,eurozone,USDC
37,0.8713022020052309,6212901444370.518,761,S5_twin_shock_imf_bailout,eurozone,USDC
38,0.8674740773144218,6209044997697.193,761,S5_twin_shock_imf_bailout,eurozone,USDC
39,0.8659530099441772,6205441498775.25,761,S5_twin_shock_imf_bailout,eurozone,USDC
40,0.8794524779107664,6202068928352.148,761,S5_twin_shock_imf_bailout,eurozone,USDC
41,0.8712955633869031,6199448751125.357,761,S5_twin_shock_imf_bailout,eurozone,USDC
42,0.8682163755993935,6196987375638.33,761,S5_twin_shock_imf_bailout,eurozone,USDC
43,0.8829557954692353,6194701492271.055,761,S5_twin_shock_imf_bailout,eurozone,USDC
44,0.9096841364260434,6192843817088.236,761,S5_twin_shock_imf_bailout,eurozone,USDC
45,0.9364967920202433,6191752088919.141,761,S5_twin_shock_imf_bailout,eurozone,USDC
46,0.9575551410866521,6191175988758.278,761,S5_twin_shock_imf_bailout,eurozone,USDC
47,0.9662172752279733,6190980369867.278,761,S5_twin_shock_imf_bailout,eurozone,USDC
48,0.9721241205552318,6190933847941.277,761,S5_twin_shock_imf_bailout,eurozone,USDC
49,0.9796196927212381,6190933847941.277,761,S5_twin_shock_imf_bailout,eurozone,USDC
50,0.9582814106776978,6190933847941.277,761,S5_twin_shock_imf_bailout,eurozone,USDC
51,0.9812767734669076,6190753436104.863,761,S5_twin_shock_imf_bailout,eurozone,USDC
52,0.9950038748990488,6190753436104.863,761,S5_twin_shock_imf_bailout,eurozone,USDC
53,0.9997160367252882,6190753436104.863,761,S5_twin_shock_imf_bailout,eurozone,USDC
54,1.0201159013776853,6190753436104.863,761,S5_twin_shock_imf_bailout,eurozone,USDC
55,1.0233072956117133,6190753436104.863,761,S5_twin_shock_imf_bailout,eurozone,USDC
56,1.0468195591490996,6190753436104.863,761,S5_twin_shock_imf_bailout,eurozone,USDC
57,1.0527444654471096,6190753436104.863,761,S5_twin_shock_imf_bailout,eurozone,USDC
58,1.0134389368261718,6190753436104.863,761,S5_twin_shock_imf_bailout,eurozone,USDC
59,0.9899930722685321,6190753436104.863,761,S5_twin_shock_imf_bailout,eurozone,USDC
60,0.9988808599001681,6190753436104.863,761,S5_twin_shock_imf_bailout,eurozone,USDC
61,0.9871633781737997,6190753436104.863,761,S5_twin_shock_imf_bailout,eurozone,USDC
62,0.9909678105282066,6190753436104.863,761,S5_twin_shock_imf_bailout,eurozone,USDC
63,0.9995517463970667,6190753436104.863,761,S5_twin_shock_imf_bailout,eurozone,USDC
64,1.0115155793995794,6190753436104.863,761,S5_twin_shock_imf_bailout,eurozone,USDC
65,1.0095750426948125,6190753436104.863,761,S5_twin_shock_imf_bailout,eurozone,USDC
66,1.0576519888576001,6190753436104.863,761,S5_twin_shock_imf_bailout,eurozone,USDC
67,1.0769747118309414,6190753436104.863,761,S5_twin_shock_imf_bailout,eurozone,USDC
68,1.0648342151838663,6190753436104.863,761,S5_twin_shock_imf_bailout,eurozone,USDC
69,1.0586097613156622,6190753436104.863,761,S5_twin_shock_imf_bailout,eurozone,USDC
70,1.0268770190364493,6190753436104.863,761,S5_twin_shock_imf_bailout,eurozone,USDC
71,1.0338320288012652,6190753436104.863,761,S5_twin_shock_imf_bailout,eurozone,USDC
72,1.016371927112962,6190753436104.863,761,S5_twin_shock_imf_bailout,eurozone,USDC
73,1.019041741005395,6190753436104.863,761,S5_twin_shock_imf_bailout,eurozone,USDC
74,1.0038268674895217,6190753436104.863,761,S5_twin_shock_imf_bailout,eurozone,USDC
75,1.0292471132504477,6190753436104.863,761,S5_twin_shock_imf_bailout,eurozone,USDC
76,1.03005141613965,6190753436104.863,761,S5_twin_shock_imf_bailout,eurozone,USDC
77,1.0182512543472528,6190753436104.863,761,S5_twin_shock_imf_bailout,eurozone,USDC
78,0.9903471525383701,6190753436104.863,761,S5_twin_shock_imf_bailout,eurozone,USDC
79,0.9784774620647225,6190753436104.863,761,S5_twin_shock_imf_bailout,eurozone,USDC
80,0.9818468546603046,6190753436104.863,761,S5_twin_shock_imf_bailout,eurozone,USDC
81,0.9925318897448672,6190753436104.863,761,S5_twin_shock_imf_bailout,eurozone,USDC
82,0.9809816876439192,6190753436104.863,761,S5_twin_shock_imf_bailout,eurozone,USDC
83,1.0054989288272957,6190753436104.863,761,S5_twin_shock_imf_bailout,eurozone,USDC
84,1.0137669031762526,6190753436104.863,761,S5_twin_shock_imf_bailout,eurozone,USDC
85,1.0556337458121676,6190753436104.863,761,S5_twin_shock_imf_bailout,eurozone,USDC
86,1.0864961305414016,6190753436104.863,761,S5_twin_shock_imf_bailout,eurozone,USDC
87,1.0506519757331692,6190753436104.863,761,S5_twin_shock_imf_bailout,eurozone,USDC
88,1.0169629032449556,6190753436104.863,761,S5_twin_shock_imf_bailout,eurozone,USDC
89,1.0395673387848363,6190753436104.863,761,S5_twin_shock_imf_bailout,eurozone,USDC
90,1.0199113129822448,6190753436104.863,761,S5_twin_shock_imf_bailout,eurozone,USDC
91,0.9842776239590707,6190753436104.863,761,S5_twin_shock_imf_bailout,eurozone,USDC
92,1.008564812642099,6190753436104.863,761,S5_twin_shock_imf_bailout,eurozone,USDC
93,1.01142639173448,6190753436104.863,761,S5_twin_shock_imf_bailout,eurozone,USDC
94,0.9943449138631317,6190753436104.863,761,S5_twin_shock_imf_bailout,eurozone,USDC
95,1.028417478609433,6190753436104.863,761,S5_twin_shock_imf_bailout,eurozone,USDC
96,1.009120911946099,6190753436104.863,761,S5_twin_shock_imf_bailout,eurozone,USDC
97,0.9723438006517702,6190753436104.863,761,S5_twin_shock_imf_bailout,eurozone,USDC
98,0.9950110679017766,6190753436104.863,761,S5_twin_shock_imf_bailout,eurozone,USDC
99,0.9949852480458503,6190753436104.863,761,S5_twin_shock_imf_bailout,eurozone,USDC
100,0.9840342943478345,6190753436104.863,761,S5_twin_shock_imf_bailout,eurozone,USDC
101,0.8417713032073945,6190753436104.863,761,S5_twin_shock_imf_bailout,eurozone,USDC
102,0.846626515092216,6188538723446.59,761,S5_twin_shock_imf_bailout,eurozone,USDC
103,0.8469558323847333,6186765889632.943,761,S5_twin_shock_imf_bailout,eurozone,USDC
104,0.8792731350413636,6185146540907.424,761,S5_twin_shock_imf_bailout,eurozone,USDC
105,0.8858011114228306,6184173338469.569,761,S5_twin_shock_imf_bailout,eurozone,USDC
106,0.9069376160012264,6183330303120.734,761,S5_twin_shock_imf_bailout,eurozone,USDC
107,0.9388740463847113,6182753457815.607,761,S5_twin_shock_imf_bailout,eurozone,USDC
108,0.9588044951349822,6182481815386.611,761,S5_twin_shock_imf_bailout,eurozone,USDC
109,0.9784429447146472,6182389935111.846,761,S5_twin_shock_imf_bailout,eurozone,USDC
110,0.9840291707659291,6182389935111.846,761,S5_twin_shock_imf_bailout,eurozone,USDC
111,0.9889684614747295,6182389935111.846,761,S5_twin_shock_imf_bailout,eurozone,USDC
112,0.9863077806724427,6182389935111.846,761,S5_twin_shock_imf_bailout,eurozone,USDC
113,1.0009031120851986,6182389935111.846,761,S5_twin_shock_imf_bailout,eurozone,USDC
114,0.9700690750483043,6182389935111.846,761,S5_twin_shock_imf_bailout,eurozone,USDC
115,0.9786936211951177,6182389935111.846,761,S5_twin_shock_imf_bailout,eurozone,USDC
116,0.9886942044114037,6182389935111.846,761,S5_twin_shock_imf_bailout,eurozone,USDC
117,0.976212274850342,6182389935111.846,761,S5_twin_shock_imf_bailout,eurozone,USDC
118,1.029307616007118,6182389935111.846,761,S5_twin_shock_imf_bailout,eurozone,USDC
119,1.00907395449136,6182389935111.846,761,S5_twin_shock_imf_bailout,eurozone,USDC
120,0.9697336051436031,6182389935111.846,761,S5_twin_shock_imf_bailout,eurozone,USDC
121,54000000.91716258,6031429435421.15,761,S5_twin_shock_imf_bailout,eurozone,USDC
122,43200001.95,5883523699535.622,761,S5_twin_shock_imf_bailout,eurozone,USDC
123,34560001.95,5738739607047.231,761,S5_twin_shock_imf_bailout,eurozone,USDC
124,27648001.95,5597114316871.051,761,S5_twin_shock_imf_bailout,eurozone,USDC
125,22118401.95,5458661018949.274,761,S5_twin_shock_imf_bailout,eurozone,USDC
126,17694721.95,5323374141475.543,761,S5_twin_shock_imf_bailout,eurozone,USDC
127,14155777.95,5191233506338.654,761,S5_twin_shock_imf_bailout,eurozone,USDC
128,11324622.749999998,5062207643400.1875,761,S5_twin_shock_imf_bailout,eurozone,USDC
129,9059698.59,4936256432091.184,761,S5_twin_shock_imf_bailout,eurozone,USDC
130,7247759.262,4813333205109.704,761,S5_twin_shock_imf_bailout,eurozone,USDC
131,5798207.7996000005,4693386422038.602,761,S5_twin_shock_imf_bailout,eurozone,USDC
132,4638566.629679999,4576360999132.947,761,S5_twin_shock_imf_bailout,eurozone,USDC
133,3710853.693744,4462199364270.874,761,S5_twin_shock_imf_bailout,eurozone,USDC
134,2968683.3449952,4350842292257.1016,761,S5_twin_shock_imf_bailout,eurozone,USDC
135,2374947.0659961603,4242229564625.074,761,S5_twin_shock_imf_bailout,eurozone,USDC
136,1899958.0427969275,4136300489248.968,761,S5_twin_shock_imf_bailout,eurozone,USDC
137,1519966.824237542,4032994308009.3594,761,S5_twin_shock_imf_bailout,eurozone,USDC
138,1215973.8493900339,3932250515102.4175,761,S5_twin_shock_imf_bailout,eurozone,USDC
139,972779.4695120269,3834009104059.491,761,S5_twin_shock_imf_bailout,eurozone,USDC
140,778223.9656096215,3738210757925.711,761,S5_twin_shock_imf_bailout,eurozone,USDC
141,622579.5624876971,3644796994151.7344,761,S5_twin_shock_imf_bailout,eurozone,USDC
142,498064.03999015776,3553710273437.2734,761,S5_twin_shock_imf_bailout,eurozone,USDC
143,398451.6219921262,3464894079912.8076,761,S5_twin_shock_imf_bailout,eurozone,USDC
144,318761.68759370106,3378292978564.16,761,S5_twin_shock_imf_bailout,eurozone,USDC
145,255009.7400749608,3293852654619.3945,761,S5_twin_shock_imf_bailout,eurozone,USDC
146,204008.18205996865,3211519938669.3804,761,S5_twin_shock_imf_bailout,eurozone,USDC
147,163206.93564797493,3131242820535.0225,761,S5_twin_shock_imf_bailout,eurozone,USDC
148,130565.93851837992,3052970454287.548,761,S5_twin_shock_imf_bailout,eurozone,USDC
149,104453.14081470395,2976653156343.08,761,S5_twin_shock_imf_bailout,eurozone,USDC
150,83562.90265176314,2902242398164.68,761,S5_twin_shock_imf_bailout,eurozone,USDC
151,66850.71212141051,2829690794794.704,761,S5_twin_shock_imf_bailout,eurozone,USDC
152,53480.95969712841,2758952090192.15,761,S5_twin_shock_imf_bailout,eurozone,USDC
153,42785.157757702735,2689981140151.197,761,S5_twin_shock_imf_bailout,eurozone,USDC
154,34228.51620616218,2622733893418.497,761,S5_twin_shock_imf_bailout,eurozone,USDC
155,27383.20296492975,2557167371499.899,761,S5_twin_shock_imf_bailout,eurozone,USDC
156,21906.9523719438,2493239647545.8926,761,S5_twin_shock_imf_bailout,eurozone,USDC
157,17525.95189755504,2430909824624.0386,761,S5_twin_shock_imf_bailout,eurozone,USDC
158,14021.151518044035,2370138013621.872,761,S5_twin_shock_imf_bailout,eurozone,USDC
159,11217.311214435229,2310885310972.073,761,S5_twin_shock_imf_bailout,eurozone,USDC
160,8974.238971548182,2253113776350.369,761,S5_twin_shock_imf_bailout,eurozone,USDC
161,7179.781177238545,2196786410463.6885,761,S5_twin_shock_imf_bailout,eurozone,USDC
162,5744.214941790836,2141867133019.7593,761,S5_twin_shock_imf_bailout,eurozone,USDC
163,4595.761953432669,2088320760948.3955,761,S5_twin_shock_imf_bailout,eurozone,USDC
164,3676.999562746135,2036112986927.9897,761,S5_twin_shock_imf_bailout,eurozone,USDC
165,2941.989650196908,1985210358257.4336,761,S5_twin_shock_imf_bailout,eurozone,USDC
166,2353.981720157526,1935580256103.1123,761,S5_twin_shock_imf_bailout,eurozone,USDC
167,1883.5753761260212,1887190875142.2263,761,S5_twin_shock_imf_bailout,eurozone,USDC
168,1507.2503009008171,1840011203617.024,761,S5_twin_shock_imf_bailout,eurozone,USDC
169,1206.1902407206537,1794011003809.2812,761,S5_twin_shock_imf_bailout,eurozone,USDC
170,965.3421925765228,1749160792940.1953,761,S5_twin_shock_imf_bailout,eurozone,USDC
171,772.6637540612182,1705431824497.6074,761,S5_twin_shock_imf_bailout,eurozone,USDC
172,618.5210032489746,1662796069989.9006,761,S5_twin_shock_imf_bailout,eurozone,USDC
173,495.2068025991796,1621226201123.94,761,S5_twin_shock_imf_bailout,eurozone,USDC
174,396.5554420793437,1580695572402.8708,761,S5_twin_shock_imf_bailout,eurozone,USDC
175,317.63435366347494,1541178204138.4229,761,S5_twin_shock_imf_bailout,eurozone,USDC
176,254.49748293077994,1502648765871.461,761,S5_twin_shock_imf_bailout,eurozone,USDC
177,203.98798634462392,1465082560193.8735,761,S5_twin_shock_imf_bailout,eurozone,USDC
178,163.58038907569914,1428455506964.3862,761,S5_twin_shock_imf_bailout,eurozone,USDC
179,131.2543112605593,1392744127910.564,761,S5_twin_shock_imf_bailout,eurozone,USDC
180,105.39344900844745,1357925531609.0298,761,S5_twin_shock_imf_bailout,eurozone,USDC
181,84.70475920675797,1323977398835.7878,761,S5_twin_shock_imf_bailout,eurozone,USDC
182,68.15380736540637,1290877968278.4805,761,S5_twin_shock_imf_bailout,eurozone,USDC
183,54.913045892325094,1258606022602.3882,761,S5_twin_shock_imf_bailout,eurozone,USDC
184,44.32043671386008,1227140874862.024,761,S5_twin_shock_imf_bailout,eurozone,USDC
185,35.84634937108807,1196462355250.23,761,S5_twin_shock_imf_bailout,eurozone,USDC
186,29.067079496870452,1166550798176.7798,761,S5_twin_shock_imf_bailout,eurozone,USDC
187,23.64366359749636,1137387029668.6045,761,S5_twin_shock_imf_bailout,eurozone,USDC
188,19.304930877997087,1108952355083.8848,761,S5_twin_shock_imf_bailout,eurozone,USDC
189,15.83394470239767,1081228547132.384,761,S5_twin_shock_imf_bailout,eurozone,USDC
190,13.057155761918136,1054197834194.5515,761,S5_twin_shock_imf_bailout,eurozone,USDC
191,10.835724609534509,1027842888932.0693,761,S5_twin_shock_imf_bailout,eurozone,USDC
192,9.058579687627608,1002146817182.6731,761,S5_twin_shock_imf_bailout,eurozone,USDC
193,7.636863750102086,977093147132.2305,761,S5_twin_shock_imf_bailout,eurozone,USDC
194,6.499491000081669,952665818757.224,761,S5_twin_shock_imf_bailout,eurozone,USDC
195,5.5895928000653345,928849173530.9329,761,S5_twin_shock_imf_bailout,eurozone,USDC
196,4.861674240052268,905627944386.7711,761,S5_twin_shock_imf_bailout,eurozone,USDC
197,4.279339392041814,882987245932.3911,761,S5_twin_shock_imf_bailout,eurozone,USDC
198,3.8134715136334516,860912564908.3127,761,S5_twin_shock_imf_bailout,eurozone,USDC
199,3.440777210906761,839389750884.99,761,S5_twin_shock_imf_bailout,eurozone,USDC
200,3.1426217687254088,818405007192.3734,761,S5_twin_shock_imf_bailout,eurozone,USDC
201,2.904097414980327,797944882076.1707,761,S5_twin_shock_imf_bailout,eurozone,USDC
202,2.713277931984262,777996260075.1516,761,S5_twin_shock_imf_bailout,eurozone,USDC
203,2.5606223455874093,758546353613.981,761,S5_twin_shock_imf_bailout,eurozone,USDC
204,2.4384978764699277,739582694806.198,761,S5_twin_shock_imf_bailout,eurozone,USDC
205,2.340798301175942,721093127462.0962,761,S5_twin_shock_imf_bailout,eurozone,USDC
206,2.2626386409407537,703065799296.3865,761,S5_twin_shock_imf_bailout,eurozone,USDC
207,2.200110912752603,685489154330.6509,761,S5_twin_shock_imf_bailout,eurozone,USDC
208,2.150088730202082,668351925485.7239,761,S5_twin_shock_imf_bailout,eurozone,USDC
209,2.110070984161666,651643127359.2521,761,S5_twin_shock_imf_bailout,eurozone,USDC
210,2.0780567873293325,635352049183.808,761,S5_twin_shock_imf_bailout,eurozone,USDC
211,2.0256298837829223,619468247961.0425,761,S5_twin_shock_imf_bailout,eurozone,USDC
212,1.9401918258807387,603981541767.4801,761,S5_twin_shock_imf_bailout,eurozone,USDC
213,1.8708823733567632,588882003227.6641,761,S5_twin_shock_imf_bailout,eurozone,USDC
214,1.7513759676010565,574159953150.4692,761,S5_twin_shock_imf_bailout,eurozone,USDC
215,1.7282490276793911,559805954324.505,761,S5_twin_shock_imf_bailout,eurozone,USDC
216,1.6442422253734277,545810805468.6304,761,S5_twin_shock_imf_bailout,eurozone,USDC
217,1.4994300637284954,532165535333.70496,761,S5_twin_shock_imf_bailout,eurozone,USDC
218,1.4249499713193445,518861396951.79456,761,S5_twin_shock_imf_bailout,eurozone,USDC
219,1.4015073170374648,505889862029.14557,761,S5_twin_shock_imf_bailout,eurozone,USDC
220,1.3114993908341006,493242615479.3336,761,S5_twin_shock_imf_bailout,eurozone,USDC
221,1.232426303634066,480911550093.08356,761,S5_twin_shock_imf_bailout,eurozone,USDC
222,1.1814709473169387,468888761341.34314,761,S5_twin_shock_imf_bailout,eurozone,USDC
223,1.1468440550535746,457166542308.2788,761,S5_twin_shock_imf_bailout,eurozone,USDC
224,1.0984165397171,445737378750.94727,761,S5_twin_shock_imf_bailout,eurozone,USDC
225,1.093286977629623,434593944282.474,761,S5_twin_shock_imf_bailout,eurozone,USDC
226,1.1111953810082509,423729095675.65247,761,S5_twin_shock_imf_bailout,eurozone,USDC
227,1.0798343214387716,413135868283.95337,761,S5_twin_shock_imf_bailout,eurozone,USDC
228,1.0438917812633883,402807471577.0084,761,S5_twin_shock_imf_bailout,eurozone,USDC
229,0.9858732144775796,392737284787.70624,761,S5_twin_shock_imf_bailout,eurozone,USDC
230,0.9544604229896693,382918852668.112,761,S5_twin_shock_imf_bailout,eurozone,USDC
231,0.9235673156184211,373227625721.87,761,S5_twin_shock_imf_bailout,eurozone,USDC
232,0.894975865572917,363511056504.65594,761,S5_twin_shock_imf_bailout,eurozone,USDC
233,0.9058674298559123,353871189126.1575,761,S5_twin_shock_imf_bailout,eurozone,USDC
234,0.8821929239523659,344564864377.9268,761,S5_twin_shock_imf_bailout,eurozone,USDC
235,0.8656835774047225,335387994712.9606,761,S5_twin_shock_imf_bailout,eurozone,USDC
236,0.8451898435325975,326347185716.9981,761,S5_twin_shock_imf_bailout,eurozone,USDC
237,0.830186062630368,317502492496.17883,761,S5_twin_shock_imf_bailout,eurozone,USDC
238,0.8462244271396764,308920661822.3169,761,S5_twin_shock_imf_bailout,eurozone,USDC
239,0.852554970896379,300672616590.08673,761,S5_twin_shock_imf_bailout,eurozone,USDC
240,0.8694528429434011,292739270788.7357,761,S5_twin_shock_imf_bailout,eurozone,USDC
241,0.8270813547211147,285099052224.7894,761,S5_twin_shock_imf_bailout,eurozone,USDC
242,0.8148715326498798,277568446124.73724,761,S5_twin_shock_imf_bailout,eurozone,USDC
243,0.8137506408255472,270261080934.55334,761,S5_twin_shock_imf_bailout,eurozone,USDC
244,0.8298728199674054,263176134331.56845,761,S5_twin_shock_imf_bailout,eurozone,USDC
245,0.8278269331013881,256348836113.27405,761,S5_twin_shock_imf_bailout,eurozone,USDC
246,0.8069548695471921,249724217001.95288,761,S5_twin_shock_imf_bailout,eurozone,USDC
247,0.8195893150716701,243268999807.0456,761,S5_twin_shock_imf_bailout,eurozone,USDC
248,0.8318637845813572,237023820633.66165,761,S5_twin_shock_imf_bailout,eurozone,USDC
249,0.8249883991952947,230976230285.54553,761,S5_twin_shock_imf_bailout,eurozone,USDC
250,0.8096640114822455,225090824758.38553,761,S5_twin_shock_imf_bailout,eurozone,USDC
251,0.7811571450768982,219351290316.64502,761,S5_twin_shock_imf_bailout,eurozone,USDC
252,0.8128398626433788,213763535291.88956,761,S5_twin_shock_imf_bailout,eurozone,USDC
253,0.8252946847184387,208348907714.88806,761,S5_twin_shock_imf_bailout,eurozone,USDC
254,0.8266309743128153,203082833492.89072,761,S5_twin_shock_imf_bailout,eurozone,USDC
255,0.820867494556572,197957208642.84467,761,S5_twin_shock_imf_bailout,eurozone,USDC
256,0.812066748962829,192965123283.24127,761,S5_twin_shock_imf_bailout,eurozone,USDC
257,0.8208390077627523,188102969179.66562,761,S5_twin_shock_imf_bailout,eurozone,USDC
258,0.8345038815347504,183370719520.2632,761,S5_twin_shock_imf_bailout,eurozone,USDC
259,0.828175425865316,178761917614.73883,761,S5_twin_shock_imf_bailout,eurozone,USDC
260,0.8109728204451552,174271232963.7013,761,S5_twin_shock_imf_bailout,eurozone,USDC
261,0.7964549173558422,169893651630.79398,761,S5_twin_shock_imf_bailout,eurozone,USDC
262,0.8106315704689642,165627232772.89325,761,S5_twin_shock_imf_bailout,eurozone,USDC
263,0.8190776049243639,161472707592.88263,761,S5_twin_shock_imf_bailout,eurozone,USDC
264,0.8095034058505641,157424105162.89926,761,S5_twin_shock_imf_bailout,eurozone,USDC
265,0.7891100830581751,153478122239.27533,761,S5_twin_shock_imf_bailout,eurozone,USDC
266,0.7609860444869004,149631177870.4662,761,S5_twin_shock_imf_bailout,eurozone,USDC
267,0.7925150317361442,145881006612.79245,761,S5_twin_shock_imf_bailout,eurozone,USDC
268,0.7939103362280813,142228090524.77026,761,S5_twin_shock_imf_bailout,eurozone,USDC
269,0.7906945450128632,138667351426.05283,761,S5_twin_shock_imf_bailout,eurozone,USDC
270,0.7936941983493878,135196366840.47566,761,S5_twin_shock_imf_bailout,eurozone,USDC
271,0.8062574338969709,131813078989.33264,761,S5_twin_shock_imf_bailout,eurozone,USDC
272,0.7999790655490437,128515120852.54544,761,S5_twin_shock_imf_bailout,eurozone,USDC
273,0.7788261314316792,125300105548.56296,761,S5_twin_shock_imf_bailout,eurozone,USDC
274,0.7520179191144363,122165551864.8634,761,S5_twin_shock_imf_bailout,eurozone,USDC
275,0.7582861073473649,119109554907.95569,761,S5_twin_shock_imf_bailout,eurozone,USDC
276,0.7653612779827746,116130394110.79453,761,S5_twin_shock_imf_bailout,eurozone,USDC
277,0.7702989599382857,113225998070.27652,761,S5_twin_shock_imf_bailout,eurozone,USDC
278,0.7797805576510548,110394452332.60411,761,S5_twin_shock_imf_bailout,eurozone,USDC
279,0.8234187988551439,107633952657.89978,761,S5_twin_shock_imf_bailout,eurozone,USDC
280,0.8405007309991456,104942703804.49745,761,S5_twin_shock_imf_bailout,eurozone,USDC
281,0.8531699531810406,102318820222.41702,761,S5_twin_shock_imf_bailout,eurozone,USDC
282,0.8511312925337513,99760607404.72437,761,S5_twin_shock_imf_bailout,eurozone,USDC
283,0.8602842655130812,97266373910.43655,761,S5_twin_shock_imf_bailout,eurozone,USDC
284,0.8771452003210348,94834540846.53178,761,S5_twin_shock_imf_bailout,eurozone,USDC
285,0.8865667251571889,92463543066.43692,761,S5_twin_shock_imf_bailout,eurozone,USDC
286,0.8705416446977032,90151842428.25844,761,S5_twin_shock_imf_bailout,eurozone,USDC
287,0.8828216655432123,87897921251.85922,761,S5_twin_shock_imf_bailout,eurozone,USDC
288,0.9051829612353556,85700374797.49518,761,S5_twin_shock_imf_bailout,eurozone,USDC
289,0.918200356118766,83557800472.32344,761,S5_twin_shock_imf_bailout,eurozone,USDC
290,0.8820386472626917,81468809632.80089,761,S5_twin_shock_imf_bailout,eurozone,USDC
291,0.8780836492705318,79432014442.83554,761,S5_twin_shock_imf_bailout,eurozone,USDC
292,0.870994190250122,77446142332.19934,761,S5_twin_shock_imf_bailout,eurozone,USDC
293,0.8586911765906671,75509914970.65112,761,S5_twin_shock_imf_bailout,eurozone,USDC
294,0.8530916519536883,73622092316.5638,761,S5_twin_shock_imf_bailout,eurozone,USDC
295,0.8649861680794053,71781470286.71773,761,S5_twin_shock_imf_bailout,eurozone,USDC
296,0.8616299571322183,69986878328.0269,761,S5_twin_shock_imf_bailout,eurozone,USDC
297,0.8648572427993849,68237157662.14662,761,S5_twin_shock_imf_bailout,eurozone,USDC
298,0.8402023944618612,66531186425.23181,761,S5_twin_shock_imf_bailout,eurozone,USDC
299,0.8349247479951951,64867859711.46222,761,S5_twin_shock_imf_bailout,eurozone,USDC
300,0.818889520970881,63246120380.67491,761,S5_twin_shock_imf_bailout,eurozone,USDC
301,0.8190752508594085,61664923881.5527,761,S5_twin_shock_imf_bailout,eurozone,USDC
302,0.8104374145394069,60123263986.55798,761,S5_twin_shock_imf_bailout,eurozone,USDC
303,0.8022048259862546,58620149414.04704,761,S5_twin_shock_imf_bailout,eurozone,USDC
304,0.7911105122448672,57154616003.16588,761,S5_twin_shock_imf_bailout,eurozone,USDC
305,0.7961224775980367,55725724942.64963,761,S5_twin_shock_imf_bailout,eurozone,USDC
306,0.8166932549240298,54332561801.649216,761,S5_twin_shock_imf_bailout,eurozone,USDC
307,0.8396792466060238,52974233161.67684,761,S5_twin_shock_imf_bailout,eurozone,USDC
308,0.8184147145480346,51649867043.69658,761,S5_twin_shock_imf_bailout,eurozone,USDC
309,0.8293234506128112,50358609223.31322,761,S5_twin_shock_imf_bailout,eurozone,USDC
310,0.8305736856677199,49099635442.843124,761,S5_twin_shock_imf_bailout,eurozone,USDC
311,0.8194166211890757,47872137288.267365,761,S5_twin_shock_imf_bailout,eurozone,USDC
312,0.8099945725205352,46675327244.681656,761,S5_twin_shock_imf_bailout,eurozone,USDC
313,0.793369097420971,45508438208.032875,761,S5_twin_shock_imf_bailout,eurozone,USDC
314,0.7916630858594179,44370721562.000885,761,S5_twin_shock_imf_bailout,eurozone,USDC
315,0.7936046388090261,43261448988.70804,761,S5_twin_shock_imf_bailout,eurozone,USDC
316,0.7692009291832025,42179908900.40981,761,S5_twin_shock_imf_bailout,eurozone,USDC
317,0.7486166597264319,41125407636.50073,761,S5_twin_shock_imf_bailout,eurozone,USDC
318,0.7614276059462898,40097269317.28813,761,S5_twin_shock_imf_bailout,eurozone,USDC
319,0.7691942395671654,39094835329.07606,761,S5_twin_shock_imf_bailout,eurozone,USDC
320,0.7621180157992512,38117462679.83794,761,S5_twin_shock_imf_bailout,eurozone,USDC
321,0.7552076978908979,37164524649.46303,761,S5_twin_shock_imf_bailout,eurozone,USDC
322,0.7627062695887827,36235410308.97837,761,S5_twin_shock_imf_bailout,eurozone,USDC
323,0.7698786467532522,35329524144.41393,761,S5_twin_shock_imf_bailout,eurozone,USDC
324,0.7715661975222036,34446285329.936386,761,S5_twin_shock_imf_bailout,eurozone,USDC
325,0.7752892173652595,33585127624.264015,761,S5_twin_shock_imf_bailout,eurozone,USDC
326,0.7496759128159616,32745498986.877533,761,S5_twin_shock_imf_bailout,eurozone,USDC
327,0.7444307931375034,31926861123.467888,761,S5_twin_shock_imf_bailout,eurozone,USDC
328,0.7552342603256602,31128689278.10366,761,S5_twin_shock_imf_bailout,eurozone,USDC
329,0.7507748212227856,30350471808.591476,761,S5_twin_shock_imf_bailout,eurozone,USDC
330,0.7381287296871109,29591709835.30606,761,S5_twin_shock_imf_bailout,eurozone,USDC
331,0.7377627558839903,28851916941.168957,761,S5_twin_shock_imf_bailout,eurozone,USDC
332,0.7345918884766425,28130618902.640724,761,S5_twin_shock_imf_bailout,eurozone,USDC
333,0.7125647390759825,27427353336.229843,761,S5_twin_shock_imf_bailout,eurozone,USDC
334,0.7161127060999104,26741669424.64132,761,S5_twin_shock_imf_bailout,eurozone,USDC
335,0.7505527965428892,26073127632.015697,761,S5_twin_shock_imf_bailout,eurozone,USDC
336,0.759997457260767,25421299406.00213,761,S5_twin_shock_imf_bailout,eurozone,USDC
337,0.7542096248573056,24785766892.747353,761,S5_twin_shock_imf_bailout,eurozone,USDC
338,0.7416069193846648,24166122698.645714,761,S5_twin_shock_imf_bailout,eurozone,USDC
339,0.7464251867271544,23561969613.09127,761,S5_twin_shock_imf_bailout,eurozone,USDC
340,0.7793176828565236,22972920358.51063,761,S5_twin_shock_imf_bailout,eurozone,USDC
341,0.7789231464635867,22398597340.360886,761,S5_twin_shock_imf_bailout,eurozone,USDC
342,0.7627122240818974,21838632399.725334,761,S5_twin_shock_imf_bailout,eurozone,USDC
343,0.7603998199002644,21292666583.04928,761,S5_twin_shock_imf_bailout,eurozone,USDC
344,0.7704334768755154,20760349913.159637,761,S5_twin_shock_imf_bailout,eurozone,USDC
345,0.7703188064979168,20241341161.514927,761,S5_twin_shock_imf_bailout,eurozone,USDC
346,0.7850099995585924,19735307629.41549,761,S5_twin_shock_imf_bailout,eurozone,USDC
347,0.7651546629386068,19241924936.315468,761,S5_twin_shock_imf_bailout,eurozone,USDC
348,0.7527867666517144,18760876810.909985,761,S5_twin_shock_imf_bailout,eurozone,USDC
349,0.7585738751898128,18291854888.837547,761,S5_twin_shock_imf_bailout,eurozone,USDC
350,0.7560962207158245,17834558515.284256,761,S5_twin_shock_imf_bailout,eurozone,USDC
351,0.7601678406639203,17388694551.38222,761,S5_twin_shock_imf_bailout,eurozone,USDC
352,0.7693456061192001,16953977186.772367,761,S5_twin_shock_imf_bailout,eurozone,USDC
353,0.7645794978753192,16530127756.482943,761,S5_twin_shock_imf_bailout,eurozone,USDC
354,0.7468296983042951,16116874562.054266,761,S5_twin_shock_imf_bailout,eurozone,USDC
355,0.755640451924077,15713952697.576721,761,S5_twin_shock_imf_bailout,eurozone,USDC
356,0.7770799848528128,15321103879.825417,761,S5_twin_shock_imf_bailout,eurozone,USDC
357,0.7700679488109442,14938076282.603252,761,S5_twin_shock_imf_bailout,eurozone,USDC
358,0.7653518036086856,14564624375.344292,761,S5_twin_shock_imf_bailout,eurozone,USDC
359,0.7689420187890713,14200508765.805695,761,S5_twin_shock_imf_bailout,eurozone,USDC
360,0.7608324369002251,13845496046.534252,761,S5_twin_shock_imf_bailout,eurozone,USDC
361,0.7514076567812181,13499358645.266739,761,S5_twin_shock_imf_bailout,eurozone,USDC
362,0.7496484093941598,13161874679.051237,761,S5_twin_shock_imf_bailout,eurozone,USDC
363,0.7351805981052095,12832827812.007935,761,S5_twin_shock_imf_bailout,eurozone,USDC
364,0.7557996851560762,12512007116.65565,761,S5_twin_shock_imf_bailout,eurozone,USDC
365,0.7529000943673845,12199206938.701122,761,S5_twin_shock_imf_bailout,eurozone,USDC
366,0.7417394628764872,11894226765.203938,761,S5_twin_shock_imf_bailout,eurozone,USDC
367,0.7254466289430981,11596871096.04983,761,S5_twin_shock_imf_bailout,eurozone,USDC
368,0.7481166888785448,11306949318.627373,761,S5_twin_shock_imf_bailout,eurozone,USDC
369,0.7321233640888863,11024275585.648113,761,S5_twin_shock_imf_bailout,eurozone,USDC
370,0.7331882088753826,10748668695.995049,761,S5_twin_shock_imf_bailout,eurozone,USDC
371,0.7543863874656636,10479951978.58619,761,S5_twin_shock_imf_bailout,eurozone,USDC
372,0.7652700821824683,10217953179.11556,761,S5_twin_shock_imf_bailout,eurozone,USDC
373,0.7382158846814344,9962504349.632915,761,S5_twin_shock_imf_bailout,eurozone,USDC
374,0.7639554404543694,9713441740.888008,761,S5_twin_shock_imf_bailout,eurozone,USDC
375,0.7633297733851901,9470605697.362955,761,S5_twin_shock_imf_bailout,eurozone,USDC
376,0.7769441366268633,9233840554.926573,761,S5_twin_shock_imf_bailout,eurozone,USDC
377,0.7681660607376537,9002994541.051779,761,S5_twin_shock_imf_bailout,eurozone,USDC
378,0.7791324166442338,8777919677.52408,761,S5_twin_shock_imf_bailout,eurozone,USDC
379,0.7696394097245559,8558471685.584917,761,S5_twin_shock_imf_bailout,eurozone,USDC
380,0.7781502164087523,8344509893.44438,761,S5_twin_shock_imf_bailout,eurozone,USDC
381,0.8006314657430852,8135897146.107615,761,S5_twin_shock_imf_bailout,eurozone,USDC
382,0.7761905711942116,7932499717.454445,761,S5_twin_shock_imf_bailout,eurozone,USDC
383,0.7851334238891676,7734187224.517626,761,S5_twin_shock_imf_bailout,eurozone,USDC
384,0.7916521461663714,7540832543.904333,761,S5_twin_shock_imf_bailout,eurozone,USDC
385,0.812796186958416,7352311730.306454,761,S5_twin_shock_imf_bailout,eurozone,USDC
386,0.8317834622206247,7168503937.048582,761,S5_twin_shock_imf_bailout,eurozone,USDC
387,0.8482125690010484,6989291338.622211,761,S5_twin_shock_imf_bailout,eurozone,USDC
388,0.850389046783463,6814559055.156547,761,S5_twin_shock_imf_bailout,eurozone,USDC
389,0.8457482956104289,6644195078.777536,761,S5_twin_shock_imf_bailout,eurozone,USDC
390,0.8358023541191606,6478090201.808011,761,S5_twin_shock_imf_bailout,eurozone,USDC
391,0.8146175746519017,6316137946.762724,761,S5_twin_shock_imf_bailout,eurozone,USDC
392,0.8163184156348275,6158234498.093573,761,S5_twin_shock_imf_bailout,eurozone,USDC
393,0.7996064224917442,6004278635.641159,761,S5_twin_shock_imf_bailout,eurozone,USDC
394,0.7862793641369364,5854171669.750065,761,S5_twin_shock_imf_bailout,eurozone,USDC
395,0.7848151659745707,5707817378.006253,761,S5_twin_shock_imf_bailout,eurozone,USDC
396,0.7762621139959571,5565121943.556046,761,S5_twin_shock_imf_bailout,eurozone,USDC
397,0.7799056005925358,5425993894.967103,761,S5_twin_shock_imf_bailout,eurozone,USDC
398,0.7696666033947798,5290344047.592894,761,S5_twin_shock_imf_bailout,eurozone,USDC
399,0.7585254666397729,5158085446.403042,761,S5_twin_shock_imf_bailout,eurozone,USDC
400,0.7763642411284987,5029133310.242941,761,S5_twin_shock_imf_bailout,eurozone,USDC
401,0.7886005360693826,4903404977.486851,761,S5_twin_shock_imf_bailout,eurozone,USDC
402,0.8052490701917827,4780819853.049665,761,S5_twin_shock_imf_bailout,eurozone,USDC
403,0.823429867526261,4661299356.723414,761,S5_twin_shock_imf_bailout,eurozone,USDC
404,0.8553281610124496,4544766872.805321,761,S5_twin_shock_imf_bailout,eurozone,USDC
405,0.8176552315416038,4431147700.985184,761,S5_twin_shock_imf_bailout,eurozone,USDC
406,0.8177282848949058,4320369008.460548,761,S5_twin_shock_imf_bailout,eurozone,USDC
407,0.7953434501990202,4212359783.249029,761,S5_twin_shock_imf_bailout,eurozone,USDC
408,0.7835243996344168,4107050788.6677995,761,S5_twin_shock_imf_bailout,eurozone,USDC
409,0.7742172827564198,4004374518.9511,761,S5_twin_shock_imf_bailout,eurozone,USDC
410,0.7684664192768093,3904265155.977319,761,S5_twin_shock_imf_bailout,eurozone,USDC
411,0.7746257237994025,3806658527.077883,761,S5_twin_shock_imf_bailout,eurozone,USDC
412,0.7644187241034712,3711492063.900934,761,S5_twin_shock_imf_bailout,eurozone,USDC
413,0.7810080908332397,3618704762.3034086,761,S5_twin_shock_imf_bailout,eurozone,USDC
414,0.7927712337843665,3528237143.245822,761,S5_twin_shock_imf_bailout,eurozone,USDC
415,0.776020764546791,3440031214.664675,761,S5_twin_shock_imf_bailout,eurozone,USDC
416,0.8149801798337403,3354030434.2980576,761,S5_twin_shock_imf_bailout,eurozone,USDC
417,0.798749893901913,3270179673.4406056,761,S5_twin_shock_imf_bailout,eurozone,USDC
418,0.7997825983262713,3188425181.6045895,761,S5_twin_shock_imf_bailout,eurozone,USDC
419,0.8088745593072596,3108714552.064474,761,S5_twin_shock_imf_bailout,eurozone,USDC
420,0.8203085206904572,3030996688.262862,761,S5_twin_shock_imf_bailout,eurozone,USDC
421,0.8324159370922769,2955221771.05629,761,S5_twin_shock_imf_bailout,eurozone,USDC
422,0.8189999751245421,2881341226.7798824,761,S5_twin_shock_imf_bailout,eurozone,USDC
423,0.8102600434326309,2809307696.1103854,761,S5_twin_shock_imf_bailout,eurozone,USDC
424,0.7962874449123457,2739075003.7076254,761,S5_twin_shock_imf_bailout,eurozone,USDC
425,0.8065011292838623,2670598128.614935,761,S5_twin_shock_imf_bailout,eurozone,USDC
426,0.7992322251296226,2603833175.3995614,761,S5_twin_shock_imf_bailout,eurozone,USDC
427,0.7843609211747196,2538737346.014572,761,S5_twin_shock_imf_bailout,eurozone,USDC
428,0.7893350494839415,2475268912.364208,761,S5_twin_shock_imf_bailout,eurozone,USDC
429,0.804692337121161,2413387189.5551023,761,S5_twin_shock_imf_bailout,eurozone,USDC
430,0.8212837530819264,2353052509.816225,761,S5_twin_shock_imf_bailout,eurozone,USDC
431,0.8028014863257601,2294226197.07082,761,S5_twin_shock_imf_bailout,eurozone,USDC
432,0.8013982287998305,2236870542.1440487,761,S5_twin_shock_imf_bailout,eurozone,USDC
433,0.8139480619037157,2180948778.5904474,761,S5_twin_shock_imf_bailout,eurozone,USDC
434,0.7939891174045266,2126425059.1256862,761,S5_twin_shock_imf_bailout,eurozone,USDC
435,0.7879963458263319,2073264432.647544,761,S5_twin_shock_imf_bailout,eurozone,USDC
436,0.7868456021840967,2021432821.8313556,761,S5_twin_shock_imf_bailout,eurozone,USDC
437,0.7845090561942107,1970897001.2855716,761,S5_twin_shock_imf_bailout,eurozone,USDC
438,0.6695761086351181,1921624576.2534325,761,S5_twin_shock_imf_bailout,eurozone,USDC
439,0.6774081572758484,1873583961.8470964,761,S5_twin_shock_imf_bailout,eurozone,USDC
440,0.6943853419188184,1826744362.800919,761,S5_twin_shock_imf_bailout,eurozone,USDC
441,0.7143633191906924,1781075753.7308965,761,S5_twin_shock_imf_bailout,eurozone,USDC
442,0.7234272954836827,1736548859.8876238,761,S5_twin_shock_imf_bailout,eurozone,USDC
443,0.6916816439961483,1693135138.3904333,761,S5_twin_shock_imf_bailout,eurozone,USDC
444,0.7007726690211656,1650806759.9306724,761,S5_twin_shock_imf_bailout,eurozone,USDC
445,0.7093613784540369,1609536590.9324057,761,S5_twin_shock_imf_bailout,eurozone,USDC
446,0.7144080261481253,1569298176.1590955,761,S5_twin_shock_imf_bailout,eurozone,USDC
447,0.724273406800822,1530065721.7551181,761,S5_twin_shock_imf_bailout,eurozone,USDC
448,0.7384068253264302,1491814078.71124,761,S5_twin_shock_imf_bailout,eurozone,USDC
449,0.7335663858307444,1454518726.7434592,761,S5_twin_shock_imf_bailout,eurozone,USDC
450,0.7204136034770071,1418155758.5748725,761,S5_twin_shock_imf_bailout,eurozone,USDC
451,0.7241772963768254,1382701864.6105008,761,S5_twin_shock_imf_bailout,eurozone,USDC
452,0.7183680091162399,1348134317.9952383,761,S5_twin_shock_imf_bailout,eurozone,USDC
453,0.7206895143541578,1314430960.0453572,761,S5_twin_shock_imf_bailout,eurozone,USDC
454,0.7146647814519881,1281570186.0442233,761,S5_twin_shock_imf_bailout,eurozone,USDC
455,0.7182895694038641,1249530931.393118,761,S5_twin_shock_imf_bailout,eurozone,USDC
456,0.7032159534153175,1218292658.10829,761,S5_twin_shock_imf_bailout,eurozone,USDC
457,0.7059349275898309,1187835341.6555827,761,S5_twin_shock_imf_bailout,eurozone,USDC
458,0.70345985593405,1158139458.1141932,761,S5_twin_shock_imf_bailout,eurozone,USDC
459,0.697234988011662,1129185971.6613383,761,S5_twin_shock_imf_bailout,eurozone,USDC
460,0.6887334044902055,1100956322.3698049,761,S5_twin_shock_imf_bailout,eurozone,USDC
461,0.6838688005501992,1073432414.3105597,761,S5_twin_shock_imf_bailout,eurozone,USDC
462,0.7149353875028441,1046596603.9527959,761,S5_twin_shock_imf_bailout,eurozone,USDC
463,0.7436580597730739,1020431688.853976,761,S5_twin_shock_imf_bailout,eurozone,USDC
464,0.7303935115227654,994920896.6326265,761,S5_twin_shock_imf_bailout,eurozone,USDC
465,0.7491357976951623,970047874.216811,761,S5_twin_shock_imf_bailout,eurozone,USDC
466,0.7713685314159964,945796677.3613906,761,S5_twin_shock_imf_bailout,eurozone,USDC
467,0.7825435717963903,922151760.4273558,761,S5_twin_shock_imf_bailout,eurozone,USDC
468,0.7834599661911694,899097966.4166719,761,S5_twin_shock_imf_bailout,eurozone,USDC
469,0.8015958293131793,876620517.2562551,761,S5_twin_shock_imf_bailout,eurozone,USDC
470,0.8241448885499745,854705004.3248488,761,S5_twin_shock_imf_bailout,eurozone,USDC
471,0.8351274874664755,833337379.2167275,761,S5_twin_shock_imf_bailout,eurozone,USDC
472,0.8165124371800465,812503944.7363093,761,S5_twin_shock_imf_bailout,eurozone,USDC
473,0.8251821460037012,792191346.1179016,761,S5_twin_shock_imf_bailout,eurozone,USDC
474,0.8418617535548816,772386562.4649541,761,S5_twin_shock_imf_bailout,eurozone,USDC
475,0.8385054885205043,753076898.4033302,761,S5_twin_shock_imf_bailout,eurozone,USDC
476,0.8324066648809588,734249975.943247,761,S5_twin_shock_imf_bailout,eurozone,USDC
477,0.8217847429408349,715893726.5446658,761,S5_twin_shock_imf_bailout,eurozone,USDC
478,0.8271243246302622,697996383.3810492,761,S5_twin_shock_imf_bailout,eurozone,USDC
479,0.8410440780902568,680546473.7965229,761,S5_twin_shock_imf_bailout,eurozone,USDC
480,0.8427908523118163,663532811.9516098,761,S5_twin_shock_imf_bailout,eurozone,USDC
481,0.8418139139144513,646944491.6528196,761,S5_twin_shock_imf_bailout,eurozone,USDC
482,0.8457069750167784,630770879.3614991,761,S5_twin_shock_imf_bailout,eurozone,USDC
483,0.8074742985981302,615001607.3774617,761,S5_twin_shock_imf_bailout,eurozone,USDC
484,0.7830272899828578,599626567.1930251,761,S5_twin_shock_imf_bailout,eurozone,USDC
485,0.7700620850733654,584635903.0131994,761,S5_twin_shock_imf_bailout,eurozone,USDC
486,0.7826942056640862,570020005.4378695,761,S5_twin_shock_imf_bailout,eurozone,USDC
487,0.7758954009202285,555769505.3019228,761,S5_twin_shock_imf_bailout,eurozone,USDC
488,0.7744697888160841,541875267.6693747,761,S5_twin_shock_imf_bailout,eurozone,USDC
489,0.7807608246731657,528328385.97764033,761,S5_twin_shock_imf_bailout,eurozone,USDC
490,0.7729557275894812,515120176.32819927,761,S5_twin_shock_imf_bailout,eurozone,USDC
491,0.7469846558623819,502242171.91999435,761,S5_twin_shock_imf_bailout,eurozone,USDC
492,0.7389288793133282,489686117.6219945,761,S5_twin_shock_imf_bailout,eurozone,USDC
493,0.7559228319342244,477443964.6814446,761,S5_twin_shock_imf_bailout,eurozone,USDC
494,0.7649193250720393,465507865.56440854,761,S5_twin_shock_imf_bailout,eurozone,USDC
495,0.7872153888789827,453870168.9252982,761,S5_twin_shock_imf_bailout,eurozone,USDC
496,0.7767050493041421,442523414.70216584,761,S5_twin_shock_imf_bailout,eurozone,USDC
497,0.7773393090164081,431460329.33461165,761,S5_twin_shock_imf_bailout,eurozone,USDC
498,0.7589012852232889,420673821.10124636,761,S5_twin_shock_imf_bailout,eurozone,USDC
499,0.7694434223673474,410156975.5737152,761,S5_twin_shock_imf_bailout,eurozone,USDC
500,0.7822144315731983,399903051.1843723,761,S5_twin_shock_imf_bailout,eurozone,USDC
501,0.7862836028122084,389905474.904763,761,S5_twin_shock_imf_bailout,eurozone,USDC
502,0.7597020316062184,380157838.03214395,761,S5_twin_shock_imf_bailout,eurozone,USDC
503,0.7633797323610987,370653892.0813404,761,S5_twin_shock_imf_bailout,eurozone,USDC
504,0.7407535725826252,361387544.7793069,761,S5_twin_shock_imf_bailout,eurozone,USDC
505,0.7336277102927317,352352856.1598242,761,S5_twin_shock_imf_bailout,eurozone,USDC
506,0.7240862170352488,343544034.75582856,761,S5_twin_shock_imf_bailout,eurozone,USDC
507,0.7274915081477074,334955433.88693285,761,S5_twin_shock_imf_bailout,eurozone,USDC
508,0.727158544363304,326581548.0397595,761,S5_twin_shock_imf_bailout,eurozone,USDC
509,0.723476338155447,318417009.3387655,761,S5_twin_shock_imf_bailout,eurozone,USDC
510,0.7146336978789078,310456584.1052964,761,S5_twin_shock_imf_bailout,eurozone,USDC
511,0.7131208389074611,302695169.50266397,761,S5_twin_shock_imf_bailout,eurozone,USDC
512,0.7264258419375388,295127790.2650974,761,S5_twin_shock_imf_bailout,eurozone,USDC
513,0.7573888509782808,287749595.50846994,761,S5_twin_shock_imf_bailout,eurozone,USDC
514,0.746894070774377,280555855.6207582,761,S5_twin_shock_imf_bailout,eurozone,USDC
515,0.7567007359222551,273541959.2302392,761,S5_twin_shock_imf_bailout,eurozone,USDC
516,0.7627905692901273,266703410.24948326,761,S5_twin_shock_imf_bailout,eurozone,USDC
517,0.7744528135806561,260035824.99324617,761,S5_twin_shock_imf_bailout,eurozone,USDC
518,0.7694165214018065,253534929.368415,761,S5_twin_shock_imf_bailout,eurozone,USDC
519,0.7774149333777738,247196556.13420463,761,S5_twin_shock_imf_bailout,eurozone,USDC
520,0.7928001960848166,241016642.2308495,761,S5_twin_shock_imf_bailout,eurozone,USDC
521,0.7919505245231698,234991226.17507827,761,S5_twin_shock_imf_bailout,eurozone,USDC
522,0.7708361341560964,229116445.52070135,761,S5_twin_shock_imf_bailout,eurozone,USDC
523,0.7747940955500432,223388534.3826838,761,S5_twin_shock_imf_bailout,eurozone,USDC
524,0.766423657948629,217803821.0231167,761,S5_twin_shock_imf_bailout,eurozone,USDC
525,0.7578401122125782,212358725.4975388,761,S5_twin_shock_imf_bailout,eurozone,USDC
526,0.7775797556072777,207049757.36010033,761,S5_twin_shock_imf_bailout,eurozone,USDC
527,0.7614390288026391,201873513.4260978,761,S5_twin_shock_imf_bailout,eurozone,USDC
528,0.7660003953859709,196826675.59044537,761,S5_twin_shock_imf_bailout,eurozone,USDC
529,0.7635410614294162,191906008.70068422,761,S5_twin_shock_imf_bailout,eurozone,USDC
530,0.7646968066850056,187108358.4831671,761,S5_twin_shock_imf_bailout,eurozone,USDC
531,0.7881789248602425,182430649.52108794,761,S5_twin_shock_imf_bailout,eurozone,USDC
532,0.783737742405177,177869883.28306076,761,S5_twin_shock_imf_bailout,eurozone,USDC
533,0.8407515578412066,173423136.20098424,761,S5_twin_shock_imf_bailout,eurozone,USDC
534,0.875660751048311,169087557.79595962,761,S5_twin_shock_imf_bailout,eurozone,USDC
535,0.8775627041003112,164860368.85106063,761,S5_twin_shock_imf_bailout,eurozone,USDC
536,0.8765609077617097,160738859.6297841,761,S5_twin_shock_imf_bailout,eurozone,USDC
537,0.8533864450800558,156720388.13903952,761,S5_twin_shock_imf_bailout,eurozone,USDC
538,0.8400423423611145,152802378.43556353,761,S5_twin_shock_imf_bailout,eurozone,USDC
539,0.8186686775548621,148982318.97467443,761,S5_twin_shock_imf_bailout,eurozone,USDC
540,0.8112027920217789,145257761.0003076,761,S5_twin_shock_imf_bailout,eurozone,USDC
541,0.8317189225028158,141626316.9752999,761,S5_twin_shock_imf_bailout,eurozone,USDC
542,0.8295446367087258,138085659.0509174,761,S5_twin_shock_imf_bailout,eurozone,USDC
543,0.842990699997038,134633517.57464445,761,S5_twin_shock_imf_bailout,eurozone,USDC
544,0.8089313084012427,131267679.63527834,761,S5_twin_shock_imf_bailout,eurozone,USDC
545,0.8235036109913106,127985987.64439636,761,S5_twin_shock_imf_bailout,eurozone,USDC
546,0.8117002705668965,124786337.95328645,761,S5_twin_shock_imf_bailout,eurozone,USDC
547,0.8254202527785282,121666679.50445428,761,S5_twin_shock_imf_bailout,eurozone,USDC
548,0.8051174578225624,118625012.51684295,761,S5_twin_shock_imf_bailout,eurozone,USDC
549,0.8152029059904701,115659387.20392185,761,S5_twin_shock_imf_bailout,eurozone,USDC
550,0.8017179262619809,112767902.52382381,761,S5_twin_shock_imf_bailout,eurozone,USDC
551,0.8202292570206949,109948704.96072823,761,S5_twin_shock_imf_bailout,eurozone,USDC
552,0.8197806333170324,107199987.33671,761,S5_twin_shock_imf_bailout,eurozone,USDC
553,0.7937894129834339,104519987.65329227,761,S5_twin_shock_imf_bailout,eurozone,USDC
554,0.7713285235388655,101906987.96195997,761,S5_twin_shock_imf_bailout,eurozone,USDC
555,0.788203874983457,99359313.26291096,761,S5_twin_shock_imf_bailout,eurozone,USDC
556,0.8015969186274694,96875330.43133819,761,S5_twin_shock_imf_bailout,eurozone,USDC
557,0.7757796453013168,94453447.17055474,761,S5_twin_shock_imf_bailout,eurozone,USDC
558,0.766368112207224,92092110.99129087,761,S5_twin_shock_imf_bailout,eurozone,USDC
559,0.766538394675001,89789808.2165086,761,S5_twin_shock_imf_bailout,eurozone,USDC
560,0.7687751809608017,87545063.01109588,761,S5_twin_shock_imf_bailout,eurozone,USDC
561,0.787275098848998,85356436.4358185,761,S5_twin_shock_imf_bailout,eurozone,USDC
562,0.6876378059090106,83222525.52492303,761,S5_twin_shock_imf_bailout,eurozone,USDC
563,0.6768635210239222,81141962.38679996,761,S5_twin_shock_imf_bailout,eurozone,USDC
564,0.6661830722352893,79113413.32712996,761,S5_twin_shock_imf_bailout,eurozone,USDC
565,0.6530792676298262,77135577.99395171,761,S5_twin_shock_imf_bailout,eurozone,USDC
566,0.689262367335516,75207188.54410292,761,S5_twin_shock_imf_bailout,eurozone,USDC
567,0.7309964378414116,73327008.83050035,761,S5_twin_shock_imf_bailout,eurozone,USDC
568,0.7170998564631643,71493833.60973784,761,S5_twin_shock_imf_bailout,eurozone,USDC
569,0.7270176398082087,69706487.76949438,761,S5_twin_shock_imf_bailout,eurozone,USDC
570,0.730672190226733,67963825.57525703,761,S5_twin_shock_imf_bailout,eurozone,USDC
571,0.721088135317059,66264729.93587561,761,S5_twin_shock_imf_bailout,eurozone,USDC
572,0.7027165629179765,64608111.68747872,761,S5_twin_shock_imf_bailout,eurozone,USDC
573,0.7293195490109997,62992908.895291746,761,S5_twin_shock_imf_bailout,eurozone,USDC
574,0.7340457103284375,61418086.17290945,761,S5_twin_shock_imf_bailout,eurozone,USDC
575,0.7589108651800355,59882634.01858672,761,S5_twin_shock_imf_bailout,eurozone,USDC
576,0.7666513204972831,58385568.16812205,761,S5_twin_shock_imf_bailout,eurozone,USDC
577,0.7696797047764655,56925928.963919,761,S5_twin_shock_imf_bailout,eurozone,USDC
578,0.7617512145343972,55502780.73982102,761,S5_twin_shock_imf_bailout,eurozone,USDC
579,0.7682375413494081,54115211.2213255,761,S5_twin_shock_imf_bailout,eurozone,USDC
580,0.7576718016321546,52762330.94079237,761,S5_twin_shock_imf_bailout,eurozone,USDC
581,0.7635774848759029,51443272.66727255,761,S5_twin_shock_imf_bailout,eurozone,USDC
582,0.7552714443900141,50157190.850590736,761,S5_twin_shock_imf_bailout,eurozone,USDC
583,0.7802502572518657,48903261.079325974,761,S5_twin_shock_imf_bailout,eurozone,USDC
584,0.8115728793651112,47680679.55234282,761,S5_twin_shock_imf_bailout,eurozone,USDC
585,0.822111908658582,46488662.56353425,761,S5_twin_shock_imf_bailout,eurozone,USDC
586,0.8023134000619705,45326445.99944589,761,S5_twin_shock_imf_bailout,eurozone,USDC
587,0.8052621079168572,44193284.849459745,761,S5_twin_shock_imf_bailout,eurozone,USDC
588,0.8137458396077881,43088452.72822325,761,S5_twin_shock_imf_bailout,eurozone,USDC
589,0.8231401110352767,42011241.41001767,761,S5_twin_shock_imf_bailout,eurozone,USDC
590,0.8120139726686508,40960960.37476723,761,S5_twin_shock_imf_bailout,eurozone,USDC
591,0.7697591663656395,39936936.36539805,761,S5_twin_shock_imf_bailout,eurozone,USDC
592,0.7596445109055167,38938512.956263095,761,S5_twin_shock_imf_bailout,eurozone,USDC
593,0.7731720019505889,37965050.132356524,761,S5_twin_shock_imf_bailout,eurozone,USDC
594,0.7875869953040059,37015923.87904761,761,S5_twin_shock_imf_bailout,eurozone,USDC
595,0.7937067485053039,36090525.78207142,761,S5_twin_shock_imf_bailout,eurozone,USDC
596,0.7867308288350934,35188262.637519635,761,S5_twin_shock_imf_bailout,eurozone,USDC
597,0.7613587475702102,34308556.07158164,761,S5_twin_shock_imf_bailout,eurozone,USDC
598,0.7487361269399565,33450842.169792105,761,S5_twin_shock_imf_bailout,eurozone,USDC
599,0.727653223411663,32614571.1155473,761,S5_twin_shock_imf_bailout,eurozone,USDC
600,0.7347656370253903,31799206.837658618,761,S5_twin_shock_imf_bailout,eurozone,USDC
601,0.7568789498311724,31004226.666717153,761,S5_twin_shock_imf_bailout,eurozone,USDC
602,0.7650887381187771,30229121.000049222,761,S5_twin_shock_imf_bailout,eurozone,USDC
603,0.7790955862876053,29473392.97504799,761,S5_twin_shock_imf_bailout,eurozone,USDC
604,0.7661463739822065,28736558.150671795,761,S5_twin_shock_imf_bailout,eurozone,USDC
605,0.7706289556949798,28018144.196905,761,S5_twin_shock_imf_bailout,eurozone,USDC
606,0.7896626520248098,27317690.591982372,761,S5_twin_shock_imf_bailout,eurozone,USDC
607,0.8002955443328386,26634748.327182814,761,S5_twin_shock_imf_bailout,eurozone,USDC
608,0.790130656206264,25968879.619003244,761,S5_twin_shock_imf_bailout,eurozone,USDC
609,0.7587835213861372,25319657.628528163,761,S5_twin_shock_imf_bailout,eurozone,USDC
610,0.7661665275912265,24686666.18781496,761,S5_twin_shock_imf_bailout,eurozone,USDC
611,0.7804670502536557,24069499.53311958,761,S5_twin_shock_imf_bailout,eurozone,USDC
612,0.778674218367114,23467762.04479159,761,S5_twin_shock_imf_bailout,eurozone,USDC
613,0.7523350825803687,22881067.993671805,761,S5_twin_shock_imf_bailout,eurozone,USDC
614,0.7466174952692592,22309041.293830007,761,S5_twin_shock_imf_bailout,eurozone,USDC
615,0.7469219983184047,21751315.261484258,761,S5_twin_shock_imf_bailout,eurozone,USDC
616,0.7692962956739325,21207532.379947152,761,S5_twin_shock_imf_bailout,eurozone,USDC
617,0.7633981864347,20677344.070448473,761,S5_twin_shock_imf_bailout,eurozone,USDC
618,0.7644144006594139,20160410.468687262,761,S5_twin_shock_imf_bailout,eurozone,USDC
619,0.7670182592292772,19656400.20697008,761,S5_twin_shock_imf_bailout,eurozone,USDC
620,0.7636972427766635,19164990.201795828,761,S5_twin_shock_imf_bailout,eurozone,USDC
621,0.7805837021076261,18685865.44675093,761,S5_twin_shock_imf_bailout,eurozone,USDC
622,0.7793784410103924,18218718.81058216,761,S5_twin_shock_imf_bailout,eurozone,USDC
623,0.8008562341721008,17763250.840317607,761,S5_twin_shock_imf_bailout,eurozone,USDC
624,0.804222517445474,17319169.569309667,761,S5_twin_shock_imf_bailout,eurozone,USDC
625,0.8279015299699849,16886190.330076925,761,S5_twin_shock_imf_bailout,eurozone,USDC
626,0.8287145768889255,16464035.571825001,761,S5_twin_shock_imf_bailout,eurozone,USDC
627,0.8328368404417668,16052434.682529379,761,S5_twin_shock_imf_bailout,eurozone,USDC
628,0.8337143128164894,15651123.815466143,761,S5_twin_shock_imf_bailout,eurozone,USDC
629,0.847414645935572,15259845.720079489,761,S5_twin_shock_imf_bailout,eurozone,USDC
630,0.8269639731793718,14878349.5770775,761,S5_twin_shock_imf_bailout,eurozone,USDC
631,0.8184840098583459,14506390.837650564,761,S5_twin_shock_imf_bailout,eurozone,USDC
632,0.8319142438891455,14143731.066709299,761,S5_twin_shock_imf_bailout,eurozone,USDC
633,0.8100891364807314,13790137.790041566,761,S5_twin_shock_imf_bailout,eurozone,USDC
634,0.8142514720728901,13445384.345290527,761,S5_twin_shock_imf_bailout,eurozone,USDC
635,0.8285472239305482,13109249.736658264,761,S5_twin_shock_imf_bailout,eurozone,USDC
636,0.7927131087698321,12781518.493241807,761,S5_twin_shock_imf_bailout,eurozone,USDC
637,0.8084486138000235,12461980.53091076,761,S5_twin_shock_imf_bailout,eurozone,USDC
638,0.8073267257638115,12150431.017637992,761,S5_twin_shock_imf_bailout,eurozone,USDC
639,0.807785536400504,11846670.242197042,761,S5_twin_shock_imf_bailout,eurozone,USDC
640,0.8146567766335671,11550503.486142116,761,S5_twin_shock_imf_bailout,eurozone,USDC
641,0.7984029450264635,11261740.898988562,761,S5_twin_shock_imf_bailout,eurozone,USDC
642,0.7883622104916963,10980197.37651385,761,S5_twin_shock_imf_bailout,eurozone,USDC
643,0.7910789829725178,10705692.442101002,761,S5_twin_shock_imf_bailout,eurozone,USDC
644,0.783927537226365,10438050.131048476,761,S5_twin_shock_imf_bailout,eurozone,USDC
645,0.7842114422996639,10177098.877772264,761,S5_twin_shock_imf_bailout,eurozone,USDC
646,0.7935871139631965,9922671.405827958,761,S5_twin_shock_imf_bailout,eurozone,USDC
647,0.784356920119564,9674604.62068226,761,S5_twin_shock_imf_bailout,eurozone,USDC
648,0.7855088324266414,9432739.505165203,761,S5_twin_shock_imf_bailout,eurozone,USDC
649,0.7962839137992109,9196921.017536072,761,S5_twin_shock_imf_bailout,eurozone,USDC
650,0.8101643399536868,8966997.99209767,761,S5_twin_shock_imf_bailout,eurozone,USDC
651,0.8041520700722016,8742823.042295229,761,S5_twin_shock_imf_bailout,eurozone,USDC
652,0.7916194427084011,8524252.466237849,761,S5_twin_shock_imf_bailout,eurozone,USDC
653,0.7994224383797774,8311146.154581903,761,S5_twin_shock_imf_bailout,eurozone,USDC
654,0.7973690946850307,8103367.500717355,761,S5_twin_shock_imf_bailout,eurozone,USDC
655,0.8026127291104617,7900783.313199421,761,S5_twin_shock_imf_bailout,eurozone,USDC
656,0.8052692105631112,7703263.730369436,761,S5_twin_shock_imf_bailout,eurozone,USDC
657,0.806097940079886,7510682.137110198,761,S5_twin_shock_imf_bailout,eurozone,USDC
658,0.7801521932008014,7322915.083682444,761,S5_twin_shock_imf_bailout,eurozone,USDC
659,0.7620913238480505,7139842.206590382,761,S5_twin_shock_imf_bailout,eurozone,USDC
660,0.7790359730266737,6961346.151425623,761,S5_twin_shock_imf_bailout,eurozone,USDC
661,0.7888868209454453,6787312.497639983,761,S5_twin_shock_imf_bailout,eurozone,USDC
662,0.7892710523604712,6617629.685198983,761,S5_twin_shock_imf_bailout,eurozone,USDC
663,0.8006435206816948,6452188.943069009,761,S5_twin_shock_imf_bailout,eurozone,USDC
664,0.8093487111955817,6290884.219492284,761,S5_twin_shock_imf_bailout,eurozone,USDC
665,0.8205743914895215,6133612.114004977,761,S5_twin_shock_imf_bailout,eurozone,USDC
666,0.8063430353106705,5980271.811154853,761,S5_twin_shock_imf_bailout,eurozone,USDC
667,0.8158811292647529,5830765.01587598,761,S5_twin_shock_imf_bailout,eurozone,USDC
668,0.7907932554943621,5684995.890479081,761,S5_twin_shock_imf_bailout,eurozone,USDC
669,0.7697247220376816,5542870.993217105,761,S5_twin_shock_imf_bailout,eurozone,USDC
670,0.7689970576619566,5404299.218386677,761,S5_twin_shock_imf_bailout,eurozone,USDC
671,0.7796287686683584,5269191.73792701,761,S5_twin_shock_imf_bailout,eurozone,USDC
672,0.7606940943439802,5137461.944478835,761,S5_twin_shock_imf_bailout,eurozone,USDC
673,0.7719554325973011,5009025.395866863,761,S5_twin_shock_imf_bailout,eurozone,USDC
674,0.7826595317351928,4883799.760970192,761,S5_twin_shock_imf_bailout,eurozone,USDC
675,0.7940413247429876,4761704.766945938,761,S5_twin_shock_imf_bailout,eurozone,USDC
676,0.7778829969111788,4642662.147772289,761,S5_twin_shock_imf_bailout,eurozone,USDC
677,0.6719217192475613,4526595.594077982,761,S5_twin_shock_imf_bailout,eurozone,USDC
678,0.6778332196009303,4413430.704226032,761,S5_twin_shock_imf_bailout,eurozone,USDC
679,0.6912455530840935,4303094.936620381,761,S5_twin_shock_imf_bailout,eurozone,USDC
680,0.7189368294729621,4195517.5632048715,761,S5_twin_shock_imf_bailout,eurozone,USDC
681,0.7189714944675268,4090629.6241247496,761,S5_twin_shock_imf_bailout,eurozone,USDC
682,0.7220512163040264,3988363.8835216314,761,S5_twin_shock_imf_bailout,eurozone,USDC
683,0.7362772167551019,3888654.7864335906,761,S5_twin_shock_imf_bailout,eurozone,USDC
684,0.7470032123416841,3791438.41677275,761,S5_twin_shock_imf_bailout,eurozone,USDC
685,0.7446473670314802,3696652.4563534316,761,S5_twin_shock_imf_bailout,eurozone,USDC
686,0.7619338968415568,3604236.144944596,761,S5_twin_shock_imf_bailout,eurozone,USDC
687,0.7600763550852382,3514130.2413209816,761,S5_twin_shock_imf_bailout,eurozone,USDC
688,0.7504706815562587,3426276.985287957,761,S5_twin_shock_imf_bailout,eurozone,USDC
689,0.7627837950807439,3340620.060655758,761,S5_twin_shock_imf_bailout,eurozone,USDC
690,0.7584165448170498,3257104.559139364,761,S5_twin_shock_imf_bailout,eurozone,USDC
691,0.7666152971330173,3175676.9451608798,761,S5_twin_shock_imf_bailout,eurozone,USDC
692,0.7318274198550586,3096285.0215318576,761,S5_twin_shock_imf_bailout,eurozone,USDC
693,0.7541856527657672,3018877.895993561,761,S5_twin_shock_imf_bailout,eurozone,USDC
694,0.7511063209482367,2943405.948593722,761,S5_twin_shock_imf_bailout,eurozone,USDC
695,0.7704888970353896,2869820.799878879,761,S5_twin_shock_imf_bailout,eurozone,USDC
696,0.7785618047113192,2798075.279881907,761,S5_twin_shock_imf_bailout,eurozone,USDC
697,0.7888796698908184,2728123.3978848597,761,S5_twin_shock_imf_bailout,eurozone,USDC
698,0.7804229606182549,2659920.312937738,761,S5_twin_shock_imf_bailout,eurozone,USDC
699,0.792066384921205,2593422.3051142944,761,S5_twin_shock_imf_bailout,eurozone,USDC
700,0.777154075533249,2528586.747486437,761,S5_twin_shock_imf_bailout,eurozone,USDC
701,0.7723623998872762,2465372.078799276,761,S5_twin_shock_imf_bailout,eurozone,USDC
702,0.7716662021794001,2403737.7768292944,761,S5_twin_shock_imf_bailout,eurozone,USDC
703,0.7561972221116293,2343644.3324085623,761,S5_twin_shock_imf_bailout,eurozone,USDC
704,0.7567811930822521,2285053.224098348,761,S5_twin_shock_imf_bailout,eurozone,USDC
705,0.7541309417741088,2227926.8934958894,761,S5_twin_shock_imf_bailout,eurozone,USDC
706,0.7699050979474971,2172228.7211584924,761,S5_twin_shock_imf_bailout,eurozone,USDC
707,0.7716476589959299,2117923.0031295298,761,S5_twin_shock_imf_bailout,eurozone,USDC
708,0.7870341814918926,2064974.928051292,761,S5_twin_shock_imf_bailout,eurozone,USDC
709,0.75829804896203,2013350.5548500093,761,S5_twin_shock_imf_bailout,eurozone,USDC
710,0.767885678469864,1963016.790978759,761,S5_twin_shock_imf_bailout,eurozone,USDC
711,0.7674559719575142,1913941.37120429,761,S5_twin_shock_imf_bailout,eurozone,USDC
712,0.7585911938714148,1866092.8369241827,761,S5_twin_shock_imf_bailout,eurozone,USDC
713,0.7651419338859329,1819440.5160010783,761,S5_twin_shock_imf_bailout,eurozone,USDC
714,0.7510170469180555,1773954.5031010513,761,S5_twin_shock_imf_bailout,eurozone,USDC
715,0.7511904173488012,1729605.640523525,761,S5_twin_shock_imf_bailout,eurozone,USDC
716,0.7866428093311014,1686365.4995104368,761,S5_twin_shock_imf_bailout,eurozone,USDC
717,0.7745216649140382,1644206.362022676,761,S5_twin_shock_imf_bailout,eurozone,USDC
718,0.7668482308699782,1603101.202972109,761,S5_twin_shock_imf_bailout,eurozone,USDC
719,0.761026440920099,1563023.6728978064,761,S5_twin_shock_imf_bailout,eurozone,USDC
720,0.7818572730117516,1523948.0810753612,761,S5_twin_shock_imf_bailout,eurozone,USDC
721,0.8135132162728659,1485849.3790484772,761,S5_twin_shock_imf_bailout,eurozone,USDC
722,0.8363347814155767,1448703.1445722652,761,S5_twin_shock_imf_bailout,eurozone,USDC
723,0.8343338156005056,1412485.5659579586,761,S5_twin_shock_imf_bailout,eurozone,USDC
724,0.821758451663277,1377173.4268090096,761,S5_twin_shock_imf_bailout,eurozone,USDC
725,0.8202131550385514,1342744.0911387843,761,S5_twin_shock_imf_bailout,eurozone,USDC
726,0.8001196471994638,1309175.488860315,761,S5_twin_shock_imf_bailout,eurozone,USDC
727,0.8118477661566157,1276446.101638807,761,S5_twin_shock_imf_bailout,eurozone,USDC
728,0.8228607732955685,1244534.9490978369,761,S5_twin_shock_imf_bailout,eurozone,USDC
729,0.8413681933424582,1213421.575370391,761,S5_twin_shock_imf_bailout,eurozone,USDC
730,0.8275639613823943,1183086.035986131,761,S5_twin_shock_imf_bailout,eurozone,USDC
731,0.8248748059755473,1153508.8850864777,761,S5_twin_shock_imf_bailout,eurozone,USDC
732,0.8305514828801962,1124671.1629593158,761,S5_twin_shock_imf_bailout,eurozone,USDC
733,0.840425992294934,1096554.383885333,761,S5_twin_shock_imf_bailout,eurozone,USDC
734,0.811906274893834,1069140.5242881996,761,S5_twin_shock_imf_bailout,eurozone,USDC
735,0.7486286630053482,1042412.0111809946,761,S5_twin_shock_imf_bailout,eurozone,USDC
736,0.7495013961284345,1016351.7109014697,761,S5_twin_shock_imf_bailout,eurozone,USDC
737,0.756027628124376,990942.9181289331,761,S5_twin_shock_imf_bailout,eurozone,USDC
738,0.7724194238131235,966169.3451757098,761,S5_twin_shock_imf_bailout,eurozone,USDC
739,0.7848867675317279,942015.111546317,761,S5_twin_shock_imf_bailout,eurozone,USDC
740,0.8230797032524169,918464.7337576591,761,S5_twin_shock_imf_bailout,eurozone,USDC
741,0.8171570845823775,895503.1154137176,761,S5_twin_shock_imf_bailout,eurozone,USDC
742,0.7953202218246865,873115.5375283745,761,S5_twin_shock_imf_bailout,eurozone,USDC
743,0.7717363061324877,851287.6490901653,761,S5_twin_shock_imf_bailout,eurozone,USDC
744,0.7506509793123384,830005.457862911,761,S5_twin_shock_imf_bailout,eurozone,USDC
745,0.7664284681100666,809255.3214163383,761,S5_twin_shock_imf_bailout,eurozone,USDC
746,0.7539134214308294,789023.9383809299,761,S5_twin_shock_imf_bailout,eurozone,USDC
747,0.7641764324891636,769298.3399214066,761,S5_twin_shock_imf_bailout,eurozone,USDC
748,0.766181552321687,750065.8814233714,761,S5_twin_shock_imf_bailout,eurozone,USDC
749,0.7498258039894761,731314.2343877871,761,S5_twin_shock_imf_bailout,eurozone,USDC
750,0.7429006064479559,713031.3785280925,761,S5_twin_shock_imf_bailout,eurozone,USDC
751,0.7438711741574427,695205.5940648902,761,S5_twin_shock_imf_bailout,eurozone,USDC
752,0.7409007742049946,677825.4542132679,761,S5_twin_shock_imf_bailout,eurozone,USDC
753,0.7518902085162891,660879.8178579361,761,S5_twin_shock_imf_bailout,eurozone,USDC
754,0.75033672347853,644357.8224114878,761,S5_twin_shock_imf_bailout,eurozone,USDC
755,0.7464617411124157,628248.8768512006,761,S5_twin_shock_imf_bailout,eurozone,USDC
756,0.7110851256530403,612542.6549299206,761,S5_twin_shock_imf_bailout,eurozone,USDC
757,0.6156322186992559,597229.0885566726,761,S5_twin_shock_imf_bailout,eurozone,USDC
758,0.6339519265392662,582298.3613427558,761,S5_twin_shock_imf_bailout,eurozone,USDC
759,0.6401939678086971,567740.9023091869,761,S5_twin_shock_imf_bailout,eurozone,USDC
760,0.6662733093231671,553547.3797514571,761,S5_twin_shock_imf_bailout,eurozone,USDC
761,0.6671499863474739,539708.6952576708,761,S5_twin_shock_imf_bailout,eurozone,USDC
762,0.668847186697681,526215.977876229,761,S5_twin_shock_imf_bailout,eurozone,USDC
763,0.6763229899011357,513060.5784293233,761,S5_twin_shock_imf_bailout,eurozone,USDC
764,0.6703380267475583,500234.06396859017,761,S5_twin_shock_imf_bailout,eurozone,USDC
765,0.682734642479282,487728.2123693754,761,S5_twin_shock_imf_bailout,eurozone,USDC
766,0.7008702048727579,475535.00706014107,761,S5_twin_shock_imf_bailout,eurozone,USDC
767,0.7239658569830505,463646.6318836375,761,S5_twin_shock_imf_bailout,eurozone,USDC
768,0.7541445963452625,452055.46608654654,761,S5_twin_shock_imf_bailout,eurozone,USDC
769,0.7642472073882417,440754.07943438296,761,S5_twin_shock_imf_bailout,eurozone,USDC
770,0.7835733972909019,429735.22744852334,761,S5_twin_shock_imf_bailout,eurozone,USDC
771,0.7560210567759463,418991.84676231025,761,S5_twin_shock_imf_bailout,eurozone,USDC
772,0.7671955357414977,408517.0505932525,761,S5_twin_shock_imf_bailout,eurozone,USDC
773,0.7635632100776232,398304.1243284212,761,S5_twin_shock_imf_bailout,eurozone,USDC
774,0.7331191390785807,388346.52122021065,761,S5_twin_shock_imf_bailout,eurozone,USDC
775,0.7353620987144387,378637.8581897054,761,S5_twin_shock_imf_bailout,eurozone,USDC
776,0.7382607075575133,369171.9117349627,761,S5_twin_shock_imf_bailout,eurozone,USDC
777,0.7522902845537922,359942.6139415887,761,S5_twin_shock_imf_bailout,eurozone,USDC
778,0.7657954588577685,350944.04859304894,761,S5_twin_shock_imf_bailout,eurozone,USDC
779,0.7765374501538647,342170.4473782227,761,S5_twin_shock_imf_bailout,eurozone,USDC
780,0.7819431223902844,333616.1861937671,761,S5_twin_shock_imf_bailout,eurozone,USDC
781,0.7916125890421424,325275.781538923,761,S5_twin_shock_imf_bailout,eurozone,USDC
782,0.7843729839723425,317143.88700044993,761,S5_twin_shock_imf_bailout,eurozone,USDC
783,0.7635663730514792,309215.28982543864,761,S5_twin_shock_imf_bailout,eurozone,USDC
784,0.7643635158288881,301484.9075798027,761,S5_twin_shock_imf_bailout,eurozone,USDC
785,0.781048839690559,293947.7848903076,761,S5_twin_shock_imf_bailout,eurozone,USDC
786,0.7738511047216692,286599.0902680499,761,S5_twin_shock_imf_bailout,eurozone,USDC
787,0.7738638922847151,279434.11301134864,761,S5_twin_shock_imf_bailout,eurozone,USDC
788,0.7699303628222943,272448.260186065,761,S5_twin_shock_imf_bailout,eurozone,USDC
789,0.8196048372754929,265637.05368141335,761,S5_twin_shock_imf_bailout,eurozone,USDC
790,0.8078597134699689,258996.127339378,761,S5_twin_shock_imf_bailout,eurozone,USDC
791,0.7953419414900724,252521.22415589355,761,S5_twin_shock_imf_bailout,eurozone,USDC
792,0.812912782876058,246208.1935519962,761,S5_twin_shock_imf_bailout,eurozone,USDC
793,0.8065958134577227,240052.9887131963,761,S5_twin_shock_imf_bailout,eurozone,USDC
794,0.8267882449597348,234051.66399536637,761,S5_twin_shock_imf_bailout,eurozone,USDC
795,0.8346130807437528,228200.37239548223,761,S5_twin_shock_imf_bailout,eurozone,USDC
796,0.8004425042135499,222495.3630855952,761,S5_twin_shock_imf_bailout,eurozone,USDC
797,0.8011617372122879,216932.9790084553,761,S5_twin_shock_imf_bailout,eurozone,USDC
798,0.7887631298750093,211509.65453324394,761,S5_twin_shock_imf_bailout,eurozone,USDC
799,0.8088367920376804,206221.91316991282,761,S5_twin_shock_imf_bailout,eurozone,USDC
800,0.8059293894790002,201066.365340665,761,S5_twin_shock_imf_bailout,eurozone,USDC
801,0.7916002135072646,196039.70620714838,761,S5_twin_shock_imf_bailout,eurozone,USDC
802,0.7889653182719473,191138.71355196967,761,S5_twin_shock_imf_bailout,eurozone,USDC
803,0.7814803260102696,186360.24571317044,761,S5_twin_shock_imf_bailout,eurozone,USDC
804,0.7880530083272994,181701.23957034116,761,S5_twin_shock_imf_bailout,eurozone,USDC
805,0.7762632992054462,177158.70858108264,761,S5_twin_shock_imf_bailout,eurozone,USDC
806,0.7573975294826922,172729.74086655557,761,S5_twin_shock_imf_bailout,eurozone,USDC
807,0.7545115679849217,168411.4973448917,761,S5_twin_shock_imf_bailout,eurozone,USDC
808,0.7726495810366245,164201.2099112694,761,S5_twin_shock_imf_bailout,eurozone,USDC
809,0.7924086915122419,160096.17966348765,761,S5_twin_shock_imf_bailout,eurozone,USDC
810,0.7842621962717269,156093.77517190046,761,S5_twin_shock_imf_bailout,eurozone,USDC
811,0.7870270177833192,152191.43079260294,761,S5_twin_shock_imf_bailout,eurozone,USDC
812,0.7724713175824459,148386.64502278788,761,S5_twin_shock_imf_bailout,eurozone,USDC
813,0.6569059724604984,144676.97889721819,761,S5_twin_shock_imf_bailout,eurozone,USDC
814,0.6783860036246713,141060.05442478773,761,S5_twin_shock_imf_bailout,eurozone,USDC
815,0.6894130892582304,137533.55306416805,761,S5_twin_shock_imf_bailout,eurozone,USDC
816,0.6995961430863289,134095.21423756384,761,S5_twin_shock_imf_bailout,eurozone,USDC
817,0.7141248711199102,130742.83388162474,761,S5_twin_shock_imf_bailout,eurozone,USDC
818,0.7361631833487496,127474.26303458412,761,S5_twin_shock_imf_bailout,eurozone,USDC
819,0.749332725094992,124287.40645871952,761,S5_twin_shock_imf_bailout,eurozone,USDC
820,0.7539046622869674,121180.22129725153,761,S5_twin_shock_imf_bailout,eurozone,USDC
821,0.7493441606167346,118150.71576482023,761,S5_twin_shock_imf_bailout,eurozone,USDC
822,0.7371291057249909,115196.94787069973,761,S5_twin_shock_imf_bailout,eurozone,USDC
823,0.7285185380743215,112317.02417393224,761,S5_twin_shock_imf_bailout,eurozone,USDC
824,0.7244757715781069,109509.09856958395,761,S5_twin_shock_imf_bailout,eurozone,USDC
825,0.7196281593357424,106771.37110534435,761,S5_twin_shock_imf_bailout,eurozone,USDC
826,0.747395576341315,104102.08682771074,761,S5_twin_shock_imf_bailout,eurozone,USDC
827,0.7509166294365497,101499.53465701798,761,S5_twin_shock_imf_bailout,eurozone,USDC
828,0.7615114833614381,98962.04629059252,761,S5_twin_shock_imf_bailout,eurozone,USDC
829,0.7705355229082531,96487.99513332771,761,S5_twin_shock_imf_bailout,eurozone,USDC
830,0.771000647393898,94075.79525499452,761,S5_twin_shock_imf_bailout,eurozone,USDC
831,0.7841835626576544,91723.90037361966,761,S5_twin_shock_imf_bailout,eurozone,USDC
832,0.7715319103814482,89430.80286427916,761,S5_twin_shock_imf_bailout,eurozone,USDC
833,0.782134190968382,87195.0327926722,761,S5_twin_shock_imf_bailout,eurozone,USDC
834,0.7890479967639364,85015.15697285539,761,S5_twin_shock_imf_bailout,eurozone,USDC
835,0.8149788086465085,82889.778048534,761,S5_twin_shock_imf_bailout,eurozone,USDC
836,0.8083737276374809,80817.53359732065,761,S5_twin_shock_imf_bailout,eurozone,USDC
837,0.8375469755592628,78797.09525738763,761,S5_twin_shock_imf_bailout,eurozone,USDC
838,0.8501050082255657,76827.16787595293,761,S5_twin_shock_imf_bailout,eurozone,USDC
839,0.8670481529809458,74906.4886790541,761,S5_twin_shock_imf_bailout,eurozone,USDC
840,0.8398348635556068,73033.82646207776,761,S5_twin_shock_imf_bailout,eurozone,USDC
841,0.8591515446870608,71207.98080052581,761,S5_twin_shock_imf_bailout,eurozone,USDC
842,0.8356796489567025,69427.78128051267,761,S5_twin_shock_imf_bailout,eurozone,USDC
843,0.812266649048854,67692.08674849986,761,S5_twin_shock_imf_bailout,eurozone,USDC
844,0.8114511554564017,65999.78457978736,761,S5_twin_shock_imf_bailout,eurozone,USDC
845,0.8223003043088577,64349.789965292686,761,S5_twin_shock_imf_bailout,eurozone,USDC
846,0.8182376143106334,62741.04521616036,761,S5_twin_shock_imf_bailout,eurozone,USDC
847,0.8045120496988145,61172.51908575636,761,S5_twin_shock_imf_bailout,eurozone,USDC
848,0.8116205964664718,59643.206108612445,761,S5_twin_shock_imf_bailout,eurozone,USDC
849,0.7991713020340737,58152.125955897136,761,S5_twin_shock_imf_bailout,eurozone,USDC
850,0.8050715612205297,56698.32280699971,761,S5_twin_shock_imf_bailout,eurozone,USDC
851,0.7916158580722724,55280.86473682472,761,S5_twin_shock_imf_bailout,eurozone,USDC
852,0.8015536341307711,53898.843118404104,761,S5_twin_shock_imf_bailout,eurozone,USDC
853,0.7896132175340923,52551.372040443996,761,S5_twin_shock_imf_bailout,eurozone,USDC
854,0.8111291584060727,51237.58773943289,761,S5_twin_shock_imf_bailout,eurozone,USDC
855,0.8509455781726263,49956.64804594708,761,S5_twin_shock_imf_bailout,eurozone,USDC
856,0.8571284725411444,48707.7318447984,761,S5_twin_shock_imf_bailout,eurozone,USDC
857,0.8617632822038028,47490.038548678436,761,S5_twin_shock_imf_bailout,eurozone,USDC
858,0.8513960622041356,46302.78758496148,761,S5_twin_shock_imf_bailout,eurozone,USDC
859,0.8218050165821312,45145.21789533744,761,S5_twin_shock_imf_bailout,eurozone,USDC
860,0.8121249217688351,44016.58744795401,761,S5_twin_shock_imf_bailout,eurozone,USDC
861,0.8219171010863472,42916.17276175515,761,S5_twin_shock_imf_bailout,eurozone,USDC
862,0.8285249770486531,41843.268442711276,761,S5_twin_shock_imf_bailout,eurozone,USDC
863,0.8373474055008794,40797.186731643495,761,S5_twin_shock_imf_bailout,eurozone,USDC
864,0.8526608862366439,39777.2570633524,761,S5_twin_shock_imf_bailout,eurozone,USDC
865,0.8542735755942017,38782.8256367686,761,S5_twin_shock_imf_bailout,eurozone,USDC
866,0.8286839729569216,37813.25499584938,761,S5_twin_shock_imf_bailout,eurozone,USDC
867,0.8014856834387515,36867.92362095314,761,S5_twin_shock_imf_bailout,eurozone,USDC
868,0.8126830050505649,35946.225530429314,761,S5_twin_shock_imf_bailout,eurozone,USDC
869,0.8223320919719713,35047.569892168576,761,S5_twin_shock_imf_bailout,eurozone,USDC
870,0.8235379260255913,34171.38064486436,761,S5_twin_shock_imf_bailout,eurozone,USDC
871,0.8185176617030232,33317.09612874275,761,S5_twin_shock_imf_bailout,eurozone,USDC
872,0.8215780350808555,32484.168725524185,761,S5_twin_shock_imf_bailout,eurozone,USDC
873,0.805395754182382,31672.06450738608,761,S5_twin_shock_imf_bailout,eurozone,USDC
874,0.7900575510630594,30880.262894701427,761,S5_twin_shock_imf_bailout,eurozone,USDC
875,0.7893478879085369,30108.25632233389,761,S5_twin_shock_imf_bailout,eurozone,USDC
876,0.7645704649131138,29355.549914275543,761,S5_twin_shock_imf_bailout,eurozone,USDC
877,0.7645264134412734,28621.661166418657,761,S5_twin_shock_imf_bailout,eurozone,USDC
878,0.7696412071128419,27906.11963725819,761,S5_twin_shock_imf_bailout,eurozone,USDC
879,0.7931533309935626,27208.466646326735,761,S5_twin_shock_imf_bailout,eurozone,USDC
880,0.8030666989517551,26528.254980168564,761,S5_twin_shock_imf_bailout,eurozone,USDC
881,0.8117828116581044,25865.04860566435,761,S5_twin_shock_imf_bailout,eurozone,USDC
882,0.8035470960612344,25218.42239052274,761,S5_twin_shock_imf_bailout,eurozone,USDC
883,0.7994315877409283,24587.961830759676,761,S5_twin_shock_imf_bailout,eurozone,USDC
884,0.7831780760933489,23973.262784990682,761,S5_twin_shock_imf_bailout,eurozone,USDC
885,0.7809330563734669,23373.931215365912,761,S5_twin_shock_imf_bailout,eurozone,USDC
886,0.7964860301732366,22789.582934981765,761,S5_twin_shock_imf_bailout,eurozone,USDC
887,0.8071043351925824,22219.84336160722,761,S5_twin_shock_imf_bailout,eurozone,USDC
888,0.814628084967913,21664.34727756704,761,S5_twin_shock_imf_bailout,eurozone,USDC
889,0.7996472659728883,21122.738595627867,761,S5_twin_shock_imf_bailout,eurozone,USDC
890,0.7874847153178361,20594.67013073717,761,S5_twin_shock_imf_bailout,eurozone,USDC
891,0.7891970730693539,20079.80337746874,761,S5_twin_shock_imf_bailout,eurozone,USDC
892,0.7928965902686157,19577.80829303202,761,S5_twin_shock_imf_bailout,eurozone,USDC
893,0.7950276913222032,19088.36308570622,761,S5_twin_shock_imf_bailout,eurozone,USDC
894,0.7768375906467813,18611.154008563564,761,S5_twin_shock_imf_bailout,eurozone,USDC
895,0.7898020718018697,18145.875158349474,761,S5_twin_shock_imf_bailout,eurozone,USDC
896,0.7930687346525273,17692.228279390736,761,S5_twin_shock_imf_bailout,eurozone,USDC
897,0.7706350653284294,17249.92257240597,761,S5_twin_shock_imf_bailout,eurozone,USDC
898,0.7780985925239747,16818.67450809582,761,S5_twin_shock_imf_bailout,eurozone,USDC
899,0.7628040704202498,16398.207645393424,761,S5_twin_shock_imf_bailout,eurozone,USDC
900,0.7636334104331999,15988.252454258589,761,S5_twin_shock_imf_bailout,eurozone,USDC
901,0.7811527020979923,15588.546142902123,761,S5_twin_shock_imf_bailout,eurozone,USDC
902,0.7924005485836922,15198.832489329572,761,S5_twin_shock_imf_bailout,eurozone,USDC
903,0.7757358640856412,14818.86167709633,761,S5_twin_shock_imf_bailout,eurozone,USDC
904,0.7680717463076567,14448.390135168924,761,S5_twin_shock_imf_bailout,eurozone,USDC
905,0.7771534062582793,14087.180381789698,761,S5_twin_shock_imf_bailout,eurozone,USDC
906,0.7889147917525684,13735.000872244957,761,S5_twin_shock_imf_bailout,eurozone,USDC
907,0.7916931658450153,13391.625850438833,761,S5_twin_shock_imf_bailout,eurozone,USDC
908,0.7746488569234262,13056.835204177863,761,S5_twin_shock_imf_bailout,eurozone,USDC
909,0.7552597479528692,12730.414324073416,761,S5_twin_shock_imf_bailout,eurozone,USDC
910,0.772274929152173,12412.15396597158,761,S5_twin_shock_imf_bailout,eurozone,USDC
911,0.8058748882598629,12101.85011682229,761,S5_twin_shock_imf_bailout,eurozone,USDC
912,0.8063766915039605,11799.303863901734,761,S5_twin_shock_imf_bailout,eurozone,USDC
913,0.7953176311775363,11504.32126730419,761,S5_twin_shock_imf_bailout,eurozone,USDC
914,0.7943376270465595,11216.713235621586,761,S5_twin_shock_imf_bailout,eurozone,USDC
915,0.8006094470320833,10936.295404731045,761,S5_twin_shock_imf_bailout,eurozone,USDC
916,0.7852651337786256,10662.88801961277,761,S5_twin_shock_imf_bailout,eurozone,USDC
917,0.7910915576503005,10396.31581912245,761,S5_twin_shock_imf_bailout,eurozone,USDC
918,0.7879369161413471,10136.40792364439,761,S5_twin_shock_imf_bailout,eurozone,USDC
919,0.8011489119402854,9882.99772555328,761,S5_twin_shock_imf_bailout,eurozone,USDC
920,0.7784108281610328,9635.922782414447,761,S5_twin_shock_imf_bailout,eurozone,USDC
921,0.780429804025062,9395.024712854087,761,S5_twin_shock_imf_bailout,eurozone,USDC
922,0.7857233166152225,9160.149095032735,761,S5_twin_shock_imf_bailout,eurozone,USDC
923,0.7855542341589302,8931.145367656916,761,S5_twin_shock_imf_bailout,eurozone,USDC
924,0.8025587981069926,8707.866733465493,761,S5_twin_shock_imf_bailout,eurozone,USDC
925,0.8122488212991804,8490.170065128856,761,S5_twin_shock_imf_bailout,eurozone,USDC
926,0.8159331574712645,8277.915813500635,761,S5_twin_shock_imf_bailout,eurozone,USDC
927,0.8326412691405526,8070.967918163119,761,S5_twin_shock_imf_bailout,eurozone,USDC
928,0.816979635493004,7869.193720209041,761,S5_twin_shock_imf_bailout,eurozone,USDC
929,0.8347008346900101,7672.463877203815,761,S5_twin_shock_imf_bailout,eurozone,USDC
930,0.8405398623384256,7480.652280273719,761,S5_twin_shock_imf_bailout,eurozone,USDC
931,0.8209616159109595,7293.635973266877,761,S5_twin_shock_imf_bailout,eurozone,USDC
932,0.8123833583530775,7111.295073935205,761,S5_twin_shock_imf_bailout,eurozone,USDC
933,0.8144100926406652,6933.512697086824,761,S5_twin_shock_imf_bailout,eurozone,USDC
934,0.82295794491498,6760.174879659655,761,S5_twin_shock_imf_bailout,eurozone,USDC
935,0.8298920213909052,6591.170507668163,761,S5_twin_shock_imf_bailout,eurozone,USDC
936,0.815516931933035,6426.391244976459,761,S5_twin_shock_imf_bailout,eurozone,USDC
937,0.8223521689464802,6265.731463852047,761,S5_twin_shock_imf_bailout,eurozone,USDC
938,0.8212762727834897,6109.088177255747,761,S5_twin_shock_imf_bailout,eurozone,USDC
939,0.8277256094545858,5956.360972824353,761,S5_twin_shock_imf_bailout,eurozone,USDC
940,0.8221845343303738,5807.451948503744,761,S5_twin_shock_imf_bailout,eurozone,USDC
941,0.814915824079027,5662.26564979115,761,S5_twin_shock_imf_bailout,eurozone,USDC
942,0.8274727967889518,5520.7090085463715,761,S5_twin_shock_imf_bailout,eurozone,USDC
943,0.8362618596276933,5382.691283332712,761,S5_twin_shock_imf_bailout,eurozone,USDC
944,0.8601467698044752,5248.1240012493945,761,S5_twin_shock_imf_bailout,eurozone,USDC
945,0.859237510830441,5116.92090121816,761,S5_twin_shock_imf_bailout,eurozone,USDC
946,0.8599553869600338,4988.997878687705,761,S5_twin_shock_imf_bailout,eurozone,USDC
947,0.820031518191091,4864.272931720514,761,S5_twin_shock_imf_bailout,eurozone,USDC
948,0.8015920328651317,4742.666108427501,761,S5_twin_shock_imf_bailout,eurozone,USDC
949,0.7952066974422312,4624.099455716813,761,S5_twin_shock_imf_bailout,eurozone,USDC
950,0.7965539003911021,4508.496969323893,761,S5_twin_shock_imf_bailout,eurozone,USDC
951,0.766768958865989,4395.784545090795,761,S5_twin_shock_imf_bailout,eurozone,USDC
952,0.77821217694299,4285.8899314635255,761,S5_twin_shock_imf_bailout,eurozone,USDC
953,0.7852303883929679,4178.742683176937,761,S5_twin_shock_imf_bailout,eurozone,USDC
954,0.7641218124125696,4074.274116097514,761,S5_twin_shock_imf_bailout,eurozone,USDC
955,0.7773707782639022,3972.417263195076,761,S5_twin_shock_imf_bailout,eurozone,USDC
956,0.7889199809057165,3873.106831615199,761,S5_twin_shock_imf_bailout,eurozone,USDC
957,0.782142641159562,3776.279160824819,761,S5_twin_shock_imf_bailout,eurozone,USDC
958,0.7918878935264793,3681.8721818041986,761,S5_twin_shock_imf_bailout,eurozone,USDC
959,0.8062828058015059,3589.8253772590933,761,S5_twin_shock_imf_bailout,eurozone,USDC
960,0.794248406567984,3500.0797428276164,761,S5_twin_shock_imf_bailout,eurozone,USDC
961,0.764472209460169,3412.577749256926,761,S5_twin_shock_imf_bailout,eurozone,USDC
962,0.7615705598678673,3327.263305525503,761,S5_twin_shock_imf_bailout,eurozone,USDC
963,0.7475913452143877,3244.0817228873657,761,S5_twin_shock_imf_bailout,eurozone,USDC
964,0.7715254525340708,3162.979679815181,761,S5_twin_shock_imf_bailout,eurozone,USDC
965,0.7853392383685394,3083.9051878198015,761,S5_twin_shock_imf_bailout,eurozone,USDC
966,0.7687291111836133,3006.8075581243065,761,S5_twin_shock_imf_bailout,eurozone,USDC
967,0.7401308320875852,2931.637369171199,761,S5_twin_shock_imf_bailout,eurozone,USDC
968,0.7436596406882711,2858.346434941919,761,S5_twin_shock_imf_bailout,eurozone,USDC
969,0.7382817156489653,2786.887774068371,761,S5_twin_shock_imf_bailout,eurozone,USDC
970,0.7287563228912849,2717.215579716662,761,S5_twin_shock_imf_bailout,eurozone,USDC
971,0.7121818373652633,2649.2851902237453,761,S5_twin_shock_imf_bailout,eurozone,USDC
972,0.7164018974044395,2583.0530604681517,761,S5_twin_shock_imf_bailout,eurozone,USDC
973,0.7420367819802606,2518.476733956448,761,S5_twin_shock_imf_bailout,eurozone,USDC
974,0.7709462004124883,2455.514815607537,761,S5_twin_shock_imf_bailout,eurozone,USDC
975,0.7951194585427678,2394.1269452173483,761,S5_twin_shock_imf_bailout,eurozone,USDC
976,0.7888848922236513,2334.2737715869143,761,S5_twin_shock_imf_bailout,eurozone,USDC
977,0.7778175485658346,2275.9169272972417,761,S5_twin_shock_imf_bailout,eurozone,USDC
978,0.7695134446764867,2219.0190041148107,761,S5_twin_shock_imf_bailout,eurozone,USDC
979,0.7492773307119449,2163.5435290119403,761,S5_twin_shock_imf_bailout,eurozone,USDC
980,0.7839890651733524,2109.4549407866416,761,S5_twin_shock_imf_bailout,eurozone,USDC
981,0.7951645807252595,2056.7185672669757,761,S5_twin_shock_imf_bailout,eurozone,USDC
982,0.8078863091643422,2005.3006030853012,761,S5_twin_shock_imf_bailout,eurozone,USDC
983,0.8189146036793667,1955.1680880081688,761,S5_twin_shock_imf_bailout,eurozone,USDC
984,0.8058008392855232,1906.288885807964,761,S5_twin_shock_imf_bailout,eurozone,USDC
985,0.801555871635643,1858.6316636627653,761,S5_twin_shock_imf_bailout,eurozone,USDC
986,0.8089261752385898,1812.1658720711962,761,S5_twin_shock_imf_bailout,eurozone,USDC
987,0.825263538018854,1766.8617252694162,761,S5_twin_shock_imf_bailout,eurozone,USDC
988,0.8306222295621795,1722.690182137681,761,S5_twin_shock_imf_bailout,eurozone,USDC
989,0.8589330990953243,1679.6229275842388,761,S5_twin_shock_imf_bailout,eurozone,USDC
990,0.8485075463727092,1637.6323543946328,761,S5_twin_shock_imf_bailout,eurozone,USDC
991,0.827637590521217,1596.691545534767,761,S5_twin_shock_imf_bailout,eurozone,USDC
992,0.8259134875681833,1556.7742568963981,761,S5_twin_shock_imf_bailout,eurozone,USDC
993,0.808675497097327,1517.854900473988,761,S5_twin_shock_imf_bailout,eurozone,USDC
994,0.8373925987974175,1479.9085279621381,761,S5_twin_shock_imf_bailout,eurozone,USDC
995,0.851658617334893,1442.9108147630848,761,S5_twin_shock_imf_bailout,eurozone,USDC
996,0.8353912053145008,1406.8380443940075,761,S5_twin_shock_imf_bailout,eurozone,USDC
997,0.848355002541304,1371.6670932841575,761,S5_twin_shock_imf_bailout,eurozone,USDC
998,0.830577852300374,1337.3754159520533,761,S5_twin_shock_imf_bailout,eurozone,USDC
999,0.8079163658849989,1303.9410305532522,761,S5_twin_shock_imf_bailout,eurozone,USDC
1000,0.7993984562125176,1271.3425047894207,761,S5_twin_shock_imf_bailout,eurozone,USDC
